0.4748044578373083
5.714818802342052
0.8106727560953004
9.03100185029325
4.147236555822019
0.07073600727017038
0.7995235759299248
12.713857031376392
0.1613831750364625
2.655217530656955
1.2501920775393955
8.140218965840177
1.4054781711965916
6.529431987866701
6.761821495354525
0.6320840044572833
1.7928997784038074
0.6768754624135909
2.815686668516719
0.08604733691026922
0.014480552948953118
0.6406846741811023
1.832414487216738
2.102980336465407
0.147810540140199
0.6140079507167684
0.6471378670248669
3.3315137679237523
0.24027633513469482
3.031577807458234
0.7186586348470883
1.9695799963956233
17.674666090904793
1.3232325255739852
17.63453569023841
0.11398753246612614
0.09165439467324177
7.208377007722447
4.228231979046541
0.48164386385906255
0.16638362291269004
0.5547923487101798
0.7447415233109496
1.4329884394901455
1.5827515587370726
0.4358383674334618
1.4222398281344795
1.1979406270038453
3.4138893593044486
0.5067624785078806
3.618286851022276
0.0868616257866961
1.8850796379556414
0.6437344451478566
1.3784187560886494
3.3908372910809703
3.0816231921489816
8.144551187710022
3.664234018731804
4.193721544652362
1.8143992653858732
5.056373917475867
3.1050117187332944
2.3137940543238074
3.4292231022263877
0.06973308626038488
1.726715254924784
4.990505104447948
3.7499176324054133
7.22013059391611
0.39214807873941027
5.073919531743741
0.21820540583576076
2.558024883743201
0.9794360131563735
0.0946509113709908
1.3602838592923945
3.8641121149848914
0.2649777863989584
0.7592957269880571
0.14200282897945726
1.0658168401496368
1.5652538369904505
0.7174471503749373
0.08575527738139499
1.324469242892519
2.3883484511097777
2.465838800322672
1.084140811683028
1.0076519040958374
1.1019932611234253
1.1685201924556168
8.816182906557515
7.891403068162617
3.7675327058823314
0.239782320917584
0.23139681412430946
0.3406733564552269
0.032321943413990084
1.918726697927923
6.370414505778172
0.08145589886407834
1.1403715460983221
0.2564304154002457
0.9701347897862433
8.518028945240076
0.31907705772755435
0.07644147059909301
0.6714780989932478
3.3378001091768965
0.43305003207933623
4.446195668358996
2.2328630965712364
5.5254599407926435
0.4162397445179522
0.12001994392630877
4.2530944370882935
12.020805287851545
3.55987998474302
0.3329886060091667
8.130254129631794
0.35332726876367815
7.483637336852553
1.2250277279745205
0.742724981813808
5.229618653931539
2.688261365845392
0.590893758679158
0.32381974177405937
0.4811038247644319
1.6015301699080737
1.200026567443274
2.4535057575267274
8.583417957452184
6.039530889625894
10.073458119368297
0.00529999312129803
0.7189130803672015
1.1606299720951938
5.87429818342207
0.11374582277494483
0.090241497833631
3.6116204727077275
1.669911480785231
0.01470135647105053
6.523624699904758
0.27503951005928684
6.024214204931923
13.582685668690829
0.025400754537258763
14.989252254723397
3.022572493449843
0.2636138584202854
2.55634287455905
5.772705440111167
0.6004844585550018
0.04057517248293152
1.0738239992715535
0.535736483099754
3.0778688100908767
0.2348471880031866
6.677088739030296
0.7199216497974703
2.20724802595214
3.943983966993983
1.8650940350344172
9.842541734687984
1.509086123056477
1.9866195421782322
0.3274583590682596
2.836567515267234
0.9521517395769479
1.7888726460296311
0.1738745081165689
4.178505764131842
2.0253307792008854
10.047971485299058
1.5658018026442733
6.415368496986048
0.00032104244746733457
1.7536377109936439
0.7483930698799668
0.8901879096883931
2.2930045218017767
0.23671600517991465
0.1976446385087911
1.926044681793428
2.365754302300047
0.6735277158659301
3.8124419049781864
2.566676302209089
0.6095397497192607
0.30717839685530635
1.5942197579788626
1.5268001231816015
0.44792735323426314
0.5899642491203849
2.6738150104429224
7.713340363436146
1.8754671695351135
4.417954090189596
5.697558579318866
3.497441019237158
0.11543520523264306
0.06886752376158256
2.838098855158023
1.035949626333604
0.22543406994373072
4.108237941807602
1.7588973372548935
0.4839000642168685
1.370151520051877
1.1745714197822963
1.7032247902388917
11.239115815464174
1.143228050234029
1.383970359544037
11.12149991633487
4.86116444770596
12.075581239754683
0.25637284006370464
0.3311531617582659
0.9756142558326246
1.2831523817003472
1.6693885658605723
6.386971931904554
0.572292636599741
17.465544450045854
1.6851183918697643
0.2639160739199724
0.957369739189744
0.31756649145972915
0.5665661121456651
0.34884209402662236
3.955296939566324
0.19682720150740352
5.731422766060859
0.005649135731800925
4.273731501765724
2.36873805540381
5.930698179843603
0.16130392624472734
1.1088975943275727
5.111717063562537
2.947830852746847
1.989276343221718
7.2977791075391
0.7333548068781965
0.331192642384849
9.737497511967376
0.39098590755747864
0.7219739656429738
4.937658329443366
1.084204485421651
2.9490550820701174
0.12371936926501803
1.255870569315448
0.990156669744465
4.304513917537406
5.048985070716299
0.5892192808605614
0.12959288577985717
3.214251083045383
4.141302757641824
0.21931527983542765
0.2751827548709116
0.4273024126086966
8.489887738665857
0.0656917421874823
1.8052667150259367
2.991517592658056
0.154740608712018
0.1553936326672556
2.801420880306978
2.225682825948752
0.43581627612002194
1.780515332815412
0.23287664080999093
0.9778720153190079
6.455940378342348
0.19871385596343316
2.5339400310767815
0.902886033152754
4.649353862296266
2.564452100508788
0.9772786932735471
2.0297893762690364
0.16517695692164125
0.5498914539348334
1.7128528553148499
1.0322356252581812
0.8373071005407837
0.6537912508865702
3.3270271613655495
1.741802560070937
7.051621410057123
1.2567314106345293
16.521411611814983
6.756648142611084
1.9277821498617413
0.29186805634526536
0.37824136708513834
1.0551067756896373
1.7548549176353845
4.490266918794077
3.3755427421201603
0.35271442910743644
0.2451323703644448
2.6591024005247164
0.02560005654959241
3.181112337842933
0.8397262747530476
1.5468162508914247
0.12587503133545397
0.3228870650855242
8.232800164274522
0.21598479691601824
0.12680642854684265
28.862780896561162
0.9229158202579129
5.149980978334497
1.6942367214724072
4.768295291491086
1.1851004385316628
0.42250574167701416
3.8849811927066185
11.044264744028624
1.1926810799341183
1.8715653319959529
0.7371828253744752
0.8705994485280826
12.485666355205467
1.3667705889019999
0.7408142210988444
0.11798426461609779
1.003705270086357
10.042379006532428
0.2559920305793639
0.08500711609667633
0.049180088921275456
1.842966674004856
1.232176076824544
4.411621664708946
0.9451278238557279
0.5306250059511513
0.6534805776682333
2.971039100193593
0.5622201724836486
0.41513707600097405
3.0365838564830483
1.9823087518889224
3.368483580510656
0.36262977178557776
0.25026880684890784
9.532339021578082
2.922262925938412
2.7601892201419105
0.01405936670198571
0.835011508257594
0.1845663169224281
10.003854024093016
0.506474306464952
0.7139704937653732
6.379994007045752
12.96125374793337
0.7527422977582319
0.34950038619717816
1.70106452282198
0.05803754373482661
0.7201400595877203
4.881501917836431
0.8604624303334276
4.654237604227092
2.7557099381738226
1.41067600241513
0.12044221719406778
0.5928632952272892
1.595961833896581
0.19732110376935452
0.9226882539005601
0.9819057455533766
0.2136175468986039
0.5979828854906373
0.30900817430665484
1.8805585115624126
4.911372382572154
0.515106659498997
0.8251609007129446
0.3301750197497313
0.1139581550960429
3.488743452777271
0.6849776600502082
0.40046306015574373
1.38778111206193
6.5786326506058685
0.5604731099447235
0.43265329900896177
2.0579117923552985
0.16521670312795322
0.1126831334331655
0.21378073911182582
5.13566639018245
4.613984999283275
0.2409170356550021
2.067223953657958
0.07663699299155269
0.20699806493212236
2.0158487827065983
0.6449628597765695
1.5101844816454104
7.554083581366285
0.21882326128979912
0.9687593166381703
0.6187033640453592
6.995714946198859
3.6213724110857584
0.5980811171612004
9.282394856469182
1.5996303998763324
5.481284904635686
5.7724780248099705
0.6656201800506096
12.6757186859395
0.3159495086147217
0.020381213318614755
1.1596581939811585
1.0401763207046315
0.9520668171753641
0.02735529111669166
0.42983693046699045
0.8432032005803194
2.0638433900821838
1.4112602598106605
0.14719682194117922
3.137254678287718
0.04610920177947264
9.119116196627147
1.1333309216643102
0.08196248160675168
2.7439670934400056
1.2479822759851231
0.17787782465165947
1.36027114999888
3.443593521413277
1.0934779732342577
0.29507156788167777
3.9557344478889718
8.930162618969916
2.5419724499151926
1.8522284154387307
0.29824544999428326
0.3166563397535356
1.477608297864208
2.273634021541511
2.6696223392063985
1.9230635792046087
2.7112583251146134
4.646830985388078
0.9768822422702215
0.08876128021074692
4.189894524301053
5.981879098624631
0.7304040463714045
0.4881681024635327
1.9408344647454214
0.18615800452971598
0.5400689430607599
1.6317805297730956
3.1832680796505883
0.6549614118994214
4.95744897302211
1.037142245542782
0.9892668799730018
1.5356988822022686
0.6003606803351431
2.069228752523486
1.4401273446783307
1.4248557348473696
2.0881294588471064
0.445046999695478
0.1995906081283465
0.7414068312064046
0.11260840567410924
1.746550491086964
2.4773677690754994
2.0927506524603814
2.697601767758897
0.2538638589394395
1.043494096637005
0.4748935727548087
0.9187926972372225
0.11495021633891156
1.0889332279548398
0.21097483981429832
0.017105450824601576
0.21516937470732955
0.6095717704665731
2.465196635508619
2.1507230977513245
1.1383818365138723
0.8026276235832484
2.5676273382123327
0.40194438940670807
4.87138677637995
2.2905385802077944
3.0451901979831746
3.8767185048855026
2.016606630932074
3.5477617633368936
0.545976392008015
0.28543781286862213
1.6793442837515613
5.016588780621532
0.46957181566540385
1.3339580106694484
14.401426844997332
1.3381014090409735
2.411393387352291
0.6841757551228511
0.49598093784879893
17.790566878320533
0.5201945784574491
11.973143127244839
1.413179322182259
1.1095198532711947
0.5375651998620015
1.0021265928298817
0.19869640189426718
0.2955198135532555
3.3805837745021563
0.21535741256229812
2.157746813747508
0.9026757959363749
0.0571340123860864
2.1288014341844246
1.5955924730369588
2.791257026772655
1.28136012518371
0.171562259842176
9.298882683055126
0.9741228466737084
1.1153038057964295
2.057236231972638
0.23470819769136142
0.03415547218901338
0.9562685310447705
0.2865473888159613
0.5982331782724941
0.8776185234382865
0.1529718023884925
3.639260766998632
0.23105564055003924
2.1801407288730843
0.4942091482298565
2.1753918171089026
0.6134794997706194
1.9875434508139733
0.04560020622011507
3.0708309682886465
5.7557832798338495
0.8788246653639362
8.84759219809348
0.48376887726044515
0.2802281297626905
0.3206220479987678
2.604495077779575
14.520396274681843
5.2801887697933125
1.5826206532947253
0.33607291568478104
2.6079666929872474
6.5614991138500045
0.9321515108895255
18.431740377905953
7.42911293439829
1.4135311897262
0.7052228448155802
1.1522069911879953
0.25813274065149017
0.09222800156567246
1.1904212903245934
0.9695456171102705
0.16538932725961786
2.646162227683817
0.7343384029954905
0.3633039703126997
0.4926906755863456
2.2712991288353805
2.4806837242649635
2.818703775672475
0.5940239263509284
0.20997341340989806
3.232263299272745
0.12186636666592676
0.7347203256867942
0.19281604276329745
1.426729702114244
9.561023150767141
1.0322471566032618
1.5790788708764012
5.732460605417145
0.2384822267194977
0.8550786221167073
1.3531224569596816
1.4567944211885333
0.003610381616454106
3.354256125545362
0.637011098820949
1.0066189079007017
0.44788555292325327
0.11149208719143644
1.2012296517859795
0.07901965318160364
0.07062254472839413
3.2680987965795794
0.018848682186217047
1.8683097287284909
0.7110644681379199
1.2012598045403138
7.2076059766695835
0.7541229863418266
0.42400126999564236
1.978911384489038
8.870579021466256
3.488970926620823
0.10798587744648103
0.7345808775862679
0.578206904065155
0.1123868839640636
6.281746802676935
2.87667758911266
0.8544944576060516
0.4956065392907476
6.755266947577184
1.981866793052177
1.3360542490554508
12.155155826614646
0.0400175128452247
1.2323852620174875
8.6593141490157
7.390830695410841
0.23162746289017377
1.467197253528866
12.84187512112112
3.1925430522569513
4.846391928767844
3.2023765903359163
2.1563727491302416
0.749321822055208
0.5944182254388579
7.474208418869239
0.14785755323100602
1.7484150813907036
0.4153897946307552
0.06098899523203727
0.024882633129891474
0.16061084600369213
9.16192267252336
12.141165233049833
1.682258013242972
0.5744731615850469
0.15062418691377388
6.31104059372592
0.210340957986773
1.7301994127265061
0.45944665957358666
7.707325803632557
0.05738611080596456
7.37970293762919
3.116935411657323
2.252633915471961
3.2335432851905352
0.13066439695103327
1.3799368003892596
3.136608290282311
1.665338136277569
0.9810753531273804
2.206767811177997
0.37812813801429
1.7354768762234016
4.321861923875986
0.538187226979062
1.503330110826937
0.5084125231369399
4.438401760133274
0.07241911399614764
0.19869372518951423
0.7429903230004129
2.2692710526971496
0.47439525615482125
10.5768677848464
1.9375579076295253
5.306680015026359
2.07489429195266
7.48585619226651
0.21181062606046908
0.7897796493271017
0.22674855291552376
1.6728566211240832
2.5481929463057895
0.633827963283693
1.5823932498678914
3.003942765870306
1.8518313177773962
4.0484282134711975
0.910860640622559
0.8748433909422602
18.10632027759857
0.03063074671808863
0.21382060208998155
1.0840882439151756
0.5208790447359206
13.752007433817198
0.2098946953919949
1.874978739899234
0.2730210741792689
2.7612728201129357
7.5348282237537205
1.510384744957264
0.3641215832103626
0.4176781772330287
0.013380535434407648
0.6912251414250932
0.4845578744861996
6.0472292902559275
0.10907205980765866
0.028003155945043545
8.825394209343358
2.4486284197773784
2.1098033593516448
0.7097778691822896
0.7268908875194029
3.794269959733356
0.03265117081900826
2.4725377649156144
2.583675180852879
1.5246392096451018
1.3519364919993677
1.4521986472245771
0.10621167789940955
3.390140210496611
3.038753831802751
15.737793611900997
0.637566127392347
1.5718023452500347
0.6800880130394944
0.08929333867854439
5.382346099970164
7.359722854787833
3.4609023219964
1.6264862014941173
1.515994090208551
1.2855163908316172
1.1873468171106651
1.1317176645097788
1.0201667257861118
1.511116139983642
0.17299935943447053
0.572648302790185
1.625114506801765
2.994081246542919
0.1096311471410445
0.963316737113928
0.29134639257245
4.658306234203337
1.4155612903123256
0.17574494289874565
0.11608241200156044
0.36903230093594175
0.3292005255134427
0.5651496304926695
2.2235665752232308
2.2637243002973264
1.6428160011419095
0.8482112330457312
1.7160041498209466
0.7653838947808254
0.22669650091120275
2.1896800274553243
4.523428875509126
0.6568802013061941
2.280299807462143
3.1466387274558656
0.38364296153304167
0.5081947950966423
0.975927508683526
0.3538292762241326
0.19158384128968464
0.032073517650133
0.580276999688067
0.030157467372191604
1.169961688836338
2.0048286953751813
4.262719747326628
7.340923246112652
4.846203343877278
6.38460413023131
1.508079204828391
2.0253115926389
0.6263343023383641
1.1435049664141843
1.631797877678764
0.727620166959241
0.5877247277239803
22.782125610006915
0.4204388383732294
0.6750471134437248
0.06940888576355064
1.2065676439669915
18.684608342249703
2.60357017104252
2.3755697605229216
0.1587108488092781
5.323800685779133
2.1879665226733778
0.5782877035526326
2.290994403665536
0.8875045845852583
6.436049462579831
0.8608717947572586
0.624702410401369
1.2225904171791626
4.524591555418738
8.370131683004729
0.7604610806083656
1.2293281743477564
2.7340011675987625
0.479310389913735
0.022582509234780446
14.867521137348376
5.277644067260553
4.7790012248951825
0.8125118022071547
7.842309460400429
1.8530185747222276
0.1721712381549878
1.9854558900769916
1.678001343861979
6.5862782974218135
2.353116020130983
13.168963586700556
1.7159692334171268
1.1024529365531635
0.19806698506727116
1.4508918343126425
4.859800424994319
3.343960870333831
1.4232102320020203
0.1055549724624143
5.193085803708527
1.50762855442008
1.5479991641550441
0.36463705346977804
9.541095680928265
1.258715786760149
0.6219703309325268
0.23288913176656934
0.2535953909755335
5.247105024376651
3.0238211277974187
15.650005198418512
1.6372626056108857
2.6433041347627295
1.2322690904184128
1.1975738009350607
7.999658373482816
1.2025164797960315
1.2712476436136058
3.4836178885161644
6.001658814697294
0.1945809593089507
4.106044333304453
1.4582918727464858
3.842432545752672
0.22562295409443323
1.979661509874859
0.7523210797153297
0.9573650929960422
4.041388344434381
0.49212213513965253
3.7241561485789134
2.897835574745841
0.8487832252940279
0.6017781687769457
2.650448115731706
2.0423614705432556
1.6226945142116165
1.833169702469604
4.478582650204771
3.042721525365778
5.8443688524348545
0.7165203187250881
8.704128578465316
0.742569470552553
0.19576614815741777
0.993789941756404
2.931276962030097
0.94136960637843
2.0610009198644548
4.610724861180643
0.13582454515562858
1.0997347342054127
0.7287032223684946
4.5859579987154575
0.593295980761468
1.9197136957809562
0.06677236869290937
1.6179147944567376
9.287993184676452
0.22869628943590214
0.35546549539867556
0.40453129410161637
0.2890576125282678
3.5297388801482157
0.7180350158159854
0.4662521035206737
9.434758976552985
2.5898909689567517
0.4166373989864951
3.1154301334681804
1.8303892865442322
1.4974766076702508
0.13211246285936795
4.457253941924137
0.614000051326002
1.9534932010719785
1.5475346033927053
0.2904763829719741
4.395242548293027
0.7919155963681987
4.663473375912872
9.734939203219255
1.040832531885826
2.192871587278205
2.673148979098187
1.1136925807441003
0.49330904133967124
1.447576917387778
1.1572242566326167
0.38841543273156276
0.46970603401132394
0.656207842665026
1.3836025340278866
2.16302319807437
4.773483489305363
1.6959029672652832
8.358529079763684
2.0302308483005618
0.6496585232162033
0.8139550276537193
6.538625720786513
0.9238582349935314
0.21841885782487225
0.06959095707861707
3.828293489154021
0.0386153419240145
0.17976408456888748
0.0922799631516682
0.2645653476429288
0.7608630616959999
2.205263215037121
1.2974274889493245
5.910801462079689
5.6036900754552335
0.6889770694615436
0.1621164003809099
1.9096575302246492
12.846151562189334
3.4699015583173605
0.4559810578793986
6.412917777808616
2.7406580276001478
1.853902485621802
0.5716387941356516
3.919687028894259
0.571178999998665
1.2920762829380692
2.452299328040681
2.429974916143692
1.4478085656664916
0.026315741190046538
1.1346267441258533
0.5967591805747361
1.1880608601204585
0.13488059782685013
1.1844747263603495
0.6296567165409215
2.556345874327235
0.899743902598857
1.6922692153602839
0.6464635329975863
1.9287431919001392
5.240162323272671
0.5530251868403866
0.43812803599576
0.17412875799345784
2.9704290012232377
0.3545161848232965
2.8224404948050505
2.952445531147532
0.6329549567744834
0.7302472141818726
3.0629917071273667
1.2956960423689452
1.3069187772198347
3.4466840047825826
1.3849731040754705
1.5414842351237894
1.6102906244486803
1.582389075512765
1.1545733351595118
8.701849712437252
0.5099012258651783
6.333188609998615
3.8895045762474183
0.405960806645453
1.5212982632801868
3.2381238772941288
3.008037833504204
0.1940486951643834
0.08199812559178099
1.368574648971844
3.254050533454574
0.7718791401639464
4.198124369693687
0.9452488276147051
0.0653992367151659
0.952297235991864
1.981824156784569
9.514687665912788
0.7654918021726189
0.8419915341437445
3.8034748476275126
1.417801455463632
0.46623736538458616
0.5907932155096205
1.7653114908680436
1.7364797144327895
0.23214798488334054
3.615041241471772
0.028077850067347754
2.8012354145612335
0.08814406168676214
0.34705719444173155
7.750793811734184
3.728228615298576
7.464183805932407
0.30559461921075126
2.719322609162191
0.050753743438690435
1.5679141405125847
0.4505757145307143
2.4298255411704304
1.6115558644596604
0.6586632542312145
2.235982521007827
0.15245813319052104
0.4022317632116028
0.26346253707743017
0.8015716776790214
3.4628311600899906
0.2685021540237358
3.38973113168322
0.12839335589524126
0.23206246001791442
0.0574767837242689
2.3272428504933487
3.5818401691503823
0.34738263723556884
0.09084977243765024
2.667443292630196
1.044002545037074
8.769715070840903
6.386753727769246
0.0658758078207029
0.6328581425113953
0.862568743803422
0.19969525135820732
0.11619179888657527
2.0543198701998335
1.1058622290584026
0.8936356280391919
0.15544411665177904
5.3123211172860465
4.4684452131114085
3.6135909209333477
1.5163421467441367
1.6356894308555638
5.062460744244163
12.69414046422753
0.07093414727569325
0.018244070910441224
0.033207243839569855
0.24502155983645935
1.929165565292351
0.49311781862343196
5.7763271430449095
0.8590378976878128
2.303166593555943
8.36920041522535
2.9347847848694073
2.609759827653761
4.107688011798018
0.2653970094252145
0.6480306392113562
28.531517645096756
0.5054757878097007
8.718937954450666
2.7803811039048014
3.630124275041453
1.4490651984815486
7.50176013676537
1.8835216017905623
3.6215034018896404
0.27109736359125236
0.40677573698485503
1.5593253265105886
5.951990264940832
6.178916563199891
1.1619462661328726
4.293006294356019
0.9624245086524752
0.48493045903160237
0.8382461148576112
1.0115558046818478
0.5451461082848255
0.022350037201249506
0.5424958069415879
6.795279988727998
1.1486475756100845
1.4682947664914536
3.2282587079971563
8.05941502526548
3.586027639998065
1.1057691737805726
0.9541065491357585
1.2209104528374155
1.2566251857206225
5.731801023226581
0.15405019093304873
4.082056433631806
0.9009368745682877
6.382410914658976
0.8388528160721762
0.4852286237219232
5.440494070899149
0.8770947291704942
0.4322107954576495
2.405287047884485
4.135579430694634
4.123995703666878
1.4024327584556886
1.7559895940939896
1.319855321191426
3.4709930844182963
0.41445197203574935
0.8560211297881324
0.2783287298225332
0.05383550073747756
2.980845949452487
1.2532437240952277
2.165533517814765
5.718877205901663
1.2328776993163046
3.8167454836220713
2.2953329612500966
0.9887071250268491
1.0271535156280152
15.078316988918232
0.05753557395655662
0.11982110599637963
6.73646895091224
7.010888142809563
6.312428786826786
0.6667607411654899
0.10848479826381663
0.18934774511581054
0.4124629610887496
2.938656425103545
3.0023122387137846
1.922698952104838
0.6178613431911799
3.0658102685047197
1.4840782265455346
3.2200003023754107
0.5040874279366108
0.0032291776733472943
0.24633152339083608
2.206700505630579
0.11173585602955427
1.5310811844974523
1.6947134968431783
1.7022457359416876
3.0914055899047526
1.0787856177339563
0.942842553689843
13.421606123207312
23.164246110878594
19.448034614943026
0.4169202568446053
1.126339691611065
4.685184695212229
0.18121842421533074
7.108355200463848
0.05584940017433837
0.35015542090695817
0.7731050374713959
1.1415577991720056
10.818803944923275
1.7400858856417472
3.337697066446708
0.4026918132803985
1.728798814190668
0.8599392790783895
6.394664064682729
2.734976650142926
0.5978675233855029
0.46459751857764786
1.2277527497208212
2.0231439860508544
3.8827664196651313
14.118133291776758
2.788802736409707
0.29050724508124404
2.129886451009952
1.493685385772551
0.329941147028876
0.3309835292820935
0.014891910024743993
3.0042615773854777
1.0182369755711989
0.1699193644890329
7.847462511599588
0.2095913744851714
0.44921587846329203
0.04791408741584746
2.938540474009642
0.891409163872595
1.9169947892587516
5.326548116958293
3.2857143628352787
0.04201244260184467
0.20571595552610233
1.6123193882303894
2.089801117130264
13.1067094145983
0.07492369384272024
0.340066177326662
0.4790372481875238
1.0716688939355663
1.094137324624171
0.009255014963855501
2.930008796560287
2.2325524784246227
0.1277619308239082
1.327128276359872
0.9330408181122039
2.7895791847549845
1.1275379101425642
3.9464725668149185
0.28337610302696703
0.9526968773498083
13.33796648268617
13.214680189943465
0.2526829443886527
4.274424311697658
1.1085807077615755
7.337367791646102
0.5912679418252083
20.83880659793067
1.1343653651420027
1.403959707073227
0.18124332390289055
5.416722143694642
0.17780146892619086
4.367894825336407
1.4258350736708962
0.9382687670367886
2.535951905658294
1.9665120978825144
0.6862374230840942
1.857586153986631
2.089650690140843
0.08761520627740538
0.6849898002546979
0.5981562391898478
5.769494456981192
1.4675700074003544
6.766398318242864
3.294816236011684
4.228353875463654
2.1064540108054643
0.18061551151185995
5.553801278183528
7.887225300924911
1.7978008915451937
1.0297826397363679
2.122740917489864
0.3278751690668287
0.07036837837949861
0.49137857362802606
1.9593575561593752
0.33739068281283835
0.18335648911306635
0.7647855645554955
1.3871819972118828
0.24156940320244757
0.5679109796619741
1.2616068742208881
0.8786558495339705
13.870925371651538
1.6665719214215642
0.03482953020284185
0.6535348218894796
1.9359056376488297
1.003164065463352
2.326336631158483
0.1774396102191531
4.691393319582858
1.2469962597824633
3.4045165247953264
0.31734760847029975
8.744005291322537
0.38459385573514737
1.1370210331078852
2.6389072742967983
1.7413173623790499
2.9586591247134493
4.316838918952271
6.824977097123337
1.0751611806481378
4.174549437833775
1.1068574396631448
8.374537423318543
0.8509255922035663
4.150211673710146
1.0724064357345924
6.811755187707604
0.8537049934675451
0.8926271695963806
3.6885395542849437
0.34536269406817155
2.180584141307918
7.015439448339748
0.7810846227948787
0.1623944409802789
1.4384686353296274
10.482558197523758
5.893668070631975
2.1602348500600783
0.27577697353990516
0.6310311101769912
0.5927537931202096
0.5352390881453175
4.839821042856784
0.7299327148648445
0.2922711434948724
0.5262745714280754
11.073708047337277
2.0859041120420443
0.7144015911690076
2.5969594983544084
0.28110443274636054
0.982674804632552
0.7851285091819591
0.20352556683064904
1.3400555587213603
4.8396005398681154
0.8690680768704624
3.5251010242282064
0.09916440820961725
0.9354443267584429
8.369169694989978
0.07897049751773011
1.6564647001287085
0.0781393764555105
1.1802715171506861
0.9579081959600444
0.31006210158375325
1.3389721964485943
2.4708010515387286
0.6307069720060099
0.8188997939942055
1.3467615257395664
4.443818287523754
1.8552325503405882
0.9798824913741555
3.0750998734729365
0.18480909718346084
2.78772361639858
0.5201189786675968
3.899125233576342
1.008170464716386
0.9189163842311245
0.33037146212154767
0.07122737364261411
0.9044309768869425
5.71931383915944
1.1873287135749706
0.6464409375621472
2.6495566210869583
4.059032744116848
0.2750143418670632
2.159927176195197
6.94334040992544
0.36810801221145084
3.7563149376910587
2.042290366778616
0.5778996882509091
0.9759579287929228
3.8782671790395398
1.1250306673755404
0.12502956755633932
2.0445239433902316
1.239711979382264
0.8051483894087141
3.439842348867387
1.4163135377457365
0.8034174817948951
3.72824907964241
0.3512400713734678
0.8814880469508353
0.4966605326408171
6.907569132941717
1.1559197963579209
5.136378284158127
0.6819235877264873
1.3094268222339451
0.7443710084990016
1.2286166172852973
0.6628520026279148
0.6436277410757612
4.349634769212571
0.8581111134044477
0.9684311075106962
9.505898476112634
0.5258539009009837
0.44212399215757614
11.706703381743864
0.16212851043383125
1.126446418773412
3.5570641945523676
0.3929100145760458
1.4698224781750469
0.4242312764763483
0.5985367538742139
0.6913354234129656
3.4352825923706405
6.6277937045524595
0.4996827301583835
2.8614757621617173
0.2083786047733156
0.1092470706498716
0.47693729250022443
11.993375871003082
1.0576793693835498
0.8849420252954587
1.0905482446250971
0.6783004220342264
1.577991148129513
1.2552344010400702
0.28463555924099637
1.5435289893648587
0.49381005272152834
1.8787315328590921
4.824213207117282
3.6505581821111264
1.8781204678234644
1.2564872536968323
1.1934158856383874
0.3990163574999315
1.6123891521492624
0.42751219348429004
2.879716205090517
2.8847801580341184
4.8587526125702425
0.28264047702396056
10.308014307069243
0.7408303640258964
3.4392517191226943
5.377118489486747
1.8265830025702599
0.06570515097700991
0.10447714810288744
0.32487814636260737
0.09093948350346182
0.35612704245431814
0.43310906933038495
2.350177831147448
0.579057935567107
3.7689237517333822
1.2009455462903134
2.1618361423898023
0.6769581145199481
6.2031666699185735
0.410353426457732
5.495008049831085
0.5947608735368703
0.599167331631179
1.1491143786624889
3.9825676636755816
2.017746923636878
6.378076969202084
0.17906646804476622
0.022533764167746995
4.491739461380348
0.9907869501548703
2.229548818679177
6.50694836222101
0.4303952870614012
2.0566871200717287
1.181433277524775
2.830505011283094
0.46714582942513516
1.4878675480067614
1.4935748429707019
2.951993291841063
8.195808327007398
9.71619520556851
3.6364209131643292
3.2257685301228776
5.11621116817696
7.300546194135677
2.0903296703691012
11.537632090825355
5.735945646731125
3.306271321089298
7.441737820350681
0.008719459314306732
1.2554196057099034
1.215095818246482
1.3865817787518608
0.2855390400727629
0.23715066920703975
1.070808457378007
1.0540807449215208
1.984752570730052
0.9920268636124092
3.4679536507755984
0.47300757966877427
5.752709099520871
0.33266928126249695
0.11790672186180018
2.6120882652467117
2.2102053755006636
1.3026215561185381
0.796939452571678
5.484332499137963
2.8506838070679805
1.176033196010394
0.06921757706004428
1.1496610196845722
6.402231840220338
0.36921323596470756
1.3015810407523531
10.254534038191196
0.14685033125715563
0.37573910612263717
6.99803502355644
8.746363737489446
1.9292717210992123
0.351357136038132
0.3020502526269411
6.722596496270853
1.9605734317519818
0.5802289712592028
11.159040736420138
0.5037062208430143
2.196699323023495
1.472267128934618
1.177709070929268
6.782444580683659
2.06522320908698
0.4788025830494007
0.23259716562461108
0.6834414298718912
0.6035550667802454
0.19392703702760627
0.01792976463184459
2.4678470995204407
0.13233826758369105
2.8468769369646907
4.117504558773362
1.9623503418042674
10.684506467718165
0.7158454045420513
0.418779862797237
0.6426463117968524
0.3522839529759949
1.7668911119762924
5.2310124827272375
0.6705753447677125
1.5616188540298026
2.745195014082128
2.0209658383610076
2.3884121026931098
0.9288032642652979
2.468749292762368
1.3300891509788926
1.9172738332272274
3.3440133933036122
1.0570027557187132
0.8007449748693034
0.912996904728061
0.10120448449015385
1.2259915366812493
2.944036592358316
1.9558557734635542
10.192701966778259
8.478460641439597
6.3392643790648435
2.548743332576123
0.04687740789086092
1.347054547208245
0.5575256826414261
1.0866338565610931
2.049287438421743
5.218749554129317
5.678270619318937
2.5305035182536812
1.3356853911245707
2.448236433250713
0.4280612559450674
0.3213413185076206
10.06936026304902
2.1643814155831933
1.0587554505036678
1.5826105115338578
0.02204597328818636
0.9129627668226021
0.24545473876059987
3.746403543067572
0.3623524034919683
0.0069612554216291755
0.7311991970782401
2.1065047575102653
0.1446602673822781
1.7517912323746714
4.006642801374255
2.2790769339189865
3.8376142912748037
1.4345510031707818
0.4069612470411812
2.9944133066164795
4.346336579401395
0.3916330696520163
0.22286531780991936
0.4134922587618348
5.153335829927528
0.6157047059605247
10.375180339076906
2.236301469405589
0.0850029058783548
0.09483899532642681
7.408365222887369
0.2743464379600482
4.610227997720358
2.1334940455053584
0.40720957417215686
2.6091293418212445
4.393708746123593
4.01265656780015
0.515372749461676
1.5269216263041017
1.2378749535928364
0.8198040993884206
1.6213805312145269
0.011419626702263486
2.126689356548013
0.34431523957755417
2.0619685186175047
1.7528466536678025
4.359963700808294
5.241728464832704
0.2744714991567889
4.08962892901036
0.5864666805646266
1.9174669534913846
0.17893528715649154
0.028938754003320355
1.8732560302014463
1.4506224498254596
1.1459690858537215
1.294667933419987
4.528260642313398
8.218473711705883
2.946396401457605
1.2358131230066647
1.8018748010217678
2.1250378908589482
3.4372343775612535
1.4403780417196685
2.242366500729986
2.62731906229601
22.16889007847203
0.0333266827656189
3.166935504821595
0.3311504365556175
1.1779616524727317
1.7949645046610385
1.0055437627088395
0.48668731028737966
0.3666632696185843
3.103003002193873
0.5258147412459948
3.814835099357879
0.2788151458807988
3.890791039862961
2.4611345180528588
1.085596993129002
1.4409355645111646
0.6594562497193692
0.8142092531415983
3.598013809285476
0.8478070468190708
0.8532983299446641
0.011270807670371141
0.6613506901121582
0.03228306297387462
2.0070632965362165
0.865034114503942
1.1454396570989047
4.550320859256317
0.3079170439814334
7.054959104774753
2.54369704376586
8.428342131148383
6.098718443572579
7.086717629055784
1.20158634717518
1.473732044811186
1.6154978181730257
2.233916466248047
6.270628168633266
1.352505520786508
2.0004006416347693
2.1201676893251715
1.409022704770905
0.7791055718698772
7.415220544928161
5.328421620470181
0.6571627850862569
0.13602097421244252
3.5222396074896096
0.49553637858480215
1.5249082194277435
2.5523808068974176
0.14738604552985635
0.6362084755965043
1.3306455706333509
0.5764101062668487
2.775373527110787
1.4432400961304666
1.2303639891615603
0.4048340808949433
0.49418945459183306
0.4627081672879285
1.2259337332216091
8.018849627333111
3.5387289891950786
4.670739225883153
7.075066786623211
2.9922942428602255
1.8926687649363885
0.27696403845766326
4.4873856919730315
1.4166466047754511
0.06915057465812424
2.7382362455973634
1.0013970928412164
1.1954294769093394
0.4863371533792815
1.3382403184150462
0.48409940807323437
8.816600245445443
0.2038750438950956
5.163198773669137
0.6143468849331839
1.1614679702179274
0.20532551418000367
1.0596535953955026
1.908397413273633
4.365397835208569
5.032129211474967
2.4585152054205537
0.2012270331106265
0.9848237209225772
1.9486578805808676
0.31460114337096456
4.768595672445372
0.667358328057162
0.4223560413811356
1.3505403669551015
0.02657613104383927
3.082842568481283
2.150390058865014
2.5257083452452207
1.1129386403044919
6.237015732644068
1.2982985885755625
0.3574478254740825
1.4728296512403176
0.8336285876866896
9.811025574308587
0.5628335251312819
0.22104021195991663
0.5085914567389409
3.582362416993419
17.806445195492415
0.3416285558123491
5.308905491147016
0.9312063557590591
0.5982802954749786
2.211891192935582
1.0457547271653311
0.08318727748701349
7.220514645559888
2.3356940218654927
0.1269460730618448
1.1298010085738497
10.998593517906556
2.6917274194856873
4.664404419083439
0.6741351737437071
0.9000918565070606
0.48619415476423455
0.3627206417368143
0.40101335553481476
0.26344870272441767
3.06272510587587
1.2387511565248133
1.0623922212253092
1.653507208051451
1.6880898460367462
0.5698900564675569
5.730736374207481
3.198079943889752
0.2803432148284628
0.4642094860319048
0.3736729911179282
0.04574917100399034
0.4357086048621568
0.901055183239805
0.6489411952134105
0.6871783525493811
2.830667276211898
3.089016020159761
1.0962385871098377
0.049867837769852486
3.8767108459578594
0.4056351495019044
3.2745114557255874
0.8664487887072028
0.15021067549969302
9.31554157652863
1.4426420764211798
2.061035008613544
1.8131937258367543
0.1664875452479464
2.0197943926541484
0.42078968689747853
0.058353916072519496
4.081456252097269
0.10174699878552929
0.18421496355585987
0.8437269406858832
1.1668777155209682
1.3773355701123364
0.4930753294174792
1.6714300199673744
2.3231026901630685
0.023707376822130755
2.0354911491886014
2.5608810753838043
1.6591910949719022
3.5074068134563277
0.1914276709285332
0.9234852776426123
1.0858877714854316
0.9773022762747132
5.834138420497766
4.114151091518579
0.47999578192684567
0.5095076751895249
0.4671575418833527
0.473802583233919
0.9844235074851895
9.042590421311616
0.4304948931749095
0.7912547299274593
1.7902878203749424
0.39381044887704775
2.175998163060285
2.271511992235901
2.179514117538929
1.0333933875735966
0.15528112524043536
1.735264895381988
5.036512041755486
6.481311772899062
8.127280458575115
1.4623164892254863
2.3593955651595024
1.3012468223896576
3.177260279953771
1.598506071844895
0.5132806266483385
0.8080461812060094
0.006379304140864406
4.831970644110697
2.8073263666956336
0.8667123312843614
1.5670268847170519
0.13255176484381082
0.3217623052187264
1.2830306835166994
0.1925011925122817
0.008735660478123464
1.7582967492126045
0.6911764307587873
0.42058588696818333
1.4446703630819684
1.0262410413852194
0.11002910901879659
0.24212119620642625
1.3427535751543473
2.0111539049248677
0.3729507080570329
8.130552483438805
0.7078036557140877
0.024219571736466605
0.8660911579499952
2.2015813943289686
4.656365649294457
0.06067967659328133
2.2814072476685396
0.11756246225559153
0.5338892708314233
1.14671053042548
0.5914929711434525
1.0609986265553744
6.094828195113223
2.0227777361360495
5.378488981252303
0.9678391579218442
0.36772155951621244
0.19276542694569798
10.5976870899176
1.7895695234838058
0.2511557488614926
1.4506809835802414
0.030379774507309776
0.18284126905200537
1.3148782114003552
4.089810119738104
2.0991624177913764
0.4542834856911213
0.744257182792353
0.0919541533512529
0.45752951070608106
1.3340376956693945
0.48064007309585577
0.10978130075818626
0.22162228958768537
3.379345296838437
6.379090761554835
3.889415615441976
1.0301248471005238
2.008614158454293
1.2036439641888137
3.1717535279967706
7.977864837659581
0.1489527628364158
1.3518079007262713
1.7601059958906262
13.05342319625197
0.3114704537729267
2.1925052773949574
2.6333111515195924
0.5408782049780712
1.7762501997276559
0.5724714801544906
0.5769506013675709
2.6913693156457157
2.820912859016971
0.907982415475999
0.9752805635434925
0.3063553056999808
1.0827460630753194
1.472361315645685
0.2994821490792674
3.2308120129528106
1.3038725628939574
1.0593818984852987
5.169327374467684
0.5328506245496101
1.5631734660928487
0.007148907920054626
1.4671874440246029
3.1177993169694673
1.491460019882652
3.1846822075312957
1.200852476307773
0.5131022525165463
6.620739326863259
10.308196338322887
3.715420110922423
7.76500547935575
0.022035590205632616
3.739459623582661
3.7008097821017145
0.1893799511526595
1.5033751392329577
0.024001686615520157
6.930416049537598
1.2578780521580484
0.20319688137533376
1.7019787788885878
1.776550416907412
2.7697541002271464
0.3522857940624817
0.24715060003654798
0.10940921315341257
8.178208409735817
4.375943956634728
1.042096378216229
1.111794182776066
11.004489180944802
2.392448032129323
6.018492329028959
0.7272743815046852
3.268250193548738
0.018524078164773528
0.7022317796654534
1.587166980294569
1.3738866395506193
0.2428682532045059
36.27931191398238
4.02916417959932
0.15999182881205343
4.7632394149841275
0.10252386498905253
0.5306630789636984
0.18377548614807893
0.22208913584472612
1.2910264358433778
0.18446544247854035
1.5233586390022538
7.436426140498952
0.14407220367866103
1.1956455113686388
0.1762059855827829
1.76853427986498
0.7324347101675812
1.5081218656123383
0.3252956132419058
19.512335110790445
1.2582764277540264
15.388246413043817
3.2153687058962532
5.590154395460559
2.765333009083406
5.506994450435741
0.34863121701346245
2.1673227730279905
9.411330732153147
0.30457707751338603
0.9591079324163729
1.1464039311613305
2.210129030288954
1.9975308532084455
3.0485480163260945
4.342919813716435
2.370892588776769
14.94791939042625
0.3800422313142917
0.17496716297318926
0.4822847475297749
5.133655106961669
0.5055217275803443
0.5991540234463173
0.22513977076596348
1.0790723456884734
9.685738006053725
0.7076322648063069
0.5483975044699037
0.6104622529528569
0.8330608523829142
5.764234739690437
12.066474514831498
0.02941294700576691
1.0573272331021144
0.12192556140507804
0.18048950539377984
4.667613664474629
1.2684130663401447
0.4235830669495044
1.1717382024944527
2.5987078166072024
11.12604121419281
1.3181784596963553
0.9937634400848765
0.6064371364191175
7.430800742120482
4.128152285360557
0.3404929205280496
9.927015716617461
1.2095866594827385
0.7533696064856485
1.4363428486103658
0.9355906727359979
0.934716322029999
2.3154376699894783
0.694902621457004
2.0989675664313836
1.0969054048982798
2.903673871762294
1.9210215965867974
0.3944957733692718
0.6163294315483654
0.46939132537227124
0.8694118372441153
1.037999539876182
1.1850903831291362
3.282206529212999
0.8902431279639131
0.49512019734538626
1.9764013749954756
3.6238918441085843
1.530272534226242
0.746267828726559
0.8322307392954826
0.8126966817144421
13.358239368273644
1.8071779426027206
1.2148845343326684
2.2261733151535736
0.07838820503093302
3.5823180911975214
3.5047192511046887
1.2683557794371154
1.4999168298309087
2.102977769980498
1.9421736630247324
11.299871950082888
2.442613847924804
12.07378972623701
2.4120186294749146
4.86009136447683
1.9523212067579152
0.28495788097643526
1.7398624099296285
0.5988702884278609
2.9999840102391317
0.2929334725631634
1.8670459456261597
0.15549171081511304
1.5657745176649769
0.46004663095664
0.592525403102627
21.892502258029708
2.4807534766878234
1.1554559691867325
0.15511657198658213
2.4476369113472174
0.18241741073870799
0.22307885729969712
7.01013869822782
9.039023010074743
0.9209373266567127
0.27310437858250225
7.309183486708207
2.2597776153997984
0.08146320001105778
0.3184880068147322
5.733711049957492
6.039368750993162
1.027053601355874
0.33938558423687937
3.716770384377014
1.9613084637967404
4.350610674315249
6.205535579872958
1.2129981637262972
3.0861676150598214
16.56132967400481
1.1232734480581712
3.128643425043265
2.7190469459164888
0.7294238229515031
1.6013390465886914
0.5959504232232575
1.0447981185207027
0.9493523837882094
8.16340739615407
13.265829635944101
1.0991689622533158
5.230734133860096
1.7460350885012303
0.09702983187889913
3.826785854915215
6.082512004271848
0.08927243966900278
8.269563856018067
0.7268544642138295
0.048664378497051075
1.58053024707624
6.205025661169202
3.6598124912852654
1.5262042353278957
1.7938561517221387
0.007400120586680714
0.057868801304721273
2.277848889993038
2.3504111809743335
4.72644053309341
0.021844302929821424
4.157100689226354
0.7034291325035156
0.1802383912363439
2.192082541361742
0.18106141580210533
0.8859232940594666
1.1763105500431266
0.5381091206218116
0.02205701240018243
0.661035244447703
1.433771983247425
0.34820350255904486
1.6064185489085503
0.5913300406100461
0.11977906016545603
12.515340996644227
24.945695548194635
0.6786368703396874
5.442928748161648
6.015667528787162
0.3223866422122228
3.467821913160151
1.574104475796048
1.0986456102400552
0.3733500364687643
6.119176476771827
1.0891436443271232
0.5781660409702454
2.9018339536050917
0.5487426753388718
4.096234111741069
2.443548104572983
1.0250894386990694
5.091646995737392
0.25907427485799417
3.1801553135592258
2.9505009312415496
4.633341552966158
1.2368375130245113
0.20982604548771633
8.111978628359793
0.3246911313399323
0.43764954050129745
0.6591509926875005
1.1542826688964851
2.243355909275124
1.872771052090684
0.6447163168049883
1.6990116720880906
2.0365484520007158
1.5960205784722348
0.894428876141319
3.243889978075458
0.248795349332795
0.0525151661640848
0.026663655960874166
1.4585383088997332
2.404839269220247
1.2068507474759826
0.6923084838563227
0.3534485774944187
2.628697146763443
2.704144869778247
2.42597099699924
0.4387357238883851
0.6863488899252843
0.28411354045238113
0.06174951986031374
0.6100928266678238
0.29865854357922217
0.3803937085249345
0.016602707539277617
5.783173046060256
0.591833329614019
5.384209509844368
0.6841520400193986
1.004727047708002
0.9375687448991812
0.3371707018886809
2.0592092528677313
0.5784211898644571
0.2630103229166707
3.8523526220596978
0.059669532311090734
3.7616675788522116
1.5565246823607595
1.624965128088661
0.57950770331081
0.8328928439004812
3.667316747691075
0.3691040092235198
6.030660668431665
5.36591737321578
2.0094852049733163
0.8417915347890812
2.269495499036566
2.5355677055194974
0.12092130212113261
0.604552232340211
1.542640773128369
3.0400446800413192
0.308728906828037
2.9805972310641664
0.06358419440948637
0.0889132627271465
1.7748087244981434
1.2379854711980443
10.780540682404535
1.6852168334662565
1.777144803883857
4.201337567072187
0.8482200693106279
2.633907306015317
0.9642225230491022
3.905183666443918
0.6560601843812037
2.394927881672629
1.4043415044870926
7.700689713841712
0.15425909378973302
1.3321148333780002
0.9785559698357247
0.41849326620285865
1.772304353034997
0.8489757556162658
2.6359501161568915
9.637286281089473
2.9724307716569456
1.3112404083221918
1.3031982000829885
1.5831597693395452
0.33928635885968106
2.6095483610915835
3.13976418285165
0.2529368691830314
0.028587146822246723
0.021770080435089767
2.108233343104075
1.1167146013031015
0.14614641038497211
0.39214620598067995
4.074221438298991
1.2039402322479873
1.7122450636088615
0.7535435650061117
1.4545217582999612
7.319894997584925
1.7693250514494139
2.863588597800117
0.029500431286578532
2.6935409645811887
7.594400519912597
1.3623083320562728
0.017791189326089807
1.9121419115253957
0.2862413562761503
8.950083994306624
1.222827369289007
1.0173976326914271
2.311991041075089
0.9762183617931441
0.2938647322007455
1.4478580746144871
1.0230574114975752
1.415578908396128
1.4230997686245246
2.5294171730492963
2.064979921855411
0.4388083084631944
0.04971011834277306
1.8660421792519628
1.9503409614480915
4.464202149683842
8.411122825615166
0.5686441524667316
0.6890696594273322
0.9069749207628774
1.3815625664938125
0.4392530324330437
0.7757677884001168
4.038948009372689
0.4217658673878759
0.9183914521054248
0.04903984341217438
0.06395856753078988
15.06884392882057
2.2162120808425243
1.2578658164129592
1.8833200707813376
1.433594571382855
0.005787753812910523
2.151281018210284
3.85764421406202
0.7726700931525556
2.3301150830156985
5.816836644728028
0.3022517428980791
0.986955168620625
1.0139501583471429
0.32970386475062696
0.906602812865458
1.7682947650027927
10.985737883973343
0.19851218805706594
0.6025780194249819
0.45489387211273424
0.2185909835025086
2.2338508222746896
5.61179458785773
0.2624562501296168
1.3712930544061237
0.4764660478249425
2.540464207449986
0.44968059213715605
0.9996637414442375
0.3241410807167995
0.8170768939962727
1.596601558587281
2.613760114509205
0.49959864231641404
0.9968048981463653
0.9021533558916417
0.8161261167188059
5.658978127328737
7.6597048424737295
1.0397726659793989
1.7887692902731942
1.0966400599645567
1.947294436293305
0.47450813603791175
1.7048901921807555
2.7304897602371057
0.6547751990656252
9.228995560923067
0.0871157702349592
1.864096725868876
2.3891876123525435
0.47311146862921305
1.2720332030730788
0.5017961256380659
0.04872935762250563
1.6517486948723672
0.9391563905373914
3.022963800736761
1.7014863906952087
2.108785724340123
1.5693864337736159
0.27156148786161793
0.09879981883568689
1.3433159859923762
0.560933823682717
12.845590946410084
1.4447038581347442
0.6534735834065941
2.841521342365013
1.681562215599115
0.08849269628262846
2.006468204308476
2.2561002337097307
2.5852170021971688
1.0760205375045189
1.896743488352513
5.772787158668507
2.9230678477033507
4.939287174740457
2.022569699503947
0.1955050826218212
0.3524137957501807
0.0635211537082796
1.7609267583975452
3.13119084261416
3.438564445459633
3.2747189832807635
1.0603571260508033
2.5190021060188883
0.08131251020677155
6.517819817003328
0.3294397492791177
0.15970466932776617
0.5826283817514195
1.5772186807225808
2.9223872986258357
0.42146194832457695
2.0303575081343297
0.007257777055201586
6.859516088356031
1.8142495227002655
0.11957540296134539
2.836419268984173
0.9533683002664475
0.3813575739332009
2.6630216233752435
1.0025010735844262
6.67102454725682
5.787726758870122
4.3995616319953115
4.931124490671209
5.497070754165179
0.47242561749590095
3.6473143914408865
1.8297628804502892
4.044589790093596
0.2062046895880485
0.09830506842263276
0.16965940449154004
8.415929854607384
10.541409788216697
2.068172457285982
5.34120146202622
3.4779268800048158
2.1560602618046687
3.0973825003020465
0.03851823518198216
0.5982983592257369
1.4941292005605646
1.6617053432710236
0.4511292783136014
1.1069581431875122
1.630404485593317
0.6415398096141871
2.0494508224292076
2.63479691727116
1.650107636822213
5.811261155628017
0.006587101212062407
6.987857053420157
0.462287630449282
3.1743289851219743
2.4880090797450976
0.1413514802698046
0.37966908849193715
0.20967603971803328
0.7146491284438525
0.18681242441380164
0.08865171553043183
0.0670083873483236
0.6372323960094946
2.4296790207226877
0.5690866215954884
2.7912844928214327
2.555546817900904
2.3242188011936378
5.063173720140185
0.5123097705945838
4.968755120054993
0.4630688871620805
0.47840271776658483
0.44430307704169536
4.439575935110042
0.38732180271472316
1.3723142587841721
0.06615129199053627
0.1663551258679945
0.34887031649122946
4.533926669864741
4.5662183970125625
3.7314278478661436
0.016693143094016705
0.4032152056679479
1.8438395510820556
6.926912681657996
4.018211776725366
0.5975223180139437
0.13925413354445482
0.8705077312915819
0.9181316620306461
0.7855747729190625
0.37130959724891
3.546426210741629
3.8562542760337237
6.481032918985875
0.3701079318707343
2.6488000174358604
0.2940774132439401
2.69199305735674
1.4614401528742746
3.0058382389397593
0.185951029190619
1.4487096482262132
0.6497310608974658
7.108456267960719
4.337388200539863
0.42762869865691755
2.068203267415811
7.491558502537373
0.42553575951751554
1.3983300452018739
7.95962304637942
0.19984153936093207
0.7145268652457162
3.59762533158937
1.2105156027100747
1.7020835102011915
3.1721189835006953
3.6026999109308235
0.11358941103389952
0.4670200036925962
3.285973294034193
2.4392937327429536
6.358022468150011
3.550067205695086
6.774949211794592
0.49124246642168146
0.9009945098077878
2.9061750293767545
1.8133008802396944
7.245648743017227
1.3428354128191131
5.81280484618037
9.511929236883589
4.968737186442013
0.9422648245599703
3.707031767225999
0.4719311102599022
1.0707945651593036
8.9272921851516
4.1639966177608585
0.0022433317717514
0.851265552570112
0.7821122167588328
0.6950773765856866
6.203514126311347
1.0245998573882389
8.269167780956195
0.34007208879484097
2.4911213281448
0.7613363283016952
1.1964178329217248
2.3037397972293547
0.10133726687490707
2.729718219896313
1.161659698751464
2.6929497411547345
0.22184088246285683
4.642096472060075
3.327057079412043
1.2095667597241118
2.719978315413755
0.01889542851859005
0.7441540672953124
1.3216651292677852
3.5249044038937427
0.012452356415451504
0.6508474292058963
0.8673953010875266
0.120445232882048
1.0964545717288274
1.7931006306171184
0.07456822073436342
1.3704029381333385
0.3184899682892137
3.5212170769591467
7.914132718426117
5.80139305521152
4.110050019575283
4.1617023632716155
1.043829814014316
5.454394249558391
0.2787458071834408
1.279411775059998
1.1485323665765463
2.1968790217651986
0.4462068121501943
3.659132504260924
7.166076468616666
2.327039510499162
0.38233951984148007
0.017908714908116963
0.8066994075197726
0.38504049615585245
13.362786878627958
1.2420675238827243
1.0785188091831515
0.24206329178559827
0.08753172318392899
10.066031610098435
0.039854962458775844
1.0940551775711356
1.3202608113206225
3.1313229482111637
0.16661371654481627
0.13832055994134862
0.38110716728988336
2.092203245869314
0.9560981683825958
2.421937696854002
0.15318019934056792
6.594340104267758
3.573206093373301
0.653177785265143
0.9427490566013148
4.573839482909534
8.093573182952241
1.8210737510380568
4.233867779592401
0.030039600242162123
2.397774551951443
1.0236187692426029
0.7621943387857755
9.847294078193954
0.7730218447759398
7.7578996289739734
1.9924152375315316
2.9927033128478797
0.8529660616914043
7.67690370130731
1.090555293711077
0.17675732087081997
1.2979941995581612
1.4474051994038746
0.1947359974074061
3.2574128545456915
0.9780309518100694
9.673169361485634
3.8677926867458154
0.30353465721418615
4.983425613601867
12.370845890756755
3.8911061375692952
3.305246255971724
0.2515775477513671
0.411673044138297
2.247512633301085
0.12008716155105503
3.0650942815918825
2.6401733762104413
0.6043403864023276
0.1065109688352095
0.3138879415128031
1.645664639028837
0.13218555353523698
2.1153854735093773
0.5835472592516453
1.0057188922000933
0.13428230729914503
0.37756391924631316
0.6903166420306661
3.1245877891633427
1.857616551045794
11.453781908508972
0.05493664157256717
4.275296897038061
10.2529185528183
0.941962973032787
2.4560232229778194
0.7135456654577865
2.284679578267969
7.987122088103206
1.404107754919096
0.27716053639596794
1.277387964335503
0.023335809783020522
1.7231395673225052
0.11199531137390295
0.609951222941163
0.41224160317506175
0.17250462694937596
2.6186781089563738
1.1857192506286083
0.8267073073729989
0.5540053797230939
8.440366983944841
0.6197280039341422
1.1084496620023856
4.174020670463506
3.7027423291219748
6.209604462572315
2.3067326615127968
1.541516607576341
0.26820142378710443
4.78903212503792
0.5804118839951116
0.35765475645894185
1.1156285554752685
7.639368730597198
5.451928695794777
5.046143050763931
4.0702176981649245
0.19876517260127002
1.1275392289862793
2.0662679202941945
5.295708745390584
0.08484732007491402
1.2220580695284298
0.0036399248128873296
12.69767606545065
7.379041954191052
5.576201367970498
2.7084245297519374
5.190779922173533
2.7525372529707965
1.331623335609038
0.13251441971078748
0.40483154270623345
1.8164248290049727
0.2756632329619606
0.9715275290873251
0.018718768835242372
0.15236677802022314
2.0484431274890085
1.193064468629018
4.10895311855711
3.6321428588271374
6.506293560596532
0.8437031625580858
14.027224217548792
0.6470682894650963
6.7893297738046385
10.519228618009947
1.5405415182904107
2.816994069420616
3.1216553326594294
3.865594197290193
0.5158209856817848
0.3725217267856351
1.2798654267389793
0.3763471539350576
0.5694259970478015
4.620031668237061
0.42630771947005996
0.8041748424293473
1.6873785509742447
1.134621138422517
2.3782550604228163
3.151324400874728
3.4207601994785364
2.6772268957502092
6.690129439608427
4.646022971828643
0.2790412809845293
11.926511066958483
1.364380532875657
1.6089821449058945
0.7846102749463171
0.027775864109571557
1.4638686746693566
0.2683689436817076
0.5123734467415488
0.419323357695248
0.8407946793231531
0.8347059827428893
4.2905534727542545
1.5031294212385546
0.8374160774983466
0.15377970755798742
1.1992304181912914
3.9602119230330572
0.44039754808181897
1.2924896581389476
1.7538185745215742
0.46750914396398
0.25154562174429884
3.7991557751010987
1.4927976258040871
2.929524065060832
0.2914646492281463
4.880593689464149
1.4333237905520946
0.253341139308759
5.8664499151855125
1.5579808094335021
8.60364557421417
0.007724616058112588
6.856102272256976
1.931604392499139
7.415978204255225
1.293558245022723
6.314085741971212
0.7733816062900587
1.9116540259637986
5.521325415116735
0.39444721796462545
11.34513753651845
1.0035612155988929
2.6245520155425766
0.957894327781105
1.5082890715784742
2.0617777477455093
0.3728528088249732
0.5735492397943744
8.934944535772956
0.46188329524738947
1.0503859886375722
1.0347624873902532
13.288763222481066
0.7648047561960993
1.8364012549354811
1.4401802179709193
0.5714895369819715
0.4237887879353366
0.5307941691789893
8.407769464916782
0.08334305863536429
4.311063051747624
0.5079336685012095
1.5016570934676565
0.8974629882941372
0.04181409296870697
0.7184588047020952
0.26284202225360787
0.2932333438147907
1.7470928811308113
1.05174295049801
1.9885040895678685
6.909664715749386
0.06134406507044332
0.18913927523681195
4.185212668351596
0.047955601126886904
3.424620289282757
0.2927984674097388
2.956066342187114
1.6806249601286254
2.091963939885318
0.4825963651164784
0.6018936533509986
0.16929453871125588
0.247247371065896
0.8402309828379657
0.03229013933741953
0.7334881333226804
0.5528921380246175
0.9205427704873728
3.655811705510132
1.5651927496073768
7.062993642161018
6.175848208855314
2.4852335010873503
0.6165314182217116
0.7178096670031664
0.2851195918483427
1.398130069974286
1.743055582686793
1.2660727876791498
0.5619032420800067
0.005726316318032332
0.8007660562216188
6.2209639212160255
4.412350403094024
7.940707222682249
1.8337219606764847
1.832180893899931
0.4691473786951974
1.689439831279742
0.07737174632347887
1.202866020903457
1.0258270912527223
5.4476048615179025
0.8891397776606027
0.06709577748551965
1.3298551326588495
1.982238700511516
0.44615746579074766
1.1601989302725997
0.68197613106895
1.2185277456519543
1.5051708088067244
3.158581486568437
1.1676206061019911
10.744177141496039
2.050267356004042
6.072779804897436
5.708193566199043
10.359876416740008
1.9343157647163025
0.11091685594146838
0.557102587481495
3.108155227084353
0.07831997715402395
7.048630889221386
26.20568774962885
1.5027003597570001
7.058403367853316
5.889217128613382
0.7964633735391544
0.937461438938044
1.313413963856874
5.588716438120173
3.2358814675244503
0.7081579059376963
1.352310855370888
1.1299327286469634
1.2663331588191795
0.5109099146429799
0.30717039316368755
0.8969471858581528
0.69575503620581
12.844283884776814
16.90116193423455
1.4185180964996107
4.872774960211245
0.15335062799567822
1.596417924425623
8.335522144399874
0.23350984341232106
3.484457784819824
0.005755454280006234
0.033578597285668366
1.1863131705613341
0.13048823450662894
3.359665536052489
4.418398247522418
0.2966865903654252
0.5040074513453874
0.23806544146646047
2.7230830656480975
2.955320768916863
1.2966288022507797
1.1637199191827676
3.2164495053802966
0.36804467854381073
1.8307100383390207
4.897653691128653
3.7385575936568785
0.48452689873374766
2.273333589087997
5.287705187220126
2.833429289938067
0.35846765592577867
1.2722985619257088
7.166821267797786
0.8742598878598073
0.05112485964491498
6.011302189421258
2.7958856032055337
0.7073558789852541
1.5618790526641533
0.13216913352516713
0.6943412481996347
0.5039661048067501
0.45065068704570876
3.7975974581568153
1.1452107013901696
1.6511872523042257
2.433863403450232
0.197191037099401
0.04219968704273924
0.8222078117178171
0.5556072089530062
0.46871364714752417
0.8292607380572008
3.7206377999900724
3.1362367771653226
0.9220954273696407
0.08504989281937014
3.728338568806066
1.5832188237909577
2.7519166476195096
0.8945546072354773
0.7654560869850684
1.5062955543471617
0.4343574937302037
0.3236577625211794
5.336278276263329
1.0478089139287476
0.4656135191980866
0.28911156770482194
0.11229796672705561
3.647384376541595
2.1858062857063487
2.283039109875972
5.345919251310988
0.07423027451295638
0.038307449329295196
2.311463389029086
15.035508634035068
1.1446960484972806
0.6801455269014696
0.6577402558687027
0.09516576632449869
2.153753070284438
2.687888393935282
2.4045946505793836
0.3106142186152283
1.0041048919665627
3.6160146371330484
0.6298885398282437
1.360661091923248
0.8311826304561691
0.789583952857356
0.5231027757254196
3.2456562423467403
0.859457140606537
0.16602748400327982
3.811597705622262
2.3553707195969764
0.5207901249596034
0.19230372177844401
0.12067453023337293
1.1070132212844328
0.6238122239956283
0.023633082200831268
9.753896119473211
0.05896648659108905
6.362995122675784
0.013029190718953032
0.4422575516291545
1.4586655621096725
1.7963056152293575
1.3012448652807507
1.1079372458625585
3.325315709262213
0.9029862147581298
3.87312395250774
0.42937211784737883
2.7927564415658708
5.272228882990021
5.082137896097265
0.09142005415924359
3.859882802476932
1.9307293780511827
3.0356227306619985
0.6491511076965253
1.4167029872041894
2.0765865673238295
0.7656174232179183
0.28756835432432126
0.39542479773808736
2.1531410872776178
0.5938251245606807
0.9058581942008459
3.079640698262665
1.331836374476552
6.91957629245735
2.8782995828805724
0.01495352057099808
4.766546460203244
0.6607180482751573
0.7373255344500649
1.684537391694903
1.3255136509833392
8.445013562195527
3.4085131655083387
5.74430924502667
0.6516951845551375
1.3978266082922346
0.20290905378351454
0.7793294904549839
1.103645330935251
2.296137808720232
8.48305139884178
3.0409247544957907
4.332255583933147
1.2283527612817124
0.8757598597512697
0.23978785882354714
0.9783625559139182
0.2534443622134859
1.6401665873854654
5.973085139776231
0.9172860372855212
2.938510223546473
1.6160326360623003
6.360901097636088
1.5752258830470964
9.134687311445305
0.18086505751125515
2.0234159354367875
1.087760233625886
1.1010867223958485
0.3085269876901293
2.639681065826153
0.5071838937728899
0.4150387382978806
4.763838400089298
3.4536496823493508
1.3014053343140404
1.7472351880423957
3.686300143774133
0.5790849313634681
1.2889310140890302
0.524555320655054
2.8235314576450037
0.03495194726565387
0.45399178536899853
0.3325731206277851
1.1445015197314206
0.2928269751428161
1.895366728771478
1.1919722819511662
0.027865271156770177
3.8864134400355397
2.1058924214885337
2.764733412215719
0.1013432928812108
1.9251231440066476
0.07359894765249919
0.970354561424756
2.4528427243130864
1.9585088483290747
3.5479110251617385
3.3572206281533
9.329336766801134
5.902033712598495
0.4345426914951531
0.8604387854284141
0.7326792717649369
8.55433055870526
0.12139828924409812
0.23996112560416805
0.6250280620224657
1.9864363158776541
2.3985477097521652
1.032437035253679
0.524518653350242
0.12268695515376749
4.896749755105702
0.37939333126996644
0.36699102562852204
1.9995313037725282
8.999405885326269
1.312601953439298
0.029612401413032785
1.645409120246768
19.42219476737955
0.8512296152912313
0.5760941237022053
0.8561804304190446
0.9556935211512609
1.2943958958421717
1.7038924828375457
0.49115291510679526
0.13729349014465697
6.792568157645292
1.677947067459172
0.26727889465837507
8.923440150036186
3.4207844691409264
4.159356430107437
0.10773712230002275
0.5069164857995929
6.4445633064897265
0.5464421321084956
1.3658582758071134
1.506907298884471
0.8554491722752573
5.556063267031277
10.413672131835483
13.28053867725248
0.8636523613822646
0.716522963346506
1.9657246789356577
4.137246364509338
0.05972028800169937
1.3129837857486564
0.11359518599056173
2.9958947731283843
1.280483547176118
5.498098224619753
0.9787177817488555
1.8099351565469988
3.033717520069331
0.0418113081032061
3.0220961630984675
0.7221871802394162
0.969195611840405
0.027290937228826806
0.15240909827844007
1.224487010134908
1.025516078218061
0.8135692725845729
1.9830984787186026
0.23505821490834933
0.7633576556690969
0.1579137251683278
2.0576641530860798
0.49464999883639393
0.9026879198572715
0.9029458456061548
0.19758195125177735
3.196097588239354
0.97564810251788
0.9045468679832993
0.888111792242853
0.7720056594262132
2.1854658195879892
8.163098792821984
3.625459600792965
1.043542745122977
0.8424539620100404
1.6218997530813795
2.4957950029638596
1.157453810053994
0.7599828041784349
0.15483438559022034
4.8237264602212235
0.23255508782312972
0.16691106282087276
1.6034244630500325
4.189143830422836
0.16950588650797727
10.753847103318549
1.22355316834728
3.2597388528083684
0.5056363087642239
0.8476533593639033
3.974155815631093
0.4608054235941381
1.1238484749992494
3.482654777886637
2.7554312351567205
0.17537005072517786
2.9200406543750432
1.1268822988349712
2.030135942011839
0.6959137426310917
3.2680632277406403
0.387030299185426
0.4964836886865669
0.04277943040506216
20.636117920512334
7.964146697318938
1.2253855136659695
3.5119045495594037
4.7130860917968675
4.390845012982027
1.0267621313469135
3.318234759302868
5.455419373844052
1.1117075470538111
3.090049345519219
1.9812949295082944
0.250995638409222
1.4496359170152573
3.475017237724387
1.766032670318964
1.5137267215395696
3.6770116090992815
0.10684995282645104
5.93491409986018
0.29168831344577484
3.008283185925393
0.4331702625640901
1.3310814228170784
2.3155089109641267
0.1415292228848557
4.601300420268672
3.3945370333094615
0.8619343492100597
2.8124369903380284
0.14200464111490874
4.11068248416268
36.44968685218191
0.8791232951116399
3.0730115004625986
1.4445807564334245
0.045498060309910215
1.1024379979862715
1.2428352843999164
4.1897514696538565
2.683575545597705
4.104394623056578
0.10931551310932264
0.09522790576738771
0.13072320200444665
0.8748105697886785
1.2148798782582162
21.473942667100346
2.7922081798678846
0.9259624813203118
8.688568694866262
0.2671701894068974
0.11875961235637078
1.1641073918290203
1.970927692920668
0.7871595186879858
8.264907223121554
0.08106919680722058
0.48509664039011113
5.121987172336958
2.323239396486315
2.820581714142463
0.18142632875969866
1.938551677907526
0.15493645316018956
1.6829003366219695
3.115402741554135
2.5463927564487676
0.10827676439657807
4.109162121807458
1.6571262980505708
0.05215764948661672
2.741743811056949
4.048238777577353
0.19708882323175203
0.12062522323685698
0.361350162565941
0.2687262383115012
0.9855437198712025
0.5059996599593433
1.0631943399421289
0.42455774013797054
7.411780164329684
0.3607423506255145
2.3397785515189753
0.008822619085549377
7.789879455005575
1.9476225540638552
0.29680806033866247
1.3176899325917475
0.2946044060809072
0.007514626151532866
1.2741189543739893
0.5248331373077235
7.298288116129697
3.882115515516489
1.8985419432574417
0.09860718325944617
1.4634721399197588
0.34108325895795133
1.1615080615665647
0.6661173768952722
0.8884496764294454
3.096746152412379
4.231490205755108
1.1036701420380268
0.7716477076101
5.006501713956823
1.9144141959914123
0.21829907059145626
3.358333387754101
0.3518437141246977
14.386188169410161
0.37835519934014883
1.2943549471892766
1.6342764055225416
1.2035410767202848
0.10549959578929702
12.531041304275277
4.952152917634521
8.827985404088395
0.5473293303075479
0.2824534671744914
10.334675187870744
5.175297085901548
1.2832352548939525
1.8697034914293909
0.24197655454918277
7.643191784743976
0.08417491438740399
1.1344522343788412
0.09411025761073688
3.5839541218374507
1.5011701789699146
0.8560421549336752
0.22560838914068881
3.8637924221839057
1.6073063227740931
5.301871325718821
0.010447440799907781
0.1836859558170545
3.1450639939066605
0.7230174526630435
2.634747945216077
0.8590828288288321
0.2938706169879879
1.6398217630921863
8.968083716383262
6.49259174286999
2.3457797523515183
1.0801222605950898
2.031843757155002
3.4979447782898205
3.4369796389946714
0.1185402579503716
0.2640656606236007
0.30696397727297153
0.25922811631608056
3.4392474842388765
10.572702266254055
2.0417229898521327
3.656404610053869
0.27751785700093023
2.621244116257003
14.421578222121752
1.4276613611655193
6.585141059025773
0.18028542682441184
0.1874850992608117
1.6372173236086383
0.5390985861158697
1.3416298290612758
0.8720362593157915
2.5337597825055127
0.5227956460876158
3.232001183954708
5.457454631483415
2.059918644183199
4.968003715483064
2.3037234541989164
1.1213766476794262
0.6962976078502834
0.7730593592787045
1.6637118137732614
0.41119801203603856
0.41063929346273653
5.51297855109442
1.6613273867842508
2.0439264975648257
0.0754686242871685
0.8472376358913607
0.706561001992668
1.0692079618020216
1.4687226976675447
2.0251555963623105
0.16843317695020232
2.8253422928610235
0.5666542420876794
7.3947601098625455
2.618232995395374
1.1958172317536082
1.3932246552358265
2.7022332999986247
9.925940085900947
6.111120882844261
4.245772961869079
1.3545213965117
1.7935711244717822
0.374250859276799
3.6218223943651537
11.300722674364806
0.7177596655747038
6.157224857968686
5.751104745097109
0.48875417994713644
0.0814529885610682
3.675136996607762
2.1022299776013824
18.105166636014474
0.1678554289683234
1.138240630098153
2.414805966152926
1.9041114699502941
0.05441676168265985
2.8633201527482015
0.8760996088167303
7.702702243339445
0.13737975659387303
2.2277770127548138
0.19999826685670996
2.6147886518592713
1.6979217390908161
0.5475265580316773
3.344303573197976
1.0594842872960726
3.5552034706415725
2.989016646424716
3.478295207292831
12.856689976651978
0.8232505763808149
3.6529723394851317
0.36496814899146557
0.6616574591753306
0.25161203792958986
0.20429936880100286
1.9458062113335473
8.153158368499135
0.23863099859590875
3.0696753168740543
1.7063814014472882
1.5277466041006846
0.5629313556055422
0.6115903526297188
4.6564391991560115
4.1804697715633665
0.29834221152123064
0.6191391625980032
0.7133767579653068
0.19435403471288737
10.806039744253212
2.3973453469079686
4.505808780231746
1.2070183162359172
2.0635302685404895
0.6552597336340114
0.3637907286101836
2.961053781415103
1.6406669878488174
5.688115958866547
0.5180574632031494
6.594626565783983
0.832590495068871
0.5744717487614253
0.17587442381773144
3.1875308282033075
3.5943481383874314
13.042530582184554
4.965018466464244
1.6094741089546005
2.6905151185419527
2.3010655683319783
0.8458981373187271
0.7637933023288497
1.2390968916442944
7.782860728315427
2.7723133571780636
2.825053969369037
1.2046680762432516
0.17241959977400256
0.12649322509969352
1.9002039234692347
0.42521755349298473
0.11423109636962181
4.202877382769657
1.2382996498563443
0.12213508916465798
2.250934777526709
2.8067737589226454
4.750028459231544
0.9485595646183356
3.598110698221717
11.594019357922662
0.01449403980950592
11.280226371214667
2.588050319434842
0.8642467708777986
1.7949411725567188
0.949533641229209
1.294776624890801
2.05933455441118
4.534904482381535
0.04156476818025112
4.15322356379329
4.236758345403359
17.3736619285919
1.2864289205535897
1.342552139009058
2.545123995070753
3.598651039224933
1.2806117872241884
0.9666167038813
1.20895796197874
0.32933299128490034
0.013395274098002119
0.5935798338032328
9.026236885270919
0.9828962366300402
5.849620660592336
0.16810670867562294
0.5889507856554701
0.5133316617866512
0.2838835182847106
1.1547646882463596
1.035369410936255
3.685912423366972
0.9336372147954535
1.996573805132357
0.15979554571822518
1.4202072057887563
2.428186032055237
0.04961726580950199
0.11361863357160473
5.080479180585826
1.9248641316371504
1.1390992751476006
1.4330359223968117
16.471526670684398
0.9434496238609427
2.3709578544148826
0.7496363820901024
15.670149557859986
1.2356058412260609
3.1584645867114887
2.758593296042818
1.3505822616571095
0.50447887476912
2.09075730186305
0.951939902282902
1.785959830333013
3.0230964471047628
1.8358802843358717
0.010986607194354292
0.41110856713930843
29.149022370780585
6.662933837651508
0.039436388105968945
0.5295427570235915
1.3015721534975455
0.4788047188631026
1.8188809338316787
3.3436586145180627
0.04978357404615963
9.233739835988672
0.8263078658565064
3.3221930874569807
2.5816888825575006
3.730429304050631
0.17950019855925348
0.171484657585097
1.1515569267357932
1.6539564006452565
1.8694764392785146
13.008619546679256
0.27546857887500664
3.029097745566105
9.772533339353686
0.39423885973519646
0.33270597895170795
5.406886142998701
5.602393490313261
1.344943371041154
4.7792437768148375
0.8670399349139188
1.4346090041071875
3.1096454986181925
0.7309015014907345
0.056137801919248886
4.921994757125503
0.9760217845177976
0.37245385698770406
2.1597560226218775
2.0468892573626363
1.1320345619678847
2.421178267984942
1.172040716475749
1.6471190340453177
3.5367650006955955
2.7118790851454833
0.39691322296857834
3.0696985731701716
0.9766347847908037
0.4610274294464034
5.471850986687059
1.781795365808648
0.948685357485374
0.47464278415282024
2.633908904310374
0.18294211480679223
4.502197666632128
29.697499038560636
2.84577160471963
0.1260641713743098
0.82478279966017
0.6939055776310852
5.787408996475278
0.41220909097319236
0.13092133573809406
0.4333726861150353
1.201648284732073
1.8567445656881318
5.457042160167475
3.875412653746025
2.7515982859040378
0.17241929289593827
0.6380635346213239
4.055817456050136
3.26146055728168
3.532217882879195
4.658059293098631
2.4038846628027386
2.436231310959556
0.37367229763185605
1.5164798273253837
1.543899242009502
0.725061931872915
0.2535278785726405
0.5523952275398187
0.6000523161201272
0.09524707564560231
1.1848187271971256
4.532543635650654
5.001412176228769
0.5335945019978681
17.69353235179733
2.2807819488079986
3.478485867344716
3.9613071773346746
5.824262485642976
1.8984874675588799
4.289264593207918
0.4688599695582525
1.3638444497992168
7.937032057918259
0.9644467453399557
1.2063000863272464
0.4757113506711903
0.6418623861172819
3.2120176601820276
1.1220180821619579
1.3700416169522214
3.054473052849062
0.8389208444059477
9.494392129781772
0.25856605919398135
1.146988006970787
4.803874672179518
0.8959434775606496
2.3914621147414437
13.302609066588047
0.1677149130118778
1.6244466437929077
0.34945882400643313
0.7150446989762713
2.110701830497419
0.4406037126755109
3.2549662033852655
4.055392248592398
0.0941810886215535
0.5985728015875793
0.9723883302940521
0.6485832079488318
2.4045794889170793
2.491590028286737
3.8631770554784453
1.6375797687942395
3.473542001149326
5.569554025125399
0.8878381657559657
0.591824911229196
1.438676861616841
0.26057762410346186
4.699479508017248
0.41069993496785173
0.2971797890786547
0.2740440179986763
3.235949930669449
1.5151269163761754
15.25363253573596
0.3347471193119418
2.4663695016424754
3.9796137610755977
2.4406057151136338
3.1356404340767767
0.9591377534452477
4.9966628537586075
3.633935454694438
1.0696764276217436
0.008520514289557468
4.158118532672233
1.750778331181209
1.0828543875395553
2.976686110458104
1.3885412320742034
0.490180669738038
0.5401785730500706
1.0863158363572438
0.03492987001664005
0.3586464610234543
0.14027935550257098
0.277780777461885
1.5564077626622748
3.4153959517207113
0.41136312420712784
0.26078368670277996
1.1853767036664067
0.8153398332578945
2.422006040927954
0.27806395091465674
0.029379196887020953
0.2889759745376068
0.7647556719457498
3.6561523964628577
10.889879125112202
0.12877543925424106
0.020604735298547894
0.09426472241466399
1.6570869009956368
2.1966880859872617
0.23867826617788523
0.013963885758130345
1.4827736758088577
0.5793071525040432
0.9229231718200026
0.05563512281514704
0.3592729697629693
1.0443093404028332
0.7312602943711681
5.416525568834913
2.753325030855194
1.8587580363673624
3.7622464462110656
4.618637432206015
9.412333619351557
2.885696082317736
1.4055925498323631
0.16168466691306094
0.3122862220989191
2.6122530342181562
0.9838874187698821
3.3062170504272217
0.7540667046487215
2.6481012263830053
0.7595588006879552
11.83549042656523
0.3002126853898517
5.1521644456952345
1.7697055404059938
1.4754484448276344
2.764933691600163
5.432390165653487
2.446752174568246
0.9914571405679453
6.299768237389799
8.75162859629927
1.4963039740905515
0.6942366838120506
1.2307797695466434
0.1882164109920268
1.2773563586815726
4.16412597613089
2.734053691106965
1.1402317827160005
0.07599559923983179
0.2924024327658117
0.9550737445315463
3.220467714520055
0.889760792531888
1.8531847035337705
0.8135740911166067
0.6211622086120769
0.06125686263112584
2.7086990530369803
0.16048702630359912
0.36911402234545676
2.0343283116599196
7.549126239246107
9.646384527877672
1.738306241823011
1.5663301886670524
2.1824725889091496
2.3040182742333855
4.020594096771674
0.48640547940158285
3.0723695946508087
0.5990369045684929
0.8434904848836595
0.701696293814166
0.3044008777505951
2.726479641838523
1.9854690520223812
1.1292440495162737
0.4631475301357568
1.3842726879374823
1.331126894139743
1.3443686013124534
0.16208763191389153
0.12400398355384823
0.8448531661633751
0.2957698164755129
1.072056507699017
2.2817896085616667
0.7845772678119829
1.3355943452261272
2.5293688639212633
3.5801703462711885
1.5594438645857736
1.0446689072196023
5.282365079860028
7.857516908559774
0.004756467838888057
3.0058508372239885
0.002305741290911101
9.455250158818671
0.07779818960261764
0.7384385406548972
5.061002661306702
1.5115235477496753
4.434387090674136
0.7214364786996157
6.5388358708660235
0.8868772102650837
1.0848619513853919
0.2867423654824961
3.723739335699065
9.54035153677978
10.473401938419556
0.6869935778086074
4.931047709687846
0.17971221289917594
0.011486822601000313
1.623189684265526
6.846767505972821
3.788043742082664
0.2682834402221488
0.056913389038527384
0.43123888942500344
10.611610303756606
0.5217342439500499
0.4347719941069954
4.874680083543353
0.9096388933176058
0.46610909719311167
4.426193564933783
0.8361290407847264
2.048101670392498
0.7286443835837417
1.222110132977832
1.9051293346710736
0.15705847676144913
2.38694666291849
0.38039484046021244
0.3102370609412901
1.9207902397101861
0.3362012415454956
1.832862289127661
2.8551482634284184
2.342780472841696
3.6178523953130934
0.6373508362885332
2.7772622185584623
2.0425092784353183
2.0975409649618086
3.836575996938336
0.6968269549324759
0.027634151090751402
5.337104237296444
5.825516708398936
1.144657537159219
0.91080038738437
0.3248982818913646
2.2381562380251125
0.07743016370659461
5.689867267974478
0.019621892810391728
0.6293882817626582
1.3162643197501893
0.08744932585977949
1.7438495553142275
2.1736044769422733
1.298198809272435
0.10494478902546689
3.013818610153976
0.26363651744031813
0.24629073703545146
8.052383986432687
4.074886319162033
0.848087668127846
2.078472491913999
1.567200951911218
8.692169271118473
2.0058000756253023
0.12370959443069296
0.20913096889125882
1.77954426722863
2.0191173960702145
1.964855367456039
1.9976136955592665
2.216451123400475
0.20771247972879792
0.12665137070871424
0.5329784661444137
0.12153726026008371
0.8646055664794403
4.367178888205672
18.77695715900336
0.16215165440371493
0.24159508724551415
0.014476536714937538
3.2915676286138478
3.022593471381697
0.024818931124173105
1.2002967086227727
0.38468281176756136
1.6792422365615494
0.24001258658972802
0.9263796383238514
9.28671234464855
0.4763953874062281
17.992227331968024
4.163270404278592
0.8960181865477352
1.3700536969990935
2.552685018905322
3.3253902605065377
1.4398956219738466
0.6945141147225513
0.06599871291109594
2.410543576326745
0.2545223043198348
0.03516845087870024
0.31998309420305304
0.027575565938604996
0.4241684181833989
0.27536471968051046
0.6821459907005192
0.9635434616357088
5.4798755853189505
0.9278003930739942
2.0333902801867225
11.159229038508784
0.1300128684597439
0.1854923815917573
0.6841547983640339
1.2611736284015933
1.1013344897146453
1.4938277239634772
2.5785316800975124
0.11287310675834306
0.5750443204451585
0.48665758143761195
3.7935011006120476
5.780186786392733
0.7421677078382345
1.1153317415446509
1.4238616144066327
1.3707223663004697
0.5229259627230931
3.537219134719635
0.3974010242091026
0.24709287498990307
0.009531897077977192
0.7122131626310875
0.3456841305087437
2.259670917817857
0.05228906880802242
1.1453037573810434
1.2793688131205272
1.4817626000440214
0.211888484787778
1.7963027093792334
1.0513306271168403
0.2622401164917392
7.058017619085149
1.1419721583588398
0.03372058874811046
1.3352903234845144
1.428241743662511
1.2689268319300027
3.260997931130987
0.9514655297316494
14.354904549261846
2.381954533419048
0.4556096365558915
5.695240837892925
10.038499794609379
4.599252976891876
6.2086128208902664
1.6126079782188754
6.624075467057992
4.3681856883195
2.134608968248358
6.245209910564881
0.3843410494446289
0.5605113416240783
0.8773997150419746
12.941586818909855
0.18682855011866195
2.0327564237231854
0.38962673150672344
0.9573353514133487
0.29113110660546226
0.8428542008914519
5.295112507235899
4.425514663824288
1.4915448338360875
0.41791889746673405
0.19039169886673335
0.42592593174776994
0.20093690491194138
0.5722811757441377
0.9556332144566113
11.874874463108426
5.6810290765279206
0.7428862041706452
1.9576140357530676
1.0070352561670006
0.6722203594690654
0.19867171523947036
18.323112809390295
1.8337544766473002
3.1107827185478527
0.1532183150484343
2.2423923614624073
0.3334730830101762
17.185616119910264
3.5775681376835564
7.45660086042335
0.7999873394219321
0.6953606129682157
0.5451425915962318
4.1460089444954065
22.891201219215873
0.1525079002167331
0.5301568370632594
0.2430468974998803
1.656506085433648
6.355255513721204
1.0797535226301989
0.654042146881693
3.6594560871453723
5.680081098638766
2.0171740129808313
0.2177744993387023
0.1601159449419356
0.23486034772213316
5.9026171043879
3.1326809746824438
5.868336392682977
3.216363624043879
0.010774776776088402
0.4680611812364077
1.414951433216629
1.5795925165875815
0.3626871720334748
2.9998674057715107
6.230162057661801
0.25365221873653354
4.491757408803096
2.7238991449630703
1.6291652800355223
0.5703907939750934
2.165935323871963
0.04906738115096232
2.534419757561409
1.4028630204338697
0.21847691910079448
5.197009204981441
0.7943531882410753
1.7185024245482055
18.988304026221158
3.766590000828728
0.921173404698493
0.6800879306247225
1.5824466573540121
0.3576907654351089
0.9443963619050919
0.09319462860003114
2.709767107589869
1.0792197551272693
0.3868656858248869
2.1932169022838934
1.966808811375813
0.15703496291826013
2.057040442006837
0.05577388824895024
9.941936922179593
0.09430956784490263
0.8885468431035406
0.14830342720961198
0.060181852379173506
1.5205620471315342
1.001583723074873
2.080064329878951
1.0035115684368066
1.3014674360383651
3.051318820907909
2.723446498217527
0.4069382490561111
0.5697758942769724
0.31429386593663367
0.37257670710096136
0.255305323000357
0.03605155316472519
6.910078389031696
0.4956711386766983
0.7678035826320411
2.446639462708845
5.975647559898789
0.8847608540309011
0.34722507909464184
0.03567403087799903
0.11744226448354311
2.521188540260482
7.521998568830895
1.3973718752968125
1.1937126471311785
2.833605380183144
0.5409667163185077
0.41450411854020786
3.290566682051576
0.881038487481419
1.1066971765758353
0.173221806937363
0.5809281986948918
1.8431589507163153
0.10251951982354512
3.8040398009616183
3.4995968750226893
0.14279678969614906
2.432608876930317
2.844287187224836
0.9657892421528231
1.7468792241852498
0.8754313333702157
0.05823601226438768
3.4600966262514703
7.609269897337072
1.90815766423475
12.764466128355707
2.786949676432414
1.4189129288934055
1.7336279142982676
0.8908955908991629
1.7850508206611266
2.4723390239596483
0.8775703616483952
1.3722828350655618
5.1531533845409285
0.13432688078319188
8.481967670180893
9.608894632350712
13.226256035799452
0.03431437792460201
9.785514389790478
0.33703531966602895
0.694676797495049
0.47036371324793436
3.7244216000763117
0.6336319506299333
2.090127227238554
0.672775012521015
7.650737761556229
0.8807232272883994
0.040090565649734344
0.7983393194517703
0.9871725489283563
0.7457266913625062
6.040003124471696
0.02291633788991021
1.3281574393404298
2.535108801610477
3.5722746882092906
0.8334701283165487
0.0962318996535032
2.2898276423147763
1.2430381437079632
0.0772389006888261
0.3374415256912471
0.07115584021812538
0.10446917997614946
0.6899415162260993
0.11028267498477362
12.750156505186169
4.483491755956493
2.2343066426037694
2.438550026374287
4.12298612268205
4.22668714383326
20.78393144330039
7.215233358620026
0.8520760509709362
1.0579406777615077
14.548263968077663
1.3225821558517055
3.664504115738964
0.5936238302820129
2.4662401875975775
6.534052322916978
0.2845094408112345
0.36213798499375116
1.3980351618884015
5.113473977093236
0.6632069728584611
0.3269279251471744
0.1927941463436582
0.9754650621907786
0.8153705157528748
1.6086793696376844
9.58682103586034
0.3235487136989832
0.3099639524007216
0.8249348096578615
1.3376575108704856
1.3524384374104557
0.5809707726584747
0.06166207769274479
2.4625575863246922
1.0172206838687998
5.17690317578672
0.4099454282113584
5.182857822452206
2.346766775561264
0.6447022781721898
0.04380380281509133
0.8082920718370588
4.260874539417273
0.21334183790168026
0.13810279704193817
1.9590230070825783
2.6908213186252397
0.1416239115933422
3.959891061676899
5.88942086249881
0.2817989908216987
4.142611376664718
1.9979874680793728
4.879668878027587
0.18756322785338853
0.0905148200909025
2.4543189846444875
1.3733927662324277
0.3946154773439048
0.24595712304289918
2.0259217769125826
0.10199096865108004
3.3210001531188027
1.581876081014343
0.4857760714585311
1.258525156401447
0.35582935838465346
1.036905770888552
2.822997060204216
0.867689823404362
3.7913893065051525
0.2797496508137556
5.010878585046157
3.4300297257941565
3.7509917571296683
0.22739211669249926
0.4707661115535302
8.07829885630781
3.5588412321158103
2.526326998551667
0.4797585470805643
0.8204304077953566
0.7135929432333796
2.363582035235595
0.2991896197927417
5.5058387713943375
0.10669929278810741
2.2289455025456846
0.009874049908830784
3.5566991760133533
5.891003675373213
3.8449504141754005
0.06085130711289821
0.6808858952572336
2.4162096484942595
5.484908684658876
0.01825451491458807
0.5737395051255589
1.6227128399696085
0.6456280308921123
1.4133519104798324
0.6296957287122495
7.139610933765653
1.2499917602108326
1.3414071255756426
11.12898480923468
0.6606177592693712
5.564593062925269
0.12058752384473337
2.913991086250462
0.6160076174201095
4.142815674058511
1.0828770291773253
0.5019720039417734
0.5054230002133409
2.8474855470776674
0.2203783667719108
3.9941220861001057
1.1439873470080784
0.16768663261609618
0.6931014912770479
2.197818661799829
2.3972052067838376
0.7430770324353944
0.33866446773754433
0.7466898600177956
2.2246386453916784
10.286642558356107
2.0387815699796192
0.7005408726618043
4.515665012761019
2.5943883835570887
2.969951722290716
1.9479254159668926
7.340941490307159
7.634061320030014
2.7699616059690015
4.240977236317121
0.012370548232865985
2.2854993835571804
2.7204712820457644
0.10855857843125705
0.5750952908856561
12.920702764269663
0.5606505938703776
1.5187378078553593
2.2791884646430844
2.547798949541175
0.19245170227077324
0.2568477999375318
0.07067761542566586
1.860764685749018
1.694127509072132
0.4569160988103249
4.774149230062903
0.6020282646568376
0.12711883161682636
1.863019975105999
3.5359067599274567
1.2269674003546243
0.527413518371759
2.7348489595387946
0.013493206854036544
3.6181158206236432
1.6338689420299488
0.6479869313334348
0.18549425407400122
3.7811402554725646
0.7674055937095545
0.3781284357610275
1.616831851490133
2.4758011551966774
0.5694412810480571
1.3715822565281997
2.442856204645068
2.393063391573378
2.733066850916657
1.424825550733658
0.01398997907381272
2.7795421707705827
0.9724566731820232
1.9237242985982448
0.5631218670241651
2.1299659538053675
0.5616160124118323
0.7530956028931541
0.3002207371973782
6.914391580961819
5.332160757978272
5.978508992593561
3.965363522169355
0.6372301393639646
0.2804872976994375
3.4640857160193264
1.481221044821723
0.8998329981404822
0.6309218964233878
1.1833692897780566
1.9838838789437432
1.892747866542777
10.670295806026843
1.5914309142535785
4.745329057885101
1.3149278043492814
2.208421742085193
16.365470054544858
0.11277787562721642
0.005695881292922422
0.8772204945635167
1.9843743030360201
0.6970349579351023
1.249523249513004
1.2071739011080354
3.2970829284749925
0.8174302630504826
3.0703210549763753
3.399752069170063
1.712748440928408
0.5501600195129868
1.683251976784959
1.2750595018951572
2.8939937698014546
0.19027569969330216
0.10271459240902914
1.8357487579851295
0.09637157506949734
1.6880977296968922
7.993310019868659
2.9622595688779256
0.6748712464177515
2.141814927563246
1.5111827262953739
0.26984969560726313
1.2391979772219202
2.4202516310324427
3.802833126166661
0.02496432223415468
1.9761337389500113
0.3211996115351212
4.687896328148781
0.036081605656363536
2.467903156495595
17.106751835330215
0.16792446394538274
0.8064701060502557
0.7510101497682626
0.6296044654009165
10.703990733498358
0.24465770232927753
9.694907873410557
2.2842260329052806
5.8107729541443405
0.6641582213051151
1.782232582096185
2.1162665199954063
1.6776563266321318
1.2156724275482702
10.353928743752476
1.1541565057486878
0.2419176267067087
2.1708439045542036
2.7051026623448706
0.6201748215025873
5.0604732687352225
3.8318058406439377
2.8636927654079045
0.8216786677730852
5.346881149060209
0.3298370988923125
0.9469213169650175
1.6809955538192298
0.018895862333010882
0.9081638521311106
1.214491047852789
1.6277042706351494
7.472144800973183
0.6616602143112686
2.0741899400527473
4.55432701324753
0.013624965911731124
4.053193444073258
2.335288973641582
3.785789817033219
6.312838751699019
0.020890691987005994
2.7313428201014176
0.034562062297482044
0.4130044008270488
0.936302235146286
3.7260138241326786
1.0605811714631272
0.44974276080029085
12.870497732816148
2.3218589413008885
0.4602134225788177
3.2982553899710183
0.2268410213800962
0.5580465816456126
5.152397586258303
1.1298166020933422
8.111178938110243
1.5484758222592063
0.6566717690511723
2.9387344089263934
2.1263708926635445
1.4333417660818668
0.48021655994671164
3.754214183318254
3.529416936573398
0.00939898107026238
2.847520347662794
0.47031323229748523
0.6855737330115517
1.8145083375420654
5.268907326091721
9.267890748924401
1.6038777516951086
3.2958403202865156
1.0928293969336664
0.3009848677102127
14.50670684344368
0.059581778790743556
4.207913103971805
0.4089567159244325
3.3275094553173403
0.812341175354959
1.616202674995293
0.38768894421082223
0.18544331728480756
1.2026977817877196
1.4456780331602204
5.625267413633992
0.8771448328116094
1.3468245514886803
5.329960798160755
1.682672427057696
4.076392306589696
0.6987696726355352
1.6931962293529068
3.909698225586908
0.19654258350055898
0.5154635354701895
0.7044158531425637
1.1027438049568445
12.307195875131583
2.6844964578267536
1.7618207943960442
0.7899373288819334
0.8832221370976185
2.8505039100055
0.3051573500561062
4.191282731742831
5.466874212062976
0.30824001780274557
2.107407683339261
2.974892403362901
2.123332812851004
1.43950226240122
0.29697543218935607
10.191901869315188
0.11746552594559034
5.88824811673112
6.42205025988369
1.7194833866742556
21.92746696693939
1.6204835069584078
2.7815823698911117
2.7797000470527564
1.9347734814873547
0.9450757677841466
0.18220840362482704
1.9494005885280785
0.5554930477810558
2.003445301823376
0.6128168611612637
8.132041503064102
0.9692140656043193
8.293801089144836
1.293204292342125
1.1776023103157058
0.6277094702527393
5.344193008029833
3.862037703031092
6.596742467598233
1.187194627673307
7.894029663271795
0.21720030919095734
0.1676760133341304
3.177338443703775
0.23933479292463744
0.6995176958735101
2.1150711173395393
1.1352848185561015
0.5772876053561049
0.3433086821314646
2.6256510883249575
0.5389282769829151
4.947923585124954
9.052058200803003
1.7916227996829548
1.248280652507674
2.1826207304511627
0.6093089568457799
0.5020534274663078
0.9445501275840797
3.8172260322171496
0.5563454741859459
2.663792108585767
0.8125452816238976
14.239539463313122
1.1489265721465927
1.9870375325917848
11.683119873960095
2.0809523295320105
0.3777492236913531
0.6857855849084444
0.3311020268520224
0.6853537002607482
9.848396276713174
2.282453561856528
2.1233473111933563
2.332643734960584
0.6336258128139889
0.12700380800379207
1.6662937568398775
7.513733044695982
1.611678964800376
0.6307285020011477
3.3575490596485906
5.5120402804896
0.15090969680750277
0.14706692531035515
4.67975130402192
0.5838916586144478
2.9079058348288527
1.8509385557626956
2.2967440470238216
0.12226207005005563
1.5449642337407568
1.3210088927371544
3.125612786941929
7.849272854451556
3.439601914389641
2.1551433992935927
3.6648120596219087
1.0329753253463423
7.266795353702037
1.7935641943768132
0.3715121724671917
1.481796936954197
1.7938710609596455
3.981273395358585
2.344071540333971
1.282713877146307
1.513654472080816
5.942940242726763
2.9462130018800963
1.0579295081697637
0.9926745218617725
1.178412134257087
0.35627349922287976
3.5543336924311006
0.1016994492165395
13.225773314727121
1.001027576137858
8.162346006778535
0.6573172438147594
0.46959616195817944
1.6857754362863488
4.267982107310672
1.8167508380211075
0.8905587927511078
2.0647421234316425
0.6277072441589553
20.99765903914522
1.0589752393279923
0.7412920504721114
0.0936533205822343
5.457422037703509
2.3019973293849034
0.45381417836324545
1.672692401240056
2.7388299459416885
0.4110928129084641
3.3792672327617765
3.2720095227996353
5.103784166043624
4.7153138051435235
2.3127714012007345
1.193633583956398
3.4669835868116934
1.5704611645342084
1.039850743210991
5.96540418103541
1.1386568832822377
2.1372934998435085
4.174263548811723
0.4327029530322761
1.3738000293524237
0.9007769440067932
1.3204713994418853
1.4125611805939116
0.7912337190646213
2.946319430746371
0.04159265776252141
1.775767403007194
2.9666240080987336
0.5682377678094781
6.7773340452695265
0.42997471582202706
4.292846505515627
3.5123476708467933
3.1328528130834457
3.708758241558826
0.039971333630091976
0.8794781604810851
0.7047105607416597
0.6132082141484716
0.04236154529644409
0.6053226126241498
0.10119769432640169
3.0252041171479505
3.617304025872727
0.8156210784145514
4.944796974174096
0.5444362678244943
3.1840530576228048
0.5318785807103268
0.24773873110098066
0.8094260360230692
1.3719125256247935
2.680624623084441
0.28420330659719184
0.27255263989354717
0.5969237344470457
0.20209342304588063
1.4929923886083998
0.4436504904006142
4.34874269595457
1.2345708152424777
2.213209510213346
3.7194993957309634
0.150649008101027
0.647639650349447
2.6308840992714977
0.6126110067489208
0.2549909274530364
9.625281712564174
2.3914569074331666
0.4222032394609414
2.5869255872894428
0.4768641132977791
0.5847419257188449
3.0382442194313626
1.7418675177614205
0.9236252523769508
1.139070531069592
1.4795674626293476
2.1554210924587096
2.200242011087539
1.8441266812078538
1.2884855697629973
0.11249982004665071
1.6158637507833191
1.2031975249628886
2.085365018050652
0.5833209043048555
0.65349579762551
0.35390417605958646
2.598324299819069
0.09121737151144771
0.6971721212685225
4.362140483775875
1.8961222472717054
1.0378804450738244
4.300923715098179
4.640911808470264
3.018532751731982
1.069833749497775
0.7144180931791198
2.002326453133719
6.752198961679824
0.545728471071925
1.2987571097255568
1.9360934605429065
2.219219363760203
1.4381710982634104
4.710915289571858
1.7808685252311989
0.3127013240082306
0.8473008211512933
11.40724472446891
2.557264218230557
0.5328490538595361
0.08640858231956372
2.4569135345955146
8.578945634551928
2.2245278467817116
1.979104624610045
0.37538162232522154
6.707662474196695
0.003846328312647529
1.1124676689505577
0.4574664444589871
3.4205311908299336
0.4207443823106587
0.47392063528241124
0.1888370357119129
0.4677263689227402
1.0320251240336802
0.8601493794922135
7.101656944199931
0.19077427149022697
6.584021817005123
0.1294998778612353
1.1533668039410259
1.9827565173909534
4.039743918052409
4.470621331471193
1.159953133246745
2.9025153153852443
0.4208095110152499
0.24763415536290267
7.258667786867591
0.22974823971890146
0.22498922437807778
0.23790185407415265
0.35777179209981114
6.384253970827558
0.0775170476626954
0.038311240656184964
3.9164344878154225
8.106023310538149
2.3076987325621303
6.781213945294439
0.9057471217747661
0.6692446586166625
1.602621170663042
0.024014374605030753
1.6070047457469627
0.1767855562720797
0.9459560227769543
1.748047526954906
0.5611053474494838
1.5819922134905937
3.8715098781030974
0.5809332097342121
7.922776965540834
4.250975777882559
0.9361506477434887
5.318991171276139
0.09273012453923002
0.6457051213874365
2.1985374168216367
0.532287885704136
1.4667873862199485
3.626759694176144
1.8547993008833146
0.7816439401140087
1.9743019057277706
