0.4748044578373083
3.28473335585295
0.8106727560953004
0.27122464109561406
4.073566125407524
0.07073600727017038
0.7995235759299248
1.1337172803105204
0.1613831750364625
2.5734828654458397
1.2501920775393955
0.7980717451209784
0.0913311666372465
0.013014927113545127
0.7084640022076201
0.6320840044572833
1.7928997784038074
0.37299963372788625
3.2817802455610945
0.08604733691026922
0.014480552948953118
0.6406846741811023
1.1700199971019174
1.7378516747849062
0.147810540140199
0.46998742676805705
1.391162768653885
3.3315137679237523
0.22398290942510357
4.536652124144894
0.6844854919472709
1.509474133461481
0.726021255737578
0.5069586947138305
0.030735649888811167
0.519659298370243
0.09165439467324177
0.2150631526237703
5.54938178647717
0.3583666329504922
0.16102957676775986
0.5547923487101798
0.668305698025506
2.0939697555368184
2.9385349244621466
0.9990393424086506
1.3067427781934384
0.8574378695047926
2.940150409041962
0.7191940544144018
3.8084246783546405
1.1054233194008702
1.7479451322215027
0.43788217131077545
1.216187040299701
1.586301902316336
3.0750345847482095
0.11218527911842102
13.154431222406856
1.333648131483642
5.204324040831125
6.657832296572451
2.5570103694699355
0.8173989987189998
0.3949405746170669
0.06973308626038488
0.731938254160923
3.3855984256006195
0.2765875734257861
7.192904762887338
2.7316891392110847
2.21086026832927
0.21820540583576076
2.520903225449729
0.8431377597225946
0.0946509113709908
1.3602838592923945
3.2790504048971343
0.2601491515742964
0.7592957269880571
0.14200282897945726
0.6815830582781928
1.2781169605950709
0.7174471503749373
0.08575527738139499
0.8647322209289996
2.1792400583653944
0.6063757737356354
3.377922488056356
0.7402066341746831
0.8960265837304178
1.1685201924556168
3.1506307621093583
7.679015647510823
1.751752696785843
0.239782320917584
0.20456309487781255
1.041758638843021
0.032321943413990084
1.918726697927923
1.5575582001911243
0.08145589886407834
0.8719233117080876
0.18856031571340282
0.8187524538370781
3.4399345615820494
0.31907705772755435
0.07644147059909301
0.6714780989932478
2.505918296490563
0.43305003207933623
2.03188705642242
3.7417498460345087
0.5302134463054244
0.4162397445179522
0.12001994392630877
1.2622061423026025
8.38890154575347
3.0197861849010224
0.30491855238506105
1.6274269741697935
0.35332726876367815
5.605068513163133
1.1056676474472624
0.4968667450884823
4.002008309915254
2.688261365845392
0.590893758679158
0.3087771745995269
0.4811038247644319
1.376009242645523
0.769419670534262
2.009561748498527
16.25465733877354
2.2114564930670895
5.830017767919344
0.00529999312129803
0.6016373748643673
1.0551527078641811
5.046390054812946
1.11035547087522
0.090241497833631
6.709687780930835
0.8744497611041879
0.01470135647105053
7.130286696497933
1.5842862675781362
4.1386614608054515
0.3217996118401061
5.912949177691189
16.1949421669633
0.07378638503723778
2.8586000683062593
1.6521779315298772
4.61332932854566
0.6004844585550018
0.04057517248293152
1.0738239992715535
0.535736483099754
2.6771089651301736
0.2348471880031866
2.060379849637684
0.5862441082426812
2.20724802595214
3.943983966993983
2.1499426961745485
16.117108917234873
1.509086123056477
1.9866195421782322
0.3274583590682596
2.2769292956218123
0.8577588482730789
0.5530560543484171
0.9459415715318755
2.177955219260184
3.171943285044108
6.10063758384058
0.000322976840834599
0.13997019391536014
0.00032104244746733457
1.7536377109936439
0.7483930698799668
0.8901879096883931
2.221251012706489
0.23671600517991465
0.1976446385087911
1.8766549171268707
0.0436190530017484
0.6735277158659301
0.09736216202145442
2.186031557583192
0.8697353209936409
0.30717839685530635
0.49401919072988676
1.3300683296110947
0.3076572098507313
0.5899642491203849
1.5398774165805662
0.2706122482268256
1.6725769932891126
3.7883790577179752
0.9308350670253276
1.2817271493404405
0.11543520523264306
8.577428771459381
1.485135200084187
1.035949626333604
0.22543406994373072
1.042830007543671
5.0829503523928
0.4839000642168685
0.62794298568042
0.9713393551137415
1.5250936656666454
13.585950138272892
0.9037262101192027
1.383970359544037
6.587416784117522
4.86116444770596
0.45449647220084444
0.25637284006370464
0.3311531617582659
0.9756142558326246
1.2831523817003472
1.6693885658605723
6.121554663666757
0.572292636599741
0.4532225116417976
1.3405876481119776
0.2639160739199724
0.957369739189744
0.31756649145972915
0.5665661121456651
0.34884209402662236
1.402959682760411
2.244363883517508
4.079140919900965
0.10631454828399
3.402018148401112
2.0366795904337778
0.3876636797867832
8.110541536232631
1.1088975943275727
4.467151272627234
2.947830852746847
0.6230949886230519
6.4750329172748025
0.7333548068781965
0.12995842664531665
6.248167096418911
2.4759905391620123
0.6876141373941209
0.9393484028041712
1.6868864816788118
2.9490550820701174
0.12371936926501803
1.0109255902643781
0.2625319126746035
3.1619919069707976
1.708498535430408
0.43294136152690044
0.12959288577985717
1.4036092968526646
2.5041021535289474
1.0394653680341435
0.2751827548709116
0.3489058878549258
6.761280664803053
0.0656917421874823
1.8052667150259367
2.00742881748738
1.5357208144923788
0.1553936326672556
3.593976104602916
4.007249714857608
0.43581627612002194
4.152787221973995
0.23287664080999093
0.9778720153190079
0.10797628415457439
0.19871385596343316
0.6222660297935363
2.2704401991140912
0.24512545346078696
3.9573616951383883
0.44475637212599395
1.1953721176323597
0.16517695692164125
0.5498914539348334
0.2614688513640431
0.9328309651027666
0.7883234162363806
0.6537912508865702
1.0754766722748172
1.741802560070937
5.607241814745066
1.2567314106345293
0.5053696415707236
5.035981209723104
2.8232193999938318
0.29186805634526536
0.370913972677954
1.0318257288381574
1.3933808764777496
3.2760374415229307
0.5912850383174373
0.35271442910743644
0.2451323703644448
0.8101650132084615
0.02560005654959241
2.9208004201718722
0.8397262747530476
0.06781482600490563
1.1359560762066394
0.3228870650855242
0.6878092050828855
0.21598479691601824
0.12680642854684265
0.4395170156421955
0.9229158202579129
2.6814472245096113
1.5853788409513072
2.6349817696027458
1.1851004385316628
0.42250574167701416
3.8645251944908523
0.7668292883536196
0.9790839632842108
1.319425311870873
0.6585099755611736
0.8705994485280826
0.420062732315273
1.3667705889019999
1.038861024644575
0.11798426461609779
0.49397419638262363
1.6931390344470856
0.2559920305793639
0.08500711609667633
0.049180088921275456
1.5550486807405832
1.1355880250921473
4.411621664708946
0.9033002434371156
9.707089918883867
0.5588722661486827
3.2458939528660267
1.1115483238536399
1.3094571585315862
2.919638090468652
0.13591140932112467
3.368483580510656
0.36262977178557776
0.25026880684890784
0.05175943960057339
2.5703694052717765
2.1512484206614317
0.01405936670198571
0.835011508257594
7.126430353833712
9.540325023146579
0.506474306464952
0.7139704937653732
0.09919689808884868
5.9068607631197665
3.506855485808046
0.3463547600113088
1.70106452282198
4.805334397955448
0.7201400595877203
4.881501917836431
0.8604624303334276
1.8733345073997043
4.023822011346056
1.41067600241513
0.12044221719406778
0.1862862548296107
1.5155824079629383
0.19732110376935452
3.8268117949846783
0.9819057455533766
0.2136175468986039
0.11366434719093377
1.5214332340765395
5.390973693727574
0.11968919128412381
0.515106659498997
0.8251609007129446
0.3301750197497313
0.1139581550960429
2.7791476407437585
0.542952625612088
0.40046306015574373
8.664066368684871
0.6852074231937877
0.5604731099447235
0.43265329900896177
1.7497028996003792
0.16521670312795322
0.1126831334331655
1.8238415846135467
0.9690671252028551
4.301518157946703
0.2409170356550021
2.067223953657958
0.07663699299155269
0.20699806493212236
1.8075777194171678
0.6449628597765695
1.3604612072449527
0.17130523813830223
0.21882326128979912
0.8183370003462187
2.554576796203037
0.35156683067179983
0.35759250550472643
0.5869559571656282
8.094495793768147
1.5844224307511467
0.07137417999183526
3.9000842952591483
0.6656201800506096
0.8445018770071329
0.23218970821471885
0.020381213318614755
1.0107703217727249
1.3628728114272235
0.9520668171753641
2.6169639881627518
0.42983693046699045
0.7166364111399162
2.0638433900821838
0.07452623236895306
0.14719682194117922
2.8527892480706214
0.03551849998621037
0.49947236605657963
1.1333309216643102
0.08196248160675168
5.804077925342426
1.2479822759851231
1.3227354658738477
0.11202684068848612
0.36671556850342313
1.0632985825286596
0.024807974514260422
3.9557344478889718
4.8634269087488065
2.0776019455006463
1.8310598755124374
0.29824544999428326
0.3166563397535356
1.3946285997735686
2.272404459727113
2.822893578566436
1.6457130683993455
2.7112583251146134
3.117094378321781
0.7752905092420406
0.08876128021074692
0.6060515912540723
2.3346928666796884
2.193732142841327
0.4881681024635327
1.0819563417171594
0.18615800452971598
0.4438406723420485
1.1415561026369687
2.231422347991611
0.6549614118994214
0.4766573301385506
0.13191061001998605
0.9892668799730018
1.1994996548382915
1.82939681768039
2.069228752523486
1.2430827485077316
1.4248557348473696
2.4426410633677733
0.39136888653592905
0.1995906081283465
0.5720125968146021
0.11260840567410924
1.5943919034689316
0.2172867568588117
2.0927506524603814
0.3340830372326309
0.2538638589394395
4.0813851990387775
0.4748935727548087
0.8419873549573822
0.6177908539757482
0.7843179557312396
0.21097483981429832
0.017105450824601576
0.21466847122792387
0.6095717704665731
1.8931657177745365
0.47720012147328816
0.008173902497219387
0.7252322262138478
0.9355686959534069
0.3089973297464894
0.09433192195865558
2.2905385802077944
2.6202448453041143
0.08761827669513877
2.5491425918444293
1.0359953307488468
0.5387405434303218
0.2626275168877328
1.6793442837515613
4.922746010561241
3.832129685783002
1.3339580106694484
2.042092209238035
0.9643992426863406
2.136920925164304
0.5569080092318472
3.63142862321547
23.84788052647491
0.5201945784574491
0.15169688004243653
1.2356670567533001
1.1095198532711947
0.5375651998620015
1.0021265928298817
0.19869640189426718
0.2955198135532555
2.5951335812642355
0.21535741256229812
1.8999098237982253
0.9026757959363749
0.0571340123860864
0.36792558795423247
4.119504379210412
1.323362053197343
1.5487849915225524
0.171562259842176
0.3122096662336844
0.8648970754657057
0.8714628920497489
0.6046297305074404
0.18271049502800452
0.03415547218901338
0.9562685310447705
0.2865473888159613
0.5344047505350318
0.8776185234382865
0.1529718023884925
0.036379269331519026
0.7912743849883555
0.7927477130724583
0.4942091482298565
0.11833187146839919
0.6134794997706194
0.5282846689078724
0.04560020622011507
4.629503386342549
2.2327096160151996
0.8788246653639362
0.9203739802032942
0.48376887726044515
0.2156344988834462
0.3206220479987678
0.8602742857983685
0.06319133481156314
4.299835010941024
1.0975950644497061
0.33607291568478104
1.9644520393849234
4.888637540090713
0.5737866797135212
0.19831409723701654
2.1034540476612165
1.4135311897262
1.9983878326384001
1.5961749611669802
0.25813274065149017
0.09222800156567246
1.1904212903245934
0.7163311743570375
0.16538932725961786
2.015128420891415
0.7343384029954905
0.3633039703126997
0.4926906755863456
1.8456985600714688
1.7539536416661576
2.319579476425133
0.5940239263509284
0.20997341340989806
0.555099372031691
0.12186636666592676
0.695570646385022
0.16400955047720345
1.426729702114244
2.430602895008633
1.1182454237132333
1.5790788708764012
4.9576597481936915
0.2384822267194977
0.6851927554889699
1.160178579382773
6.209359909094928
0.003610381616454106
3.2995227025603526
0.637011098820949
1.0066189079007017
0.44788555292325327
0.11149208719143644
1.8511833915108582
0.07901965318160364
0.07062254472839413
0.3847249802056467
0.018848682186217047
1.848816698169685
0.7110644681379199
1.0650084609442274
5.705115096294321
0.6497750092821661
0.3890020625840407
1.7081237467864412
1.3457167720989673
0.015397954637592193
2.27841165427526
0.7345808775862679
0.578206904065155
0.1123868839640636
0.3618109199014725
1.6193923230384826
0.8544944576060516
3.2013148989717592
0.6647491699259263
1.981866793052177
1.1881143183418317
1.3918962647367152
4.25189215989667
1.2323852620174875
0.1942263911041664
7.328835457890818
0.23162746289017377
3.993234859422955
0.2000921060825931
1.7728819611584186
0.16919299877918093
2.488371419844043
1.4594864785685786
0.709923964634072
5.694197817108943
0.6667192514141789
5.99927523581573
1.6652490675623994
0.38252517594082747
0.06098899523203727
0.8851987657762947
2.340030476800166
0.19052358295448357
8.034868529080995
3.3762201590434415
3.605437276630255
0.08398689185560215
2.7775813631815254
0.17190578392182942
1.7301994127265061
0.45944665957358666
1.1319704217821709
0.05738611080596456
1.7793405730917584
1.918959763192106
1.355645102696144
3.1224566073797178
3.3898878100153524
0.9871577529629576
2.4815196845593164
0.029706515866564587
0.9810753531273804
2.816182159440359
0.7410113139412715
7.407914583032834
11.151100007067726
1.8400969407812227
1.503330110826937
0.5084125231369399
4.433166988841549
0.07241911399614764
0.1986937251931522
4.774883541656891
1.400520660514303
5.500317762627674
2.394801352151262
1.2200456744758412
4.455325182316301
1.2564625059967511
3.0036083026134293
0.2894956497111707
0.7897796493271017
0.22674855291552376
1.5193143646756653
3.6704596104755183
0.633827963283693
1.4453199364288594
2.502412537665805
2.214160888448532
1.4010905896575423
0.910860640622559
4.098901548044523
2.461547540318861
0.02607817808893742
0.21382060208998155
1.0698366672950215
3.5679152668017196
0.2613335900750826
0.2098946953919949
2.253812327697233
0.2730210741792689
0.6321764672902646
0.4832809790314059
1.1755211788986344
2.5815079892781796
0.4176781772330287
0.013380535434407648
0.6912251414250932
0.4845578744861996
2.81279753241688
0.10907205980765866
4.080108968715649
1.806759367515042
2.189891399386397
1.069111662953219
0.7097778691822896
0.7268908875194029
1.810397387620469
3.6964922797851614
2.211972154560499
3.0492356687318534
0.1594744259127765
0.19499525345599977
4.1437695100248675
0.10621167789940955
0.7857226955675287
1.6858378715478466
1.188726453219715
0.637566127392347
1.5718023452500347
0.6800880130394944
0.08929333867854439
0.3152237674803473
0.6086827110411832
2.513540551546612
1.4848436839602073
1.377411337743979
0.0019380651647225022
1.163213042273128
1.0619165110838367
0.86247608163103
0.1149722659974941
0.17299935943447053
2.8491704516636673
1.625114506801765
8.187492518838553
0.1096311471410445
0.963316737113928
0.29134639257245
0.4495196477655554
0.0879124593702727
4.285058303721598
1.7022350292900228
0.36903230093594175
0.3292005255134427
0.5651496304926695
0.030417600464716088
1.309992574599164
1.4685470948461443
0.0292003481881693
1.7160041498209466
0.7653838947808254
0.22669650091120275
11.010989188987878
0.10242985217337264
0.6568802013061941
2.0662608353450196
5.391894106804102
0.24911353499192046
0.5081947950966423
0.975927508683526
0.3502977786047268
0.2521754868357675
9.071183104882948
1.822030568117043
0.030157467372191604
0.6711276258865837
1.4601797911818721
2.3144650002068374
8.097139085395611
0.8631454881833633
5.527382803833461
5.040323094042833
1.728412563126767
2.7179967745178146
1.065539323433768
1.631797877678764
0.570577122773102
0.11641926674928982
1.172258439270081
11.012397149890603
0.5332476741677965
0.06940888576355064
1.2065676439669915
0.1748759361653356
1.3840731884192792
1.7864995149793685
0.1587108488092781
0.4382853663919377
1.8311682159110205
0.9409023520274786
0.15062381400639424
0.8875045845852583
1.4803178070142167
3.2393613389358507
0.624702410401369
0.9568548857278074
0.5653789671850973
6.6171003535273485
0.661618425459892
5.48103093055397
1.8557316311635077
0.479310389913735
0.022582509234780446
10.057179190094757
2.532924569619354
3.873275300997193
0.8125118022071547
0.17114672395109665
1.567908943616203
0.22067369877913734
1.9678767298391904
2.033996639518591
1.6235032427648548
0.44632387461024337
1.000998520910798
1.6830964714245056
1.1024529365531635
0.16466030625451822
1.3560724161798134
1.8174294879572699
2.8606992167406133
4.98615182381036
0.1055549724624143
4.79665791674779
1.088345274911262
0.8304461000152514
0.3147274683433352
0.5835108782339375
0.715062365277845
0.6219703309325268
0.23288913176656934
0.2535953909755335
1.4577961537288502
2.975818704959238
0.6543174234466278
1.6372626056108857
2.5452809605631046
1.2322690904184128
0.6590358971734531
1.3616362123866566
1.2025164797960315
1.6069443817104911
0.3576819166992209
1.078570143545221
0.20607744439621456
3.7959148634399753
1.3191073212146875
3.1175184889361844
0.22562295409443323
1.395829508699535
0.28678830635908525
3.4258855113657773
1.7585705403107568
1.4857381121255457
3.0519838701657136
0.24337787632248364
0.8487832252940279
0.6017781687769457
1.2186546465018182
1.5631610581694986
1.3964827034214977
1.5441543181659654
2.922653018082201
1.4482413995501702
2.3412211592367385
0.6623794747210923
6.228758572920924
0.742569470552553
0.19576614815741777
1.3299063902741182
2.1389085958871874
0.94136960637843
2.0610009198644548
4.581346851940907
0.10258444341889117
3.168633367975417
0.7287032223684946
4.5859579987154575
0.593295980761468
1.3671888872995623
1.8384161865033093
0.4802249323911383
3.028227798800799
0.22869628943590214
0.25076225373049965
6.094089839527442
0.28092107601696625
3.1219089831138263
7.142594779077626
0.4662521035206737
1.8208542885331553
0.706051000932348
0.4166373989864951
12.371059421318932
3.247148428672517
0.3777482201112434
0.13211246285936795
3.2426537207284127
0.614000051326002
0.5917806612269487
0.9166478547049337
0.24967612685577478
0.7963131809810875
0.7919155963681987
0.8016164709697478
0.5219229356443975
0.8104572762968019
1.826114067582239
2.0441115901776357
1.0028889024615637
0.38207184331986355
0.9557576154038543
1.1572242566326167
0.48293070992076537
0.46970603401132394
0.656207842665026
0.8631961322025745
0.8924483952214359
0.9067500277087674
1.6959029672652832
0.2466026473484817
1.6232517621392617
0.6496585232162033
0.8139550276537193
2.914273280563066
0.9238582349935314
0.21841885782487225
0.04565655910118949
3.456974138272926
0.0386153419240145
0.17976408456888748
0.0922799631516682
0.2645653476429288
0.08239780817530118
5.408802489801019
3.6889411973170354
5.349463874335925
0.033862393371236976
1.5080056831866386
0.1621164003809099
1.293462409536005
0.11502378671139013
3.4699015583173605
0.4559810578793986
0.564722055423772
0.05564403970493004
1.853902485621802
0.5716387941356516
0.8761543126965989
0.571178999998665
8.540001630739425
2.385939790503471
3.097196355891356
3.0491045821181615
0.026315741190046538
0.8054034530650824
0.5967591805747361
1.0802984836700489
0.13488059782685013
3.0300859992639744
3.349840193252021
6.047739684443513
0.899743902598857
1.6386843839427456
0.6464635329975863
1.5810216528479941
0.1684223246847978
0.3171331601552083
0.43812803599576
0.9452095790911699
2.2941798987376387
0.34208547128218925
2.4970640176761663
2.4580154279319686
0.6329549567744834
0.7302472141818726
2.3949696185591165
1.2956960423689452
1.3069187772198347
3.0938033992497367
1.3849731040754705
1.5414842351237894
1.306396419990051
2.673607581135002
1.1545733351595118
0.07372277823014883
3.6550693980243523
2.71941297743615
0.9364232242296566
0.405960806645453
1.3953866067095078
2.510050350036181
12.636581732520426
0.1940486951643834
0.08199812559178099
1.368574648971844
2.549401655625843
0.6711819268966792
2.7345741195240407
1.4534079788863892
3.632157467211073
0.952297235991864
1.071528797292558
1.3096359738628962
0.5975195071732742
0.660231279573054
3.3033662945454125
0.9021478753711563
0.46623736538458616
0.5907932155096205
1.599189278727863
1.3427744986038306
0.8493939640320605
1.6774183830275433
0.028077850067347754
1.7230240930512082
0.08814406168676214
0.34705719444173155
0.8986442475288641
2.9459462502927636
5.470049459763686
0.1127187532329117
0.08320481704868143
0.050753743438690435
1.5679141405125847
3.1412051921579405
2.380169477626623
1.4198235674848547
0.6586632542312145
2.235982521007827
0.15245813319052104
0.1973032654786948
0.26346253707743017
0.7747933268328779
1.7881187376115122
0.2685021540237358
2.150993291186751
0.12839335589524126
0.23206246001791442
0.0574767837242689
2.917253673673258
2.854487835546024
0.27771486093115527
0.09084977243765024
0.17862494392466033
0.05423932586563751
7.60974278231879
3.6727843508997466
0.0658758078207029
0.6328581425113953
1.6258642632164992
0.3187266730092233
0.11619179888657527
2.5705627726056264
0.8716592960336129
3.1819471817289013
0.15544411665177904
3.15915162278543
0.2259689670318039
3.4196889776867465
1.362858978973236
1.6874421063257614
3.688178210046317
0.2383897010658984
0.07093414727569325
0.018244070910441224
0.033207243839569855
0.24502155983645935
1.2322019146886305
0.49311781862343196
5.520431122342416
0.5680958992234082
1.8773954731223057
0.18117746689677006
0.7022605259771808
4.415983478167618
1.5992108165082755
1.2540578421103419
0.6480306392113562
0.31690560915740207
0.4017021364852553
4.229071226669475
1.772909568520845
0.532118776194693
0.7441237557577551
6.284097200856195
1.8835216017905623
2.6652095553508843
0.27109736359125236
0.40677573698485503
0.19731311704526888
5.902903674956178
5.990402973286109
0.5854488373006461
4.137352373290923
0.9286306846188381
0.3723137665729155
0.6294510153893498
0.46150934872275684
2.1438890791032463
0.022350037201249506
0.5424958069415879
6.080769661486556
1.1486475756100845
1.4682947664914536
6.465688799973577
0.07136562834057258
1.6573023303499212
2.7158045468167984
0.9455492389970459
2.23279301392904
3.4809804340911796
0.35795104585849913
0.15405019093304873
3.6790976919510285
0.3187857334778528
0.3982382400718052
0.8388528160721762
0.4852286237219232
1.476233183464501
0.7393058584930259
0.38625796101405285
1.2051817133251461
11.66632254786964
1.4977440436705365
3.622782200392976
1.597396765879239
1.2098761590168579
2.3796259550072136
0.41445197203574935
0.8560211297881324
0.2783287298225332
0.03516110629425384
1.7011156008884427
0.6710248275558115
2.0263656321985763
4.631482295502792
0.8513523373476346
2.873048048837518
2.2576660245031235
0.8128895961926901
0.8804225242492976
1.7554398441934609
0.05753557395655662
0.11982110599637963
4.545349357227678
17.981892048526788
0.5426353354123421
0.6667607411654899
0.2779103934226441
0.18934774511581054
0.4124629610887496
0.9698112236219458
2.3167195973728667
0.7126496179407695
0.6178613431911799
1.9906859852417256
2.061434191229637
7.163908335904125
0.5040874279366108
0.0032291776733472943
0.1659794273073203
0.19062002228019992
0.11173585602955427
1.5310811844974523
0.43858748551429017
0.201132860929647
2.968636330588197
1.0787856177339563
0.942842553689843
1.7189858783749514
5.090835456845525
1.1994059891949291
0.4169202568446053
2.1769664401945192
0.7351481095611234
0.18121842421533074
1.4487730093096616
0.05584940017433837
0.35015542090695817
0.7731050374713959
1.5029359923064476
2.778207940296852
1.1575012407047325
0.15772893842949998
0.4026918132803985
1.3561182763733086
1.9750394814327592
3.3958463346934877
1.4963318826557952
0.5978675233855029
0.46459751857764786
4.1529955933001474
0.7306725729358732
3.590254492017266
1.087495461688377
1.835027763423568
0.2867566764980438
2.129886451009952
1.0153466091578593
0.26983576227212325
0.3309835292820935
0.014891910024743993
2.3820824814174557
1.0182369755711989
0.1699193644890329
7.8377228869794635
0.2095913744851714
2.0386276309072855
0.04791408741584746
2.5631293932019616
0.891409163872595
1.9169947892587516
5.908099326341471
0.1501385440278682
0.04201244260184467
0.20571595552610233
1.6123193882303894
0.3097967111534672
0.2920928573148558
0.07492369384272024
0.18982278298790334
0.4790372481875238
1.0716688939355663
1.267828378950071
2.0827127412630944
2.2650715552445035
2.2325524784246227
0.1277619308239082
1.327128276359872
0.8742174922008417
2.718380503625667
1.1275379101425642
0.2946227221909794
1.9424825817113742
7.19237997282471
11.151970853607054
0.3020807583234273
0.2526829443886527
3.9905862647283357
1.0620232546352781
2.433128525663051
0.5912679418252083
2.131702059698
0.6143401798544801
1.451960253987636
0.18124332390289055
1.101110730858636
0.5558451122196857
4.367894825336407
1.273444666796422
0.9382687670367886
2.000627406509011
1.9665120978825144
0.6862374230840942
0.23092646688746754
3.1859142727407743
0.08761520627740538
0.6849898002546979
8.56965472293814
0.37440493265603436
1.4675700074003544
5.432447356673947
2.6513815984289977
3.052397018946067
1.6315084133675555
0.6527128849265864
4.863631372296368
0.18583950136962812
1.2042301980764023
1.0297826397363679
1.3361876666531316
1.0144879041035892
2.144432322587818
0.49137857362802606
1.9593575561593752
0.33739068281283835
0.18335648911306635
0.7392558113715495
3.332208046820597
0.24156940320244757
0.5679109796619741
1.2616068742208881
6.438515919908241
4.331355739443097
1.6187078555230983
0.03482953020284185
0.6535348218894796
1.9359056376488297
0.8501820640158257
3.9969719645378063
0.1774396102191531
5.077855213698058
0.8329768600815441
1.8451650733477436
5.756794574575906
3.6871222500121803
0.38459385573514737
0.02179776641423814
1.8484494038129924
1.3585934519578586
0.7513429320169962
3.3545516862213844
1.3051228277399787
1.0751611806481378
3.111349969643925
1.0807658215999254
6.111137882056937
0.8509255922035663
0.6581593610535492
0.951613131990598
5.609041392424842
0.8537049934675451
1.9972375588258728
3.4114964137479546
0.34536269406817155
2.180584141307918
1.4113297264339053
0.7810846227948787
0.1623944409802789
1.1143566842001746
0.9741005208779825
1.196126029615698
2.118567655372317
0.39593783961754525
0.6310311101769912
0.506594479571504
2.0788622895342996
2.1291447442708886
0.7299327148648445
0.2922711434948724
0.4723462521942565
3.1469240624428494
1.0310082871001214e-05
0.060273721974226646
0.2708056828851113
0.28110443274636054
0.852440962997207
3.1919505856421893
0.20352556683064904
1.1734979918182944
4.581426916272903
0.6823186877154512
3.5251010242282064
0.09916440820961725
1.6544364923611283
0.16936272645398276
0.07897049751773011
0.245690883086354
0.0781393764555105
1.1802715171506861
0.9579081959600444
0.31006210158375325
1.3170468152675312
1.8947319365252042
0.5919771625121939
6.643111434656021
1.3467615257395664
4.0874354241241235
1.3647747457798687
0.9798824913741555
2.755470089483424
0.18480909718346084
9.762389216193696
0.9331875520438189
1.4451150150925969
0.9828528786092647
0.6065225869679125
0.33037146212154767
5.131370639006491
0.5248111303662881
0.9876771961207851
1.0279420532096992
0.6464409375621472
1.5747737111814786
1.0016231270128628
0.2750143418670632
1.6798198164833593
0.5509734290608321
0.36810801221145084
2.164312939210504
5.142419931369659
0.5778996882509091
1.1132382318101008
0.13256251758139115
1.1250306673755404
0.11766517198702786
1.1220276658423245
1.0065562926683924
0.6897221327162697
0.11076025280635804
1.4163135377457365
0.8034174817948951
3.140935965719109
0.12065343774156645
0.8525096072771703
0.4966605326408171
11.332331727389828
0.986786866793409
7.035007252969081
0.6819235877264873
1.3094268222339451
0.7443710084990016
0.7454525335706421
0.5885540917515755
0.6436277410757612
2.4107715275749797
0.8581111134044477
0.5650647050570115
0.9152881827030797
0.5258539009009837
0.44212399215757614
2.030754722407437
0.516820324199216
0.9475666965445271
0.41959721202147193
0.31527241293224506
1.4698224781750469
1.3267961235178518
0.5590939922985854
0.6913354234129656
0.09510148227855098
5.950818487595825
0.4505451333898236
2.5104371480629197
0.2083786047733156
0.1092470706498716
0.3632268974688486
0.8812621298857266
2.9534237739571836
1.7130908632389037
6.218530895355798
0.5963009303741273
1.3518309919454623
1.2552344010400702
0.28463555924099637
1.5435289893648587
0.7199549116558046
1.8787315328590921
5.739679986400006
0.8194057257423992
1.8781204678234644
1.2564872536968323
1.1436318584819674
0.3990163574999315
4.653429022713681
0.42751219348429004
1.377129361491825
2.879650355273043
2.991637300234288
0.28264047702396056
12.6808569467903
0.7408303640258964
3.4392517191299703
5.778015353971568
1.0410034607339185
0.06570515097700991
0.28308349383587483
0.32487814636260737
0.09093948350346182
0.2870520921132993
0.41326519162976183
2.350177831147448
0.36513500952423783
5.890946924424497
0.7104693787186989
1.5900712792790728
0.6769581145199481
4.259857076387561
0.410353426457732
0.6220110624126391
0.5947608735368703
0.599167331631179
0.7694766297136084
3.636584518601012
3.5897077512418036
0.5340385793606401
4.234502928586153
0.022533764167746995
4.491739461380348
0.9907869501548703
0.2626220643433044
0.24599061105254805
0.809211757099547
1.656054705264978
1.0995524191384902
2.369678413539077
0.46714582942513516
2.565144377593242
1.4935748429707019
1.6237169812156935
7.5863687644014135
4.669083152839448
2.6429880951109226
2.3306225335618365
0.5270966789394151
0.4981089596185484
4.270486624758632
6.188654099532869
2.0714072822229355
0.08767344823718304
10.592738485640439
0.008719459314306732
5.469869491411373
1.215095818246482
1.362159326854453
0.2855390400727629
1.0183364548283862
1.070808457378007
1.9705550080252578
2.521127911124495
0.9920268636124092
0.19365339919022517
0.47300757966877427
1.5162557135918178
1.2374263180827256
0.11790672186180018
1.0735974393464858
2.501119155647757
1.106553855126549
0.796939452571678
0.062397439338383265
4.381947823138034
0.8945645226485794
0.06921757706004428
1.1496610196845722
3.484579034418857
0.36921323596470756
1.3015810407523531
8.518547596802819
0.14685033125715563
0.37573910612263717
1.1825263003775035
7.560949829647143
1.9292717210992123
2.761872714945639
0.3020502526269411
2.8050528360690805
2.8489099323705886
0.5498428153150599
2.8976921992143616
0.3997155469696736
4.02607372370403
3.0292924619207042
2.49214966949512
2.849605354545929
1.6848762551962864
0.4788025830494007
0.23259716562461108
0.20718899073835928
0.42649520833219867
0.19392703702760627
0.01792976463184459
2.4678470995204407
0.13233826758369105
8.107052992025274
0.11861053940810962
0.6560329972489853
0.36693754295265535
0.7158454045420513
0.418779862797237
0.6426463117968524
0.3522839529759949
1.7453306932147825
0.16197756132896757
1.5012049455544911
1.977919542681775
2.3592948253790382
0.01083174510858953
0.5117990548606031
0.8379737847208162
0.5243664516237914
0.6804054832173279
0.9855005803110544
2.4579553126823157
1.0570027557187132
5.83027561048948
0.7380873032307136
0.27868513739667833
0.525267231707403
0.04853684541012626
0.47632239674567245
2.798528967250604
9.907312025286956
0.6686728401327855
2.4315561447801883
0.04687740789086092
1.17535434346064
0.36877415616618237
0.6387938105908688
1.26664754338708
3.943658498916193
3.014144088163448
1.9238851432237425
0.8114044973408454
2.8847852691687876
0.4280612559450674
0.29932682387152454
9.159786459633324
2.0494351721572457
5.617111432213278
1.5826105115338578
0.02204597328818636
0.9129627668226021
1.8904068370975438
0.5902748093067203
0.3623524034919683
0.0069612554216291755
0.5817200885649072
6.112167394778226
0.1446602673822781
1.7517912323746714
1.1282652570153004
1.6950081215036334
0.3383638244049507
2.668124125979375
0.4069612470411812
2.9944133066164795
2.2550273888846277
0.3916330696520163
0.22286531780991936
0.4134922587618348
0.42493850950995693
0.6157047059605247
0.5345173173991498
2.197957383628818
0.0850029058783548
0.09483899532642681
4.090039194968995
0.2743464379600482
4.584229454274464
4.786807324351685
2.5585248147835955
1.6437156016472727
2.146121130521351
0.03386763558955863
0.28470661367464345
1.5269216263041017
0.8074882494329358
0.8198040993884206
1.4892583409673534
0.011419626702263486
1.9435107974277344
4.969250640919199
1.242255672259489
0.3895280292563257
1.2593879670166643
2.815519971831236
0.2744714991567889
0.12488062598276883
5.906317230663262
0.762540394840471
0.15338107841671444
0.028938754003320355
3.038540167195606
1.4469334428940783
9.028326102961728
1.294667933419987
0.5981052783536143
4.333732393803075
0.0593892619071994
1.1632977409681189
1.8018748010217678
1.7089215079395217
2.6997143452390446
1.4403780417196685
2.242366500729986
2.5052245528786443
2.034167599347711
0.0333266827656189
0.4082737234130036
0.3311504365556175
0.6703901129076257
1.7949645046610385
1.103584312942985
1.388271379408252
0.3863553498085821
1.6975302352657309
0.5258147412459948
3.3983800341011374
2.6816838714585174
3.175992914555536
2.4611345180528588
1.085596993129002
3.8432271562705864
0.05761564677959541
0.8142092531415983
0.0056075667816912755
0.8478070468190708
0.5754289452743251
0.011270807670371141
0.5832839346840046
5.897861652854772
0.22729295240424108
0.865034114503942
1.1454396570989047
4.015625404434104
6.207484322687378
0.7271185024656006
1.54852084707818
0.20743649442010792
0.10392845318710897
1.0853822707867948
9.39880859269033
1.473732044811186
0.8196088906479417
1.9423774010501802
3.3055713816938805
1.352505520786508
1.2026178284577327
1.8330799641189515
1.3551421705706161
0.7791055718698772
2.389204067811079
0.10026503410335863
0.6277970627925242
2.6116065480164252
4.711362900845415
0.49553637858480215
0.8337443197597167
2.5523808068974176
0.14738604552985635
0.6362084755965043
0.07373019518854562
0.5110949033260113
1.6109899979710463
0.771066339337267
1.2303639891615603
0.9958100680159987
0.49418945459183306
0.37462713088461896
1.0589852925259038
5.769727970771783
2.8402376314334106
3.7350413528765785
3.762322431510256
2.9922942428602255
1.5016356112464564
0.27696403845766326
4.4873856919730315
1.4166466047754511
0.06915057465812424
2.7081419371825177
1.0013970928412164
2.8955221010983223
0.4863371533792815
0.6571013396242051
0.45511555632401723
4.267689152555249
0.2038750438950956
4.413108783272037
0.5422930817512679
1.1614679702179274
0.20532551418000367
2.050906523130834
1.1477533569122897
2.0770653765794123
0.17233845854207175
1.2056744820729364
0.2012270331106265
0.9302765206157346
1.3086512167355977
0.8199614807672333
2.3737389775487827
0.6025309537726571
1.9969035217145574
0.8533040829788661
0.02657613104383927
2.807439106196398
1.6748433724642382
0.8924746816555853
1.1129386403044919
7.101248007078539
0.9141514018119778
0.6358123015597812
1.3753351435589138
0.4334254903078545
0.10275242111674743
0.5185725991832442
0.22104021195991663
0.5085914567389409
0.04668667068472132
0.026081591393449344
0.5113451257930137
0.035721863197977655
0.9312063557590591
0.5982802954749786
1.831869732166524
1.0457547271653311
0.08318727748701349
5.7751642845905735
2.3356940218654927
0.1269460730618448
1.092726643430069
1.66522843871644
2.2897178025814355
0.8225348214327823
0.5789093245184631
0.39023968009860255
0.3814178420288954
0.3627206417368143
0.3501488811598392
0.26344870272441767
0.02492761061876081
0.5462552386015886
1.0623922212253092
1.653507208051451
0.6938087123126024
0.519088599125098
1.0242662921446026
2.955161840036453
0.2803432148284628
0.4227194254635833
0.3736729911179282
0.04574917100399034
0.29325249799876474
0.901055183239805
0.49224146163032856
2.7654311085352674
2.830667276211898
20.94265525982337
1.052633327053627
2.833608971675858
3.069211870817526
6.92096553875308
1.7220867725918652
0.5861931175240898
0.15021067549969302
0.6564051691093482
1.4426420764211798
1.6764446438392042
0.2082128340334748
2.220692017923284
0.11374606446770485
1.1339922806510003
0.058353916072519496
3.9845322052788106
0.10174699878552929
0.18421496355585987
0.8437269406858832
2.156620479268895
1.3773355701123364
0.4930753294174792
1.5749632710721926
0.9839162728603696
0.023707376822130755
1.5137581515082275
3.1858667662672815
1.4142464490942075
2.3291594645997975
0.1914276709285332
0.8939028281747596
7.657668351843313
0.31825719034532085
0.80263599173486
1.3898654463191633
0.47999578192684567
0.5095076751895249
0.306898363342043
1.4823884539146093
0.6673088169191033
0.4679866243968718
1.3491334167702007
0.7518881149444496
0.41101667645853013
0.17853491664573085
2.126782559644198
3.263570900860941
2.1376540045748698
1.0333933875735966
0.15528112524043536
1.735264895381988
5.659589017705002
3.64952418699977
2.2670874898321927
1.4623164892254863
1.3363357179187005
1.3012468223896576
1.6479139320217655
0.7637644996502786
0.5132806266483385
2.855533256661147
0.006379304140864406
4.615974942913454
2.0768258592433995
0.5436708360502962
1.9270946480319253
0.13255176484381082
1.8868841987641645
1.2830306835166994
0.1925011925122817
2.040202444564784
1.4287234887306113
0.614525049670192
2.205406740104081
0.30639933540078346
0.7448380854621064
0.11002910901879659
0.24212119620642625
0.18584882233699318
1.9236178581995773
0.3729507080570329
8.130552483438805
0.09911103967897361
0.024219571736466605
1.2448845723774866
0.01215748207323486
7.2192827979743015
0.06067967659328133
2.175227630264999
0.11756246225559153
0.31324983370723203
1.3550708491166006
0.36672535091929603
1.274270137939311
3.5160812598187476
1.9066153839157778
3.3933341761658085
0.9678391579218442
0.36772155951621244
0.19276542694569798
6.529282332863659
1.7572987481253222
0.2511557488614926
1.140190017016721
0.030379774507309776
0.18284126905200537
0.8894512093975209
1.497924584808061
2.0991624177913764
0.4542834856911213
0.744257182792353
0.0919541533512529
0.45752951070608106
1.3340376956693945
0.48064007309585577
0.10978130075818626
0.22162228958768537
0.4512422734987922
0.16751446243870305
3.5950143300069612
2.4517866074093035
1.9328702369966777
0.4980178809710196
2.009184650698444
5.84975490305078
0.1489527628364158
1.3518079007262713
0.2783220908168005
3.7000865257141413
0.2503218238125555
2.1925052773949574
2.342981124384096
0.5408782049780712
1.4033920840520295
0.5075645063188858
0.30493548573576845
2.3416129995530355
2.2750774942687713
0.6721302265868871
0.9752805635434925
2.25624245601648
0.771331272808311
0.8954674623455503
0.2994821490792674
3.1114160761862877
0.623937924974598
0.9119168112956686
4.596641429481679
1.922606638072466
1.5631734660928487
5.733084306208184
1.4671874440246029
2.63334484329971
4.367438659486652
0.06347427305445308
1.200852476307773
0.4856539008396794
1.571431826632761
0.7201822498027468
3.278937161900103
0.15277272213279502
0.022035590205632616
0.2762415215256624
0.19464664172119228
0.1893799511526595
0.905746132339118
0.024001686615520157
0.4999310547573259
1.2578780521580484
3.5567748147368548
1.3910508776461938
0.9321491953523946
2.499844648918952
0.3522857940624817
0.24715060003654798
0.05829522106068907
2.4401636249021976
4.353764386301918
1.042096378216229
0.9186976405180758
0.706531997260754
0.24513313658098923
3.776932437060168
0.6265618953111698
2.4327126237985794
0.018524078164773528
0.7022317796654534
1.587166980294569
1.1026506634589168
0.2428682532045059
4.5164028286963
3.7325420577835757
0.15999182881205343
3.6494520195847144
0.10252386498905253
0.5306630789636984
0.18377548614807893
0.22208913584472612
1.2910264358433778
0.18446544247854035
1.764200810706825
1.0457158205317683
0.14407220367866103
1.1956455113686388
0.1762059855827829
1.76853427986498
0.49164452598051867
1.3928425513004186
0.3252956132419058
5.359269538632361
4.914348293452349
4.138142292787961
2.880110334335768
4.592591599779553
1.9583056034971378
2.05514150205272
0.34863121701346245
3.403971136540349
1.2764782257509069
0.30457707751338603
0.9591079324163729
1.112463907658821
2.0848698262125254
1.9975308532084455
3.0485480163333705
0.18578132899710909
2.19077768115676
2.8641128707604366
0.8707656594051514
0.17496716297318926
2.87555129462271
4.443887127177732
0.9668824835462146
0.41212499277025927
1.401173238926276
1.0790723456884734
4.265611493079632
0.7076322648063069
0.5483975044699037
4.4960762762711965
0.4337224416740355
1.2669342444860376
0.05702447399380617
0.02941294700576691
1.0573272331021144
0.12192556140507804
0.18048950539377984
0.4174203243528609
1.1733297402897733
0.4235830669495044
0.9033710327857989
3.095212592597818
2.7393048948797514
1.532761415168352
0.9937634400848765
0.27563921335240593
2.5752477610003552
3.6830525758414296
0.3404929205280496
0.46023838843393605
1.072302968306758
0.7297164371411782
1.4343520813199575
0.9355906727359979
0.934716322029999
5.452818050638598
2.166426543262787
2.0989675664313836
1.0969054048982798
2.2784639092787984
0.7550248185798409
0.3944957733692718
0.01634326526254881
0.46939132537227124
0.8694118372441153
1.033957595580432
0.9846677224049927
3.1704676032313728
0.6889065624491195
0.49512019734538626
1.9764013749954756
2.895272457644751
1.530272534226242
0.7165920439801994
0.8322307392954826
0.8126966817144421
1.423720418344601
1.8071779426027206
7.84814764787734
2.2261733151535736
0.07838820503093302
5.148274049643078
1.171562556817662
4.688243718999729
1.4999168298309087
1.5588165198278148
0.13002875228994526
8.92385101349646
3.6479436882582377
4.912992166609911
2.4120186294749146
1.1175096425868105
1.9285808092317893
0.28495788097643526
1.7398624099296285
0.4657670761080226
1.619437598514196
0.2929334725631634
0.3058636809582822
0.15549171081511304
2.6389972384858993
0.46004663095664
0.5090213612929801
3.759914455782564
1.4673601460817736
1.1554559691867325
0.15511657198658213
0.9783163085812703
0.18241741073870799
0.22307885729969712
4.989461071207188
3.1624230392626487
3.085821616798057
0.27310437858250225
0.37659765927674016
1.8169426423992263
0.08146320001105778
0.3184880068147322
4.373582575761247
5.451695089002897
0.9652044634785852
0.33938558423687937
0.24550108127732528
1.8288730458007194
3.644268755451776
5.897834142087959
0.9869648244639393
2.2038111414731247
3.463903427393234
1.1232734480581712
0.008520091301761568
1.7883912118995795
0.6847244355012663
1.4626229009736562
0.5959504232232575
1.0102958282950567
0.9493523837882094
0.8335083809724892
9.00768454012723
1.0991689622533158
3.021740658696217
1.450186024820141
0.08273257356631802
6.143807641383319
4.290189902065322
2.743601272966771
4.662092552229296
0.7268544642138295
0.048664378497051075
0.9914328311060672
0.1929745906527387
1.2465062558549107
1.5262042353278957
1.7938561517221387
4.553943138293107
0.057868801304721273
0.08237168952473439
2.3504111809743335
6.1920942736032885
0.8411321071398561
3.6804716581536923
1.1533393924182747
0.71209411448217
1.3790684882114874
0.18106141580210533
0.8156536075548502
4.360407676351315
0.4630191798278247
4.407667500527168
0.661035244447703
1.433771983247425
0.34820350255904486
0.15883038722677156
0.5913300406100461
0.11977906016545603
0.2988939854767523
0.9767332968040137
0.3833945067890454
3.5289815804426325
1.572555449216452
5.184122636070242
3.779905057126598
1.037490805145353
1.0977882300139754
0.6545222225904581
4.5413892749566
1.0891436443271232
0.5781660409702454
1.9152243329226621
0.5487426753388718
0.500819172077172
2.1361325718462467
1.0250894386990694
3.895611610103515
0.25907427485799417
2.7630599502663244
0.2637380974192638
0.0137593348918017
1.2368375130245113
0.20982604548771633
0.35285832319641486
0.3246911313399323
0.3574210398073774
1.1027290862912196
2.2296756618161453
0.7653296427524765
1.1148289578195545
0.6447163168049883
1.6990116720844526
1.9609422643625294
1.5960205784722348
0.5263060280267382
2.0758195593371056
3.404423737563775
0.0525151661640848
0.026663655960874166
1.4585383088997332
2.404839269220247
1.1452572545676958
0.6923084838563227
0.3534485774944187
2.628697146756167
0.4961451865528943
2.4644347411522176
0.4387357238883851
0.6389491430018097
0.28411354045238113
0.06174951986031374
1.7322709509680863
0.29865854357922217
1.8457586110089323
0.016602707539277617
2.5700757949016406
0.591833329614019
0.1591334443219239
0.6841520400193986
1.004727047708002
0.9375687448991812
0.2651621775148669
2.0260867769102333
0.48080524338729447
0.2187556559802033
2.7364648223883705
2.2631310803626548
3.286868307404802
1.1101491395165795
1.624965128088661
2.8601946801136364
0.8328928439004812
1.409885170236521
0.7132785317880916
2.680436904549424
4.070436669724586
0.5359556454277481
0.5709555876455852
0.45237451051798416
2.334510213637259
0.06092223568703048
0.604552232340211
2.8224663894070545
1.4440415436329204
0.308728906828037
2.846786033042008
0.06358419440948637
0.0889132627271465
3.8109367918004864
0.2795548187350505
0.3936418255252647
1.308081583447347
1.777144803883857
2.9876627774865483
0.7935654917455395
0.2993860017013503
0.829908693129255
3.1397693323451676
0.6560601843812037
1.7616452646980179
0.9951437547715614
3.4172329516804894
0.15409205773175927
1.3321148333780002
2.3745341063768137
0.23847603119793348
1.772304353034997
0.7745700383093208
3.4627423185957014
5.000542612331628
1.385069908996229
1.3112404083221918
1.2214097668911563
1.4016312500534696
0.48889488426357275
0.338308697741013
3.13976418285165
0.2529368691830314
0.028587146822246723
0.021770080435089767
2.108233343104075
1.1167146013031015
0.14614641038497211
0.39214620598067995
0.33199290350603405
1.2039402322479873
1.438475180468231
0.7535435650061117
12.616751997622487
1.1198962106645922
1.7693250514494139
0.4398638686907361
0.029500431286578532
2.629136956653383
10.762996409881453
1.3623083320562728
0.017791189326089807
1.9121419115253957
12.418422853275842
1.9648615631085704
1.031998157275666
0.8511373332003132
2.17265370899986
0.9762183617931441
0.2938647322007455
1.4478580746144871
1.0230574114975752
4.362567706230038
1.4230997686245246
2.5294171730492963
0.7073028897502809
0.4388083084631944
0.04971011834277306
6.817456040480465
0.8679658165201545
0.5404024572126218
1.040819668858603
0.43676730806328123
0.6890696594273322
0.9069749207628774
4.491284790070495
0.4392530324330437
0.5048986600668286
2.0805171889878693
0.4217658673878759
0.7927068654826144
0.04903984341217438
0.06395856753078988
2.365704020638077
1.4193051925467444
1.2578658164129592
1.2687761211855104
1.433594571382855
2.5205595109582646
2.151281018210284
0.04273776307672961
0.7726700931525556
2.3301150830156985
4.32162755549507
0.7531588792553521
0.8836489311579498
2.0263440994240227
0.32970386475062696
0.906602812865458
2.504957817036484
2.062701726106752
0.19851218805706594
1.2579356061396538
0.45489387211273424
0.2185909835025086
2.599636293896765
1.43628384002659
2.9142246902702027
0.8112787261416088
0.4764660478249425
4.230577448310214
0.44968059213715605
2.6879836982116103
0.2551766952019534
0.8170768939962727
1.5585217096668202
1.682171298438334
0.46079258963436587
0.9968048981463653
0.8939200507520582
2.5831619852688164
2.494291353330482
6.7165179337825975
0.516276931957691
1.7887692902731942
1.0966400599645567
1.4267134990004706
0.47450813603791175
1.7048901921807555
0.07942136008932721
0.49235815351858037
0.6694087862488232
0.0871157702349592
1.6987672417380963
11.209254124922154
1.7091379177509225
1.2720332030730788
0.5017961256380659
0.04872935762250563
1.0993515700101852
0.5313191128807375
0.13877862363733584
1.5780430638842518
12.889471087975835
1.4536393605085323
0.27156148786161793
16.283231710120162
1.3433159859923762
2.46695947257831
0.29083321506914217
0.8605834739573766
0.6534735834065941
2.1563929700205335
1.495497604337288
0.08849269628262846
2.006468204308476
2.253399734829145
2.549079884418461
1.0760205375045189
1.896743488352513
6.98766471943236
0.03457095036719693
2.761762127709517
8.443403281125939
0.1955050826218212
0.332686822694086
5.698788940346276
0.26403108052909374
0.07530512834637193
2.338258461211808
4.544444215534895
0.07015937868709443
1.8075686810479965
0.08131251020677155
0.038696654730301816
0.3294397492791177
0.24448266042600153
0.5826283817514195
0.6436984348256374
0.3309614705867716
0.42146194832457695
3.359693412356137
2.1025695960852318
3.4426173919273424
1.8142495227002655
0.11957540296134539
2.3896785587858176
0.9533683002664475
0.3813575739332009
1.9596313783840742
1.1176645190862473
4.531294284308387
1.5351466119973338
3.5544624135363847
1.1723834072690806
1.207572330495168
1.3384918399970047
3.6473143914408865
2.2303313783049816
4.5470071187010035
0.2062046895880485
0.09830506842263276
0.1633886696654372
0.3251623484029551
0.13306374863896053
1.330145034728048
3.256980232865317
2.691389768879162
0.5397479283710709
4.673159812336962
0.03851823518198216
0.5982983592257369
1.4941292005605646
1.2501889424893307
0.4511292783136014
0.7825032449618448
1.630404485593317
0.535635775901028
1.88562369459396
2.4855492838541977
0.5263635146184242
0.6099055618542479
0.006587101212062407
7.416529085370712
0.462287630449282
4.531987405149266
1.6769403771249927
0.1413514802698046
0.37966908849193715
0.20967603971803328
0.6961191342197708
0.18681242441380164
0.08865171553043183
0.0670083873483236
0.5530213453021133
0.8886252786032856
0.5690866215954884
2.467239223071374
2.322709247971943
0.3057749920117203
3.086596885237668
0.5123097705945838
0.023261973161424976
11.115410264290404
0.47840271776658483
0.44430307704169536
0.47332559589267476
0.38732180271472316
1.3723142587841721
0.06615129199053627
0.1663551258679945
0.34887031649122946
0.48764994443627074
0.6774071975014522
3.0447137852024753
0.016693143094016705
0.4032152056679479
1.0370131917516119
0.8106143887998769
2.2604434365493944
0.5975223180139437
0.13925413354445482
0.8705077312915819
0.7668074215689558
0.7855747729190625
0.37130959724891
3.772548202330654
1.0335404881261638
0.2952869946093415
0.3701079318707343
1.9120003965799697
0.2940774132439401
0.05064081928139785
3.2426348319204408
10.5190213119713
0.185951029190619
0.19182379832636798
0.6497310608974658
0.027667976755765267
0.4129377794597531
0.42762869865691755
1.3870646357754595
2.780906697138562
14.520316907539382
0.5064719521251391
2.7369680787160178
0.19984153936093207
0.631476675713202
0.7995792069050367
1.208376804337604
1.6657017314209952
0.4680456630012486
2.7624142263812246
0.11358941103389952
0.46701870049582794
4.69701086726127
0.1724967940172064
1.1441284125539823
2.756456852403062
8.029696442601562
0.4738862223821343
0.6770951160797267
8.231612853705883
1.512393658689689
4.024073631837382
1.3076089362803032
5.143658114320715
2.7960624604093027
8.038571912577027
0.5815383810477215
2.113035623988253
0.4719311102599022
0.888094373367494
2.864689940455719
0.11956654705863912
0.0022433317717514
0.7932795995366178
0.7821122167588328
0.6950773765856866
5.62954808500217
1.0245998573882389
0.44275979023223044
0.34007208879484097
1.7900434948751354
1.3139630806690548
1.1964178329217248
0.7329339727075421
0.10133726687490707
2.490026394429151
4.075710119002906
2.2853682704881066
0.22184088246285683
1.8089553928584792
2.379951179587806
1.070424789468234
2.719978315413755
3.33016211764334
0.6408328432007693
1.3216651292677852
3.319959149477654
3.2102072030538693
0.6508474292058963
0.3457979476370383
0.120445232882048
7.3087292552081635
2.910225032333983
0.07456822073436342
1.3096024421174661
1.1583519786727265
2.24560300813755
6.42318279347819
3.919435542302381
3.2057095267809927
3.797513804602204
3.6699706849394715
5.425063601738657
0.2787458071834408
1.279411775059998
0.9987231020422769
0.0931427567920764
0.4462068121501943
2.031339147055405
1.609634700427705
2.327039510499162
0.38233951984148007
0.017908714908116963
0.8066994075197726
0.3836119879488251
0.43557356320525287
2.272109737758001
3.1410756094628596
0.24206329178559827
0.08753172318392899
8.187817502883263
2.0877083693558234
0.47822095405717846
0.13009325405437266
2.175440684935893
0.16661371654481627
0.13832055994134862
0.33715211101662135
0.9467677530774381
0.4875883853965206
5.689775135622767
0.1483793483421323
1.3135698428668547
3.143488785470254
0.653177785265143
0.6123650257868576
0.3887382531975163
4.871000710736553
1.8210737510380568
2.5340526166692143
0.030039600242162123
1.310575599920412
1.0236187692426029
0.7621943387857755
1.1541297639996628
0.7730218447759398
0.6339273523553857
1.1192466649081325
0.36590172314754454
0.7199622741973144
0.9445791540565551
0.42416178168787155
0.17675732087081997
1.2979941995581612
1.4474051994038746
0.1947359974074061
1.8416691301827086
0.9780309518100694
4.3483485954857315
0.07236861751880497
0.30353465721418615
0.7320003640343202
11.909319957223488
3.8911061375692952
0.30233607027184917
0.2515775477513671
5.235773814340064
1.536916923156241
0.12008716155105503
2.317360530803853
2.5304020093608415
0.5429923962510657
0.1065109688352095
1.6090545150727849
1.209967507114925
0.13218555353523698
1.3718299926622421
0.5379013922502054
0.5830130475806072
0.13428230729914503
4.743600203684764
6.577371154176944
1.9084547867023502
1.0857470885457587
2.2786301928645116
0.05493664157256717
9.672943672157999
1.4473813304357463
0.24687678407644853
2.358722667086113
4.560057644084736
3.286652607435826
2.0853963656481938
1.404107754919096
0.27716053639596794
0.9842057740097516
0.023335809783020522
1.7231395673225052
3.6964144859375665
2.4640648208151106
3.351381856460648
0.17250462694937596
2.318643828846689
0.9783029159661965
0.5745059937398764
0.5540053797230939
0.49969458411214873
0.6197280039341422
1.1084496620023856
3.157577863545157
3.588458722406358
3.7730611058796057
1.695941669473541
1.541516607576341
0.26820142378710443
3.258342809152964
0.501538094584248
0.21279095643694745
1.0180867774834041
0.21113869240798522
1.6237096720797126
2.9182621580766863
0.5776934656314552
0.19876517260127002
0.6552840387448668
0.14094763543835143
4.510228799947072
0.07978430767252576
1.2220580695284298
0.0036399248128873296
2.2121640861587366
9.176782199399895
0.7070092695139465
3.712674635600706
3.3103483535378473
7.844783119056956
1.331623335609038
0.13251441971078748
0.3552565310819773
1.8164248290049727
0.2756632329619606
1.1629739893760416
0.018718768835242372
0.15236677802022314
1.9934808065299876
1.7466419460251927
4.063628963689553
0.06355887456447817
3.9461798018528498
0.7345456332186586
5.9341105176499696
0.6470682894650963
1.935899201213033
5.698346860888705
1.1569183359024464
0.5542026297480334
3.416767111797526
2.81579975533532
0.5158209856817848
0.3725217267856351
0.33895624861179385
0.3763471539350576
0.6395544652259559
3.8952123550188844
0.42630771947005996
0.8041748424293473
1.6873785509742447
1.134621138422517
4.318066366620769
1.912849938904401
3.092874594301975
0.18008235484012403
1.1831045928047388
2.0152014381383196
0.2790412809845293
0.5995403910346795
1.8064020528836409
1.574494039210549
0.7846102749463171
0.027775864109571557
0.7380123073526192
0.2683689436817076
1.8227822234330233
7.360957416793099
0.8407946793231531
0.8235307140566874
1.820260341046378
1.3848064316771342
0.7747428361035418
0.15377970755798742
1.1992304181912914
2.983713567875384
2.1457958578757825
1.0350867584202206
1.8626475352575653
0.46750914396398
2.1597740079960204
0.16175942154950462
1.4927976258040871
7.488988683318894
0.2914646492281463
1.864541387920326
1.4333237905520946
1.930180687471875
3.7638893493131036
1.5579808094335021
0.24305420347081963
0.007724616058112588
1.0018255182440043
0.1965404959555599
0.9415491644322174
2.267914595453476
0.2800522076213383
0.7733816062900587
0.6128101445647189
1.3264867752950522
0.3462209434437682
6.738936348119751
1.0035612155988929
2.259985128104745
10.357352613245894
1.5082890715784742
4.793712630947994
0.3142762456336641
0.5553608452246408
0.8327103953051846
0.46188329524738947
1.0503859886375722
1.0347624873902532
1.0639871878083795
0.7226689811359392
0.9362403422564967
1.7069041287250002
0.4706093819113448
2.334848667233018
0.5307941691789893
4.136733781109797
0.08334305863536429
8.094886200880865
0.5079336685012095
1.2050530018968857
6.06522678166948
0.04181409296870697
0.4390595954610035
0.26284202225360787
0.2932333438147907
1.598480218963232
2.3996167372970376
1.97500985138322
1.6494918481621426
0.06134406507044332
0.18913927523681195
4.185212668351596
0.04376699269050732
0.30795631024375325
0.2927984674097388
2.481928347093344
0.8821397838910343
0.0712667808693368
0.39867160752328346
0.57409904927772
0.16929453871125588
0.247247371065896
1.6135122961059096
0.6367915396040189
0.6836181970938924
0.5135261612304021
0.8103554262488615
2.497463140687614
1.1833712774969172
2.4985229375888593
3.8608693824644433
1.4225662404496688
0.6165314182217116
5.967082445829874
0.2851195918483427
1.1595582880981965
0.9901108002813999
1.2660727876791498
0.5619032420800067
0.005726316318032332
0.8007660562216188
2.3635730327296187
6.707111928386439
0.2905280441773357
1.7060082057505497
1.7660451772244414
0.3258723640756216
1.5934776649082778
0.07737174632347887
1.202866020903457
0.9467404486276791
5.4476048615179025
0.8891397776606027
0.06709577748551965
1.0752925003762357
2.8226768369568163
5.526028067070001
1.1601989302725997
4.015780354486196
3.34592128489021
1.3931502256236854
2.2013517269224394
1.1676206061019911
0.16271515898552025
1.589334641219466
3.0528815405268688
2.875643127139483
2.2545739709821646
1.696860180607473
0.11091685594146838
0.557102587481495
1.8883060359294177
0.07831997715402395
7.048630889221386
1.6082968597111176
0.5500299083505524
1.3220417902921326
0.6225580990139861
0.7964633735391544
0.648719820084807
1.313413963856874
0.8966156435781159
0.6020386418094859
0.7081579059376963
1.352310855370888
0.6930512099570478
1.250202758667001
0.5109099146429799
0.30717039316368755
0.8969471858581528
0.69575503620581
10.787854567002796
0.3207596894717426
4.633945893561759
3.4370874422384077
0.15335062799567822
1.019049613372772
3.664770619281626
0.17888160875736503
0.8838271721615456
0.005755454280006234
0.033578597285668366
0.514439136859437
0.13048823450662894
3.2909695348425885
0.6784159200178692
0.2966865903654252
0.5040074513453874
1.0366314375860384
8.233653901035723
2.955320768916863
1.2966288022507797
3.242274617026851
2.9440453974239063
0.01526539623591816
1.0472042206383776
2.6889444084081333
2.9360572898876853
0.48452689873374766
2.206556046716287
0.36024730120698223
1.200744572961412
0.3574487325749942
0.962840529064124
0.24113229176873574
4.687228308946942
0.05112485964491498
4.658943747053854
0.04890566579706501
0.7073558789852541
0.4011536728939973
0.13216913352516713
0.6943412481996347
0.5039661048067501
0.45065068704570876
3.4613881132681854
1.9530825363253825
1.26275546978286
0.9276800801235368
0.197191037099401
0.04219968704273924
1.5320031320734415
0.5556072089530062
0.40172344195161713
0.8963292345724767
2.5872860811068676
6.884457988919166
0.25040310152689926
0.058240712562110275
1.1118398014950799
1.5832188237909577
2.3423909227494732
1.5145641059280024
7.482074497391295
1.202599469877896
0.4343574937302037
0.3236577625211794
1.518197981029516
1.0478089139287476
0.16817629009165103
1.1801625353109557
0.11229796672705561
2.0062070468775346
4.431564733175037
7.9402295223626425
5.250062504637754
2.030025218591618
0.038307449329295196
2.311463389029086
7.605483601124433
0.9019578272927902
0.6102668225503294
1.9491305127739906
0.09516576632449869
2.01032946867781
1.2283488098619273
2.4045946505793836
0.28550225571962073
1.0041048919665627
1.5534001778723905
0.6298885398282437
8.504788444013684
0.8311826304561691
1.0955608458680217
0.5231027757254196
3.2456562423467403
1.150272919338022
2.4545550455222838
0.6658240616816329
4.887132639094489
7.869855450881005
4.189013668939879
0.12067453023337293
2.683700181521999
0.6238122239956283
0.023633082200831268
14.300439658567484
0.05896648659108905
5.752955475167255
0.013029190718953032
0.4422575516291545
1.3013423753436655
1.7963056152293575
2.697796064945578
2.142850910546258
2.685480892600026
0.6516004375298508
3.679444051696919
2.014017876019352
0.4015504151175264
5.002336655714316
4.814529037539614
0.09142005415924359
0.07333934502821648
1.9307293780511827
3.0356227306619985
1.9803616951685399
0.08790568839322077
1.7626092645368772
0.6965306999118184
0.28756835432432126
0.39120367854775395
2.199991916604631
0.48173488755128346
0.06586150856310269
5.622170070630091
1.331836374476552
4.016201208556595
0.285562689845392
0.01495352057099808
0.025235009503376205
0.6607180482751573
0.7373255344500649
0.4155541223153705
1.3255136509833392
11.817809909305652
0.11728811016655527
0.5902765614300733
0.6516951845551375
0.7767023033084115
0.20290905378351454
0.7793294904549839
9.709182742932171
4.760412882023957
9.515464330674149
2.1259686660414445
3.680663470768195
0.7593160675678519
0.8757598597512697
0.19034245140937855
5.2008520498275175
0.9189028795808554
1.4295414954758598
1.5376002572666039
0.9172860372855212
2.335280286781199
1.5159316526260227
0.21287722230044892
1.5752258830470964
8.579042706252949
0.18086505751125515
1.7651708242192399
1.033893055813678
1.1010867223958485
0.3085269876901293
3.0800310750491917
0.5071838937728899
3.158447664223786
0.8488363717042375
1.7147783295658883
2.845018422740395
1.384592083391908
6.867321795718453
0.33605740769417025
2.2269638735451736
0.08201074117096141
2.8235314576450037
0.03495194726565387
0.45399178536899853
0.32216080967191374
0.4164899903043988
0.2928269751428161
1.895366728771478
2.272403929870052
0.027865271156770177
3.6728494945782586
1.884688348560303
2.764733412215719
0.1013432928812108
1.9251231440066476
0.07359894765249919
0.9006697347722366
1.7045866922853747
1.5959974938014057
2.9085552691904013
0.15477056308736792
3.2572013231547317
1.24844481422042
0.4345426914951531
0.7518357554799877
7.650337369610497
13.710586900218914
5.634176507155644
0.23996112560416805
0.6250280620224657
4.906056889260071
2.0368785780883627
1.032437035253679
0.524518653350242
0.12268695515376749
3.9006304791910225
0.37939333126996644
0.36699102562852204
0.28837527636642335
0.009838008591032121
0.9411316470868769
0.029612401413032785
1.645409120246768
0.36208674206136493
0.6506590813150979
0.5760941237022053
0.8561804304190446
0.9556935211512609
1.2943958958421717
1.7038924828375457
0.49115291510679526
0.13729349014465697
21.65175356020336
1.677947067459172
0.26727889465837507
1.7696287139624474
2.1018839515309082
0.8642167549041915
0.10773712230002275
0.48551351952482946
1.6808540004567476
0.5464421321084956
1.2725434600288281
1.506907298884471
0.8554491722752573
0.12664358294568956
0.9057530499485438
9.537173785400228
0.8636523613822646
0.716522963346506
1.9698033782260609
3.1307720498662093
2.1238416401247378
1.3129837857486564
0.11359518599056173
2.352711767911387
1.1455485220431
0.6344885633006925
3.8729335491298116
1.5948985885479487
0.38220690582238603
0.0418113081032061
1.109216513883439
0.7221871802394162
0.969195611840405
0.027290937228826806
0.1365240129380254
1.224487010134908
2.368387403548695
0.7559142095051357
0.4593261414192966
6.86546712226118
0.43541998123691883
0.1579137251683278
1.8962738640184398
0.49464999883639393
1.7651746821502456
0.9029458456061548
0.19758195125177735
0.2862296861130744
0.97564810251788
0.7652194360780413
0.6065071047923993
3.473986348391918
1.807187209793483
7.916895754417055
3.247881911949662
1.043542745122977
5.315967680297035
1.6218997530813795
2.4957950029638596
0.7858548779768171
0.7599828041784349
0.15483438559022034
0.847607775045617
0.23255508782312972
0.22487623176857596
0.18199757366528502
0.6051564064109698
0.20763977893511765
5.920265176537214
1.1735975139090442
0.19279533723602071
0.5056363087642239
0.8476533593639033
0.011028373723092955
0.4608054235941381
0.8528984771692194
2.0104441862131353
2.3960866624474875
0.17537005072517786
2.138074807007797
2.2843673522220342
0.9553911258044536
0.4632652467189473
2.6844961262104334
7.844102905684849
2.0478436759658507
0.04277943040506216
2.0679895701177884
0.6726014961386682
7.334564838070946
3.3343680250254693
3.0281858537418884
1.8298848444974283
0.9724713458053884
2.2557828604694805
0.11458800250693457
7.173726966895629
3.0820735663583037
0.2629135655151913
0.250995638409222
1.4496359170152573
0.598361384087184
1.4423573787498754
0.610138778363762
1.566423782162019
0.10684995282645104
5.916689481578942
0.29168831344577484
2.5607224173654686
0.4331702625640901
1.2016239441363723
0.9601585182026611
0.3634789138886845
4.4643037838322925
2.6820313015778083
0.8619343492100597
3.885408547343104
4.648974429750524
3.7660086063333438
0.14727789630705956
0.8231634885378298
4.446933322564291
1.2796973794611404
0.045498060309910215
1.1024379979862715
1.7288413255300839
0.3002919464270235
2.534368266526144
3.0025059580802917
0.10931551310932264
0.09522790576738771
4.293271434144117
0.7827232186609763
13.239206646328967
2.4359804697232903
2.3314316010073526
0.9259624813203118
7.337956885734457
5.689480492997973
0.11875961235637078
0.9672233686287655
1.970927692920668
0.7871595186879858
1.0559562087801169
3.3564735340187326
0.48509664039011113
0.40674603122170083
2.323239396486315
2.5171912517689634
0.18142632875969866
1.938551677907526
0.15493645316018956
1.5672069959982764
0.0848800642779679
1.8883932434473536
0.10827676439657807
3.2517454756525694
1.4603062494425103
0.05215764948661672
1.2268675440209336
4.048238777577353
0.19708882323175203
0.12062522323685698
0.361350162565941
0.2687262383115012
9.854707901307847
0.5059996599593433
1.4772577647527214
0.42455774013797054
1.924948937499721
0.3607423506255145
0.3036725795609527
0.008822619085549377
5.009501979337074
1.7941012613882776
0.29680806033866247
1.225763655929768
0.2946044060809072
0.007514626151532866
1.2741189543739893
0.5248331373077235
0.1129871156590525
2.9646314753044862
1.8985419432574417
0.09860718325944617
1.4634721399197588
0.34108325895795133
1.1615080615665647
0.6661173768952722
0.7746817699298845
2.5173852729494683
0.07797958446462872
0.7015677852759836
0.737205887606251
0.029147631175874267
0.22547402166674146
0.21829907059145626
0.12450900421390543
0.3518437141246977
3.8693299580700113
0.37835519934014883
1.2258421974547673
1.631475562840933
1.2035410767202848
0.10549959578929702
8.428701095355791
4.81543918614625
1.8367119356335024
0.5473293303075479
0.2824534671744914
0.6105178954530857
0.3310235264507355
0.6530885214087903
1.2812933504756074
8.746671351931582
0.1641985249807476
1.825372496561613
1.015966140119417
0.09411025761073688
3.0308771967247594
1.345886256553058
0.8560421549336752
0.22560838914068881
0.033707614420563914
0.6007416525389999
2.7379264138435246
0.010447440799907781
0.1836859558170545
1.5308214779070113
3.8934314464058843
5.971344095814857
0.6310287246378721
3.6879554144616122
0.02301175117463572
0.38099668227368966
2.8120866346071125
4.813501769916911
1.0801222605950898
2.031843757155002
3.098219521511055
3.4369796389946714
0.1185402579503716
0.2640656606236007
0.30696397727297153
0.24461375673126895
2.481644420644443
1.594553377603006
1.715297655777249
0.0527731210750062
3.6967279235541355
3.5078017400446697
6.936023049296637
0.09433129023818765
5.403865454834886
0.18028542682441184
0.1874850992608117
1.7669987850968027
0.5390985861158697
4.190145438318723
0.8720362593157915
2.0919093964257627
0.3782124861390912
11.988193667879386
1.1373110030181124
1.679957096297585
1.8604927936394233
0.14913940852420637
6.686329155483691
0.6262060684821336
2.5360903553519165
0.9697953485883772
0.41119801203603856
2.5732668194323196
0.012491023058828432
1.2824936798933777
1.8306065522701829
0.0754686242871685
6.1053996899790945
0.706561001992668
0.8430921955005033
4.155208817101084
1.5786254597987863
0.16843317695020232
2.5961695945370593
0.5666542420876794
8.720225860743085
2.618232995395374
1.1958172317536082
1.1457667223294266
2.5933730761826155
9.442331801466935
1.6000262189481873
0.5410341962196981
1.1022510813636472
1.7935711244717822
0.374250859276799
1.6746156692970544
0.2711550968379015
0.7177596655747038
5.809747748426162
0.055118571523053106
0.48875417994713644
1.3673274128886987
3.1857122680085013
1.9262665068017668
2.506688766705338
0.1678554289683234
1.0061566254444188
1.9485500773153035
1.9041114699502941
4.653092632070184
0.355167835514294
0.8760996088167303
0.7083841552230297
0.137379756597511
2.06983202410629
2.232261259596271
2.6147886518592713
1.6979217390908161
0.4362505241224426
0.24278829215472797
1.0594842872960726
1.5388394429101027
2.912077098946611
3.0496701152442256
1.0683670850048657
0.8232505763808149
1.2025567966484232
0.2683024574726005
0.6616574591753306
0.25161203792958986
0.20429936880100286
1.9208682031967328
1.1616370434421697
0.23863099859590875
0.2039584068406839
3.1565488364212797
2.7292070933108334
0.5629313556055422
0.6115903526297188
4.55092624352983
0.9249142396365642
0.29834221152123064
0.33876825717743486
0.7133767579653068
0.19435403471288737
0.5801066377025563
1.654739425466687
3.8527799873481854
5.879748810984893
0.057472205386147834
0.6370851099636639
0.3637907286101836
2.006649320515862
1.613205843117612
7.6264773388029425
0.49855283034412423
0.08063255945307901
0.1923275093358825
0.4536371571448399
0.9717762840009527
1.1882295162286027
2.2374848592371563
6.191635975512327
3.5390948406638927
0.6047478241525823
0.3755318775365595
1.5782836161888554
0.7242153093611705
0.7637933023288497
4.903722299844958
0.7427640590976807
1.6266454349315609
1.919408104433387
0.9885006038894062
0.17241959977400256
0.12649322509969352
2.9609210655107745
0.42521755349298473
0.09321505862317281
4.299749575890019
0.030810143405687995
1.9125885709217982
1.7339455538822222
1.9922193464299198
0.27805523017741507
0.6814492582998355
3.575551053021627
2.0582461101730587
0.01449403980950592
2.2000517634805874
2.230532028945163
0.8642467708777986
0.5712385708175134
2.1735041202409775
2.5859588369203266
0.7715023450582521
3.9327934271277627
0.04156476818025112
3.5835754581712536
2.672220316278981
1.7388530694879591
0.8003860154130962
1.342552139009058
0.7234559510397958
2.038758174450777
0.9988109430923942
0.9666167038813
1.20895796197874
2.459338882836164
0.013395274101640098
0.7243261680196156
0.37448954570572823
0.9828962366300402
4.620213150410564
0.16810670867562294
0.5889507856554701
0.26333461004833225
0.2838835182847106
1.0997989597453852
1.035369410936255
1.3651698877874878
0.5314588686669595
1.752032639553363
0.15979554571822518
1.2116389564835117
1.472971080802381
0.04961726580950199
0.11361863357160473
1.6643887963582529
0.9476086544891587
1.0217468550108606
1.299577946170757
0.5183682809874881
1.8485456669950509
2.0121312764531467
0.7496363820901024
0.10049844915192807
0.6705559811525745
1.3497182445717044
2.031225966398779
1.3505822616571095
0.50447887476912
1.5187919049931224
0.47341037838486955
0.9855017258742009
0.703055327598122
1.8358802843358717
0.010986607194354292
0.41110856713930843
1.7159146873527789
3.051692879089387
0.039436388105968945
0.33971117599867284
1.0027781115786638
0.4788047188631026
1.1841738034927403
0.2294333839599858
1.316781062298105
0.563794531248277
0.7742857337725582
2.4301164375065127
1.915846508971299
3.6922362911791424
0.17950019855925348
0.171484657585097
2.3036087256259634
7.013436562214338
2.166158907028148
0.63669413907337
0.27546857887500664
1.307379429701541
2.3566347351443255
2.7861875652888557
0.33270597895170795
1.6901354051733506
0.8319314553082222
1.121402680350002
1.5874097342966706
0.8670399349139188
0.9908817627074313
3.0032984263816616
0.772546247637365
0.056137801919248886
3.940162047299964
2.900179958087392
0.37245385698770406
1.990236504978384
2.0468892573626363
1.1320345619678847
0.14533420786756324
0.5806015437337919
1.6471190340453177
2.192876719040214
1.176789796925732
0.39691322296857834
0.2046084705652902
0.9766347847908037
0.4610274294464034
0.38621306195273064
1.781795365808648
0.948685357485374
2.4130873388348846
1.1645417819163413
0.5227839595390833
0.09668508463801118
12.746862461754063
2.351671455959149
0.1260641713743098
1.4717149894640897
0.6939055776310852
2.7099191599118058
0.41220909097319236
0.0838874729743111
0.4333726861150353
1.201648284732073
1.5869667619481334
0.5328801752184518
0.056179686907853466
0.21923589556536172
4.706105810990266
0.6380635346213239
3.356087307111011
4.850577667406469
1.7138734377804212
3.116516727117414
2.0053332638999564
0.5260285667900462
0.37367229763185605
1.5164798273253837
0.763184082810767
0.725061931872915
0.2535278785726405
0.5523952275398187
0.845289145501738
0.09524707564560231
1.1848187271971256
4.058767680166056
0.07251989762153244
0.5335945019978681
1.7043654240551405
1.983280626598571
1.8774535091288271
2.3550015277651255
0.5856984364145319
1.8287728497671196
3.9991788810875732
0.45756077399710193
0.05117266775778262
0.8584189964894904
0.7656557108348352
0.9519893410615623
0.4757113506711903
0.6418623861172819
3.2120176601820276
1.1220180821619579
1.3700416169522214
0.758892358680896
0.8389208444059477
0.9670961248048116
0.25856605919398135
0.9230331547732931
1.6579496212943923
0.8959434775606496
4.295682049712923
6.415862978377845
0.1677149130118778
1.0934183067001868
0.34945882400643313
0.1648220439965371
1.1738526057670242
0.4406037126755109
3.847106910216098
4.055392248592398
0.0941810886215535
0.5826870852906723
0.7598755804065149
0.2150809846643824
2.003368592602783
0.1301167395649827
2.202970274280233
1.6375797687942395
2.3733685271799914
0.6018552595269284
5.153909072476381
2.0912390479206806
0.8860812464845367
0.26057762410346186
0.18275458136486122
1.3537301799442503
0.2971797890786547
0.2740440179986763
2.0273427945940057
1.4027385182198486
0.24319525843020529
0.3347471193119418
2.4663695016424754
3.511291336501017
0.7538030272044125
2.735829060424294
0.292288721393561
0.7911416343777091
2.409790612044162
1.0696764276217436
0.008520514289557468
0.32387094062869437
1.682010215416085
0.8383226313089835
2.294951304582355
0.02040805092838127
0.490180669738038
0.5401785730500706
1.0863158363572438
0.03492987001664005
0.3152053112935391
0.14027935550257098
0.277780777461885
1.5564077626622748
2.382456450512109
1.4835720703049446
0.26078368670277996
1.1556209720511106
1.399424147894024
1.9278688653139398
0.27806395091465674
5.39928295352729
0.2889759745376068
0.7647556719457498
1.9435194967736606
1.104162071023893
0.12877543925424106
0.020604735298547894
0.09426472241466399
1.2225679538532859
1.6194396079372382
0.23867826617788523
0.013963885758130345
1.4827736758088577
0.3780679615738336
0.9229231718200026
0.05563512281514704
0.3592729697629693
0.8115328679341474
0.6326709087807103
5.035441178981273
1.8471661686417065
1.8587580363673624
2.8154067405412206
4.444899513873679
1.6316351205387036
2.833172488739365
2.8104523090296425
0.12248037778772414
0.3122862220989191
2.1780035049887374
0.9838874187698821
0.04108183032803936
3.1257190200922196
0.24595892481738701
0.7595588006879552
0.00040463735058438033
0.25402105442481115
14.583625611172465
0.7726346794734127
1.4221933943917975
2.764933691600163
1.3585975694368244
2.446752174568246
0.9914571405679453
0.6384601051104255
7.031614891726349
1.4963039740905515
0.6942366838120506
1.223172182966664
2.142714124536724
1.1133714420648175
5.764337713662826
1.2216340451850556
0.003089978352363687
0.07599559923983179
0.2924024327658117
0.7723224982837564
0.7757794577701134
1.3716233024460962
1.8531847035337705
0.7347449393855641
0.6211622086120769
0.06125686263112584
2.7086990530369803
1.592538889744901
0.36911402234545676
2.0343283116599196
0.13879368707421236
1.290498320122424
1.6789687543714535
0.7209493804330123
2.110588600502524
2.1151685699878726
12.53872990450327
0.48640547940158285
0.6226685949150124
0.5990369045684929
1.80208660770586
0.701696293814166
0.3044008777505951
0.6506859263827209
1.821627154313319
1.0346378897302202
3.451206852274481
1.2740306973646511
2.972019770553743
0.8789676665765
0.16208763191389153
0.07546130975242704
0.6846983326249756
0.6155748180608498
1.0136077241186285
1.2325363032432506
0.7592031700478401
1.1079948110855184
2.5293688639212633
3.5801703462711885
1.5594438645857736
0.8476138684127363
0.7174295348740998
0.8810628289720626
0.004756467838888057
1.4635267333869706
2.1138603414583486
3.916847155371215
0.07779818960261764
1.8104521483910503
0.5172098630500841
1.2396340139166568
1.8020808465225855
0.7214364786996157
6.030826647132926
0.8868772102650837
1.0848619513853919
3.1810118128196336
1.9435553370203706
4.814428628822498
0.5871286151232198
0.6869935778086074
5.0252360886806855
0.17971221289917594
0.011486822601000313
1.284042401581246
12.626744859400787
0.8916865170976962
0.2682834402221488
18.732649268487876
3.376548606371216
8.584445424654405
3.53531940990797
0.4347719941069954
3.3430922005791217
0.9096388933176058
0.46610909719311167
3.972511159729038
0.7541317996292491
1.825849860884773
0.7286443835837417
1.4796471703593852
1.5421030413926928
0.8604367167063174
10.997272565640742
0.29039509707217803
0.29987608970259316
1.2390027088331408
2.1181178295228165
1.4010694897879148
2.8129704417297035
2.120364473106747
0.20836130112002138
0.42495474059978733
2.7772622185584623
1.9044705811247695
2.0975409649618086
2.9809561572183156
0.6968269549324759
0.027634151090751402
0.6260466585881659
1.1892773983781808
1.144657537159219
0.6071736404192052
11.240110189850384
1.1123232831887435
0.07743016370659461
1.7206092821725179
0.019621892810391728
1.3087295238656225
0.8597694862401113
0.08744932585977949
1.9505525904751266
0.6973762686175178
1.1766350647667423
0.10494478902546689
2.1678598397775204
0.20944557748589432
0.24629073703545146
4.929161259999091
2.2969804835374816
0.7726988701688242
1.8580930115276715
1.567200951911218
6.7346308721316746
1.6690476227086037
0.12370959443069296
0.20913096889125882
1.77954426722863
1.3734526957923663
1.789882525750727
1.247012217529118
3.680187596430187
0.20771247972879792
0.12665137070871424
0.40349444335879525
0.12153726026008371
3.530288015383121
0.8407900295133004
0.24829890210094163
0.16215165440371493
0.24159508724551415
0.014476536714937538
2.9172424801363377
0.36930748179293005
0.024818931124173105
1.2002967086227727
0.2980290468694875
1.3777553108448046
0.20623511148733087
0.4835681139229564
2.011083171251812
0.4763953874062281
1.0738210892595816
0.5034485056676203
0.8029532901418861
1.3700536969990935
0.7342173609140445
2.1262772559493897
1.6337447370169684
0.6081905235987506
0.20128671423299238
2.410543576326745
0.2545223043198348
0.03516845087870024
0.6794141238060547
1.9954219369101338
0.4241684181833989
0.27536471968051046
1.3768133604389732
0.9635434616357088
3.7042035157428472
3.0238530869755778
1.4821293480199529
0.19415155582100851
0.1300128684597439
0.1854923815917573
0.6841547983640339
0.06608387263986515
1.1013344897146453
0.8307883536908776
2.5785316800975124
0.11287310675834306
0.5750443204451585
0.48665758143761195
0.19702781340311049
0.6188173561822623
0.7421677078382345
1.5492363079974893
1.4238616144066327
1.3707223663004697
0.5229259627230931
1.3907927344553173
0.3974010242091026
0.24709287498990307
0.20150269155419664
0.7122131626310875
0.32162847618747037
0.08395202028623316
5.062674618777237
1.1278386437843437
1.0244148115743883
1.413877503182448
0.211888484787778
1.7963027093792334
0.6892575249512447
0.2622401164917392
5.652328767995641
1.1419721583588398
0.03372058874811046
1.3352903234845144
1.4160078758504824
0.07983282398345182
1.5033322972522
0.9514655297316494
2.539415786988684
0.025192298613546882
0.2566035101626767
11.164121591369621
2.523283183123567
0.4597302031761501
3.528277173747483
1.6126079782188754
5.323040799994487
0.501721734093735
3.111490863506333
0.6489411418733653
0.3843410494446289
0.5564587817862048
1.5538361820727005
1.3036224600145943
0.18682855011866195
2.0327564237231854
0.38962673150672344
0.9573353514133487
0.29113110660546226
0.8428542008914519
0.1104116107308073
2.4166007365565747
1.4589560381209594
0.41791889746673405
0.19039169886673335
0.42592593174776994
0.19678744563861983
0.5553269724841812
0.9556332144566113
2.0998348183347844
2.3220026201815926
0.3635868979472434
1.7609547726242454
0.5421448619599687
0.1595553930164897
0.19867171523947036
5.734113330225227
1.233199237351073
0.8419258667781833
0.1532183150484343
0.25851869612233713
1.759077706017706
1.63102947310108
1.2865050082982634
1.2137653182653594
0.09006736868468579
0.26741946220136015
0.5451425915962318
2.9041428102646023
3.111741526518017
4.192525128091802
0.5301568370632594
0.2430468974998803
1.3919671734038275
6.316025199412252
3.6232741764979437
1.0584336448227987
2.572194576729089
0.41874774317693664
1.967092905935715
1.756340725980408
0.15959516069415258
2.5772099173627794
0.3730041115049971
0.35432577233586926
1.2704819287755527
2.555725460370013
0.010774776776088402
3.8417938531856635
1.414951433216629
1.4971664475961006
6.542547316690616
2.9998674057715107
3.103806079343485
0.25365221873653354
3.6798014998275903
0.2815080659929663
1.6088517974712886
4.241412692863378
1.9013655197413755
4.138335618306883
0.8958032887094305
1.4028630204338697
0.21847691910079448
3.390566322566883
0.7943531882410753
1.3667181803830317
1.0026310049943277
2.4929331756356987
0.029524667777877767
0.6800879306247225
1.5824466573540121
0.3576907654351089
1.2697915246608318
6.100516225837055
2.519260938614025
1.0792197551272693
0.3868656858248869
1.6318626372958533
1.6328612698343932
0.15703496291826013
0.9381709249064443
0.05577388824895024
0.07394067910354352
0.062148298100510146
0.8885468431035406
0.1271574498168775
1.9000720182521036
4.400742991601874
1.001583723074873
2.080064329878951
0.9452896174043417
4.089922145321907
2.4480808072621585
2.4305600808365853
1.4901537347832345
0.5697758942769724
0.31429386593663367
0.37257670710096136
0.3306028521255939
3.842522164421098
0.9132857472650358
0.4956711386766983
0.5707264494776609
1.202393170176947
1.4996777438354911
0.8847608540309011
0.34722507909464184
0.03567403087799903
0.11744226448354311
6.0753902136930265
5.0116693475793
3.2312138329434674
1.1937126471311785
2.209013110594242
0.5409667163185077
0.41450411854020786
2.47119608878711
0.6978873832413228
1.1066971765758353
0.173221806937363
0.5795602361831698
1.3460545324196573
0.10251951982354512
0.4273148204665631
0.09238941902003717
1.2486120926769217
2.1442364556569373
0.48441826294583734
0.9128477643898805
1.7468792241852498
0.6265071795351105
0.05823601226438768
3.4600966262514703
1.7297310088033555
1.880480693114805
0.029763412894681096
2.222506277867069
3.991365289337409
1.5037105925148353
0.8051793389822706
3.0995244736986933
2.2641982959903544
0.8775703616483952
0.9862573831560439
4.286676801588328
0.13432688078319188
2.236714783095522
11.163417109499278
0.5976651611636044
0.03431437792460201
10.818595536416979
0.33703531966602895
0.694676797495049
0.47036371324793436
2.87426119652082
0.6336319506299333
2.054795281816041
10.45498054366908
1.599190315566375
0.8168235302291578
0.040090565649734344
0.7569953262063791
0.9871725489283563
0.6425030354002956
4.610734358604532
0.02291633788991021
1.169624717447732
0.6435133587947348
1.8552453065858572
0.6442182863538619
0.0962318996535032
1.9674033493356546
1.2430381437079632
1.3928407836137922
0.27708928688662127
0.07115584021812538
1.6777352627686923
6.317956909530039
0.11028267498477362
1.3222051623961306
5.4382781189342495
1.3727304818166886
0.7308593301859219
3.6214678543328773
3.4126830262539443
5.762138432961365
1.0967325630335836
2.5978871287879883
1.0579406777615077
9.103014069405617
1.403010216752591
2.6105785407562507
0.5527763536956627
0.5267336276447168
2.1669465703889728
0.2845094408112345
0.36213798499375116
0.6034414038658724
5.0218702816273435
0.6632069728584611
0.3269279251471744
1.3358882703614654
0.9754650621907786
0.6666033576111658
0.959875875574653
13.964056126023934
0.3235487136989832
0.3099639524007216
0.7590124446141999
1.3376575108704856
0.3661078630902921
0.5809707726584747
0.06166207769274479
2.179991187695123
0.8499936534426524
3.501624057927984
0.39026797131373314
3.2827403818591847
2.164348956430331
0.6447022781721898
0.04380380281509133
0.8082920718370588
0.10723322501871735
0.21334183790168026
0.12619473943777848
1.5437689393293113
5.674846960995637
0.1416239115933422
3.7819550138156046
0.21466571110795485
5.683387335040607
1.4566795266873669
1.8512656595630688
0.38367699577793246
0.18756322785338853
0.0905148200909025
2.3730967707379023
1.3733927662324277
0.3515303457243135
0.24595712304289918
2.0259217769125826
0.10199096865108004
0.01115000629943097
0.14602435610140674
3.160963579764939
7.6190539704984985
0.35582935838465346
0.5145829524772125
11.287735423735285
0.867689823404362
2.6443448787467787
0.2797496508137556
1.5638213243655628
2.3992536399528035
1.3845914874837035
0.22739211669249926
0.4707661115535302
1.2893655151565326
2.801294738870638
1.8845316735532833
0.4797585470805643
3.6196781210092013
0.7135929432333796
0.21878548055974534
0.2991896197927417
1.3498343688697787
0.10669929278810741
2.219236919125251
0.009874049908830784
0.41428639429068426
16.150957464902604
3.2561608540127054
0.05373170761595247
0.6808858952572336
2.1754251827806
0.2887533446919406
0.01825451491458807
0.13415379953949014
1.354043321327481
0.6456280308921123
1.1129576292660204
0.6296957287122495
0.5262847536287154
1.2499917602108326
1.866634151796461
3.9946527532156324
0.6606177592693712
3.282874778844416
0.12058752384473337
2.8940861986993696
0.5449526014635921
1.2426716987974942
0.2271200983086601
0.3827806873669033
0.4964143093675375
1.6574917564503266
0.2203783667719108
2.112255821681174
1.1439873470080784
0.16768663261609618
0.6931014912770479
1.7731886929395841
0.03369208124058787
0.47361077242385363
1.7697395433933707
6.342940565053141
2.0187558097823057
0.9874310080194846
2.0158712832126184
0.7005408726618043
0.40651790836272994
0.9452130666468292
0.465528457381879
1.7439687932564993
2.1618759115590365
4.624718569168181
2.5237533059480484
2.1597149510052986
0.012370548232865985
1.5496312189425225
2.5683554819770507
0.07753589456842747
0.5750952908856561
4.484093993763963
0.5606505938703776
0.0805065643726266
1.8073607468104456
1.7742167703181622
0.19245170227077324
0.9147189127252204
0.07067761542566586
1.860764685749018
1.5436657536629355
0.4569160988103249
3.078500936382625
0.5437069662875729
0.12711883161682636
0.662616716537741
0.7755763176173787
1.9884300183548476
0.527413518371759
1.840531309353537
0.013493206854036544
3.5606296911646496
1.6338689420299488
0.6479869313334348
0.18549425407400122
0.22671337680367287
0.7674055937095545
0.34419571450416697
4.7328655046076165
2.036159036659228
0.5694412810480571
1.0457481010598713
2.442856204645068
2.4871776626605424
5.504442422505235
1.4050081925306586
1.2515749860031065
0.009485459158895537
0.9724566731820232
0.12770834091497818
0.5631218670241651
2.939659894036595
0.4103235826623859
0.6849024167604512
2.2728427632609964
1.2270739683008287
4.344092135906976
0.08230782832833938
3.8108709955849918
0.6372301393639646
0.2804872976994375
1.3477611081907526
0.916353160617291
0.8998329981404822
0.6309218964233878
1.1833692897780566
1.667157954943832
1.0280126235520584
0.8900973159106798
1.1363636438109097
0.10800649457087275
1.151748992553621
2.208421742085193
1.518936113548989
4.045862709623179
1.5505970886151772
0.8490839662554208
1.8021395585383289
0.6970349579351023
1.2337521476001712
1.2071739011080354
8.319991043696064
1.2130932579239015
2.2368066107082996
1.523795494773367
1.5061257693669177
5.0095392219300265
1.5630189649455133
2.79509638545278
0.8128069113008678
0.19027569969330216
0.10271459240902914
1.174304514643154
0.09637157506949734
1.534688369516516
1.3733249733195407
2.2321681954854284
1.614425992287579
2.141814927563246
0.23619226527080173
0.26984969560726313
1.2391979772219202
2.4202516310324427
3.1280934587484808
4.256085075168812
0.24581012265116442
0.3211996115351212
4.687896328141505
0.036081605656363536
1.061403150582919
1.8302004555298481
0.6122550016007153
0.4514766809588764
6.618494591180934
0.6296044654009165
0.822778352201567
0.24465770232927753
7.461612093124131
1.0277435054231319
3.3634110221391893
0.6641582213051151
1.732034207729157
1.7895534110502922
0.6909119477932109
1.8966002390443464
13.489658775863063
0.9830981735285604
0.2350281625185744
2.104193710089021
1.489493205321196
0.6201748215025873
4.627311785930942
0.2886731323742424
3.289431923694792
0.8216786677730852
4.109624640208494
3.5157236164450296
0.9469213169650175
1.6809955538192298
0.018895862333010882
0.9048021351991338
1.214491047852789
1.6277042706351494
1.3487731164641446
0.5284521683206549
0.37821751221781597
3.952587549116288
0.013624965911731124
5.726188844528224
1.2333733336417936
3.3569101756147575
0.3966227528217132
0.020890691987005994
2.7313428201014176
0.034562062297482044
6.55552839468146
0.8317520863856771
2.6534228951713885
1.0605811714631272
0.44974276080029085
0.7362026720657013
2.041318679090182
0.4602134225788177
0.6529598591878312
0.2268410213800962
0.41039982483925996
3.041049008243135
1.1298166020933422
6.219549911234935
1.1762298387402552
0.6566717690511723
0.9098488274830743
1.7336009395075962
1.1287871792083024
0.4323946924560005
3.754214183318254
3.7400057010090677
0.00939898107026238
0.04976969709969126
0.47031323229748523
1.2159128603161662
1.625455766734376
4.259334577480331
3.3993681371648563
1.4173864174081245
3.804698753840057
1.949020782376465
0.3009848677102127
0.9156342520363978
0.059581778790743556
12.709347742347745
0.37156623705959646
2.2133230067120166
0.812341175354959
1.4899533599455026
0.38768894421082223
0.18544331728480756
9.726311632955913
1.1075694967803429
6.08506415955344
4.675101043372706
1.3468245514886803
0.7196996797792963
1.682672427057696
1.1994578634112258
0.6987696726355352
0.8878484965898679
2.425262517455849
0.19654258350055898
1.6436487389873946
0.03965757063997444
0.9316712227882817
0.12725968208542326
2.6844964578267536
1.3411576521248207
0.7899373288819334
0.7788830536228488
2.8505039100055
3.270625200413633
0.008055833415710367
0.16294298329012236
0.30824001780274557
2.5941001089522615
2.8072212232655147
1.0658826472863439
0.7455954334000126
0.29697543218935607
0.9869524430905585
0.11746552594559034
2.911197888672177
6.443397682545765
1.0226603636911022
15.392536315986945
1.6204835069584078
1.5514783697217354
1.1491228973245597
1.284009014176263
0.7959396526639466
0.18220840362482704
1.9494005885280785
0.5554930477810558
1.4532079683849588
5.876796133234166
0.1246636485302588
0.7703258119508973
6.766394495600252
0.7865679810129222
1.073612950021925
0.49200834203656996
5.344193008029833
2.5256361393185216
4.216444320125447
1.1714243850728963
0.1991358266750467
0.21720030919095734
0.1676760133341304
1.2745894214313012
0.23933479292463744
0.6995176958735101
3.5233432638196973
0.9941846957299276
0.5772876053524669
0.6957348458672641
1.2330555569642456
0.5389282769829151
0.32001444771594834
8.421173776499927
0.2902349646537914
0.8852091448861756
0.2743205887018121
0.6093089568457799
0.47610141737095546
2.3070218106004177
3.334862378629623
0.5563454741859459
0.8744454712068546
0.8125452816238976
1.9399382436095038
1.1489265721465927
1.9870375325917848
0.5753121139787254
1.6398137837895774
6.978707878020941
1.660746291774558
0.3311020268520224
0.6853537002607482
2.414195334436954
2.065327553966199
0.16041573720576707
1.9928417146365973
0.6158526281797094
0.12700380800379207
1.5387896890970296
1.108898527942074
1.3920641514778254
0.6307285020011477
2.1404665063600987
3.494988307975291
0.15090969680750277
0.13150923349166987
3.5949547232376062
0.5838916586144478
2.9079058348288527
1.8509385557626956
2.2967440470238216
2.765234753853292
0.9323511255424819
1.3210088927371544
0.00733235521329334
0.38493936057784595
3.116220779986179
1.8491374279692536
2.250186225399375
1.0329753253463423
3.025850582460407
1.6477005005071987
0.3715121724671917
1.481796936954197
7.948528254892153
1.2050756763346726
0.9059408811517642
3.7441719417620334
1.513654472080816
0.8999868022438022
1.616885119379731
0.9703243281910545
3.156859197835729
1.178412134257087
0.35627349922287976
1.2067827704158844
1.4762880491034593
0.18408215263480088
1.001027576137858
0.06925888865225716
0.6513570411334513
8.641236630581261
1.6857754362863488
0.830853175946686
1.8167508380211075
0.8470077662568656
1.4356367334694369
0.6277072441589553
0.48496644838451175
1.0589752393279923
0.5999507464439375
0.0936533205822343
0.10946158550359542
0.9122861534269759
0.45381417836324545
1.5718311421805993
2.4118895653955406
0.4110928129084641
1.8885599991481286
4.329132088874758
0.44339511773432605
0.09923973648255924
7.793367259611841
1.0561632539829588
3.1138146271550795
2.711330556347093
0.9089619269943796
0.27450565352046397
0.04656481687561609
2.1372934998435085
2.1774216900230385
0.4327029530322761
1.1645070804443094
0.6885693680233089
1.1976949163290556
0.9975565292625106
0.5589899456463172
2.2793208614893956
0.9460631422625738
1.775767403007194
2.5346538559242617
0.460634390146879
0.40732309500162955
0.42997471582202706
4.128611745669332
0.5646052770971437
2.412756605706818
3.4116508060178603
0.039971333630091976
0.8794781604810851
0.7047105607416597
3.0416253652292653
1.220202573669667
0.6053226126241498
0.10119769432640169
1.3012197678763187
1.5346279488585424
0.8156210784145514
4.262144423570135
0.5444362678244943
3.1840530576228048
0.5318785807103268
0.24773873110098066
0.8094260360230692
1.2105420153893647
2.5217555556446314
0.28420330659719184
1.171284734380606
0.5969237344470457
10.62387653782207
1.2007188294810476
0.23833223283145344
2.5908683013549307
1.2345708152424777
3.2993414721568115
2.0545577527518617
0.150649008101027
0.4465201844504918
2.6308840992714977
0.6126110067489208
0.2549909274530364
0.9315235874310019
2.146973699251248
0.3859120358101791
0.22827241690538358
0.4768641132977791
0.5847419257188449
5.15509838158323
0.7817223711972474
0.6883169569482561
1.0204572461807402
1.8740713753068121
1.8165906198410084
1.8052500332632917
1.5771849062948604
1.2884855697629973
0.11249982004665071
1.6158637507833191
1.077983548377233
3.9781557228707243
0.5833209043048555
0.9210541677093715
0.35390417605958646
2.45036577071005
0.09121737151144771
0.6971721212685225
3.2437439304267173
1.8961222472717054
2.7823204065134632
3.375885879089765
0.08627303424873389
2.7151780052809045
1.069833749497775
2.9491355419013416
0.1332346665149089
6.752198961679824
0.3223199466447113
1.2356503832124872
2.7365958077280084
9.72432023401052
1.2402243287142483
0.019402559039008338
0.24304690584540367
0.3127013240082306
0.7570718844726798
4.9876709644449875
2.557264218230557
0.2718067787864129
0.08640858231956372
0.07481389788881643
1.0984145916154375
0.37102091879205545
1.2182618318329332
0.37538162232522154
4.2420920346994535
0.003846328312647529
1.1124676689505577
0.4574664444589871
6.451698975091858
0.4207443823106587
0.47392063528241124
3.61748664327024
0.4109057049281546
0.8334291679711896
0.8601493794922135
6.556413106474793
0.19077427149022697
6.538115785209811
2.2574666209620773
4.6744780314402306
2.532123432320077
1.5558425313429325
0.08457005542732077
1.159953133246745
1.4287059272974147
0.4208095110152499
0.21799093325535068
2.37941850637435
0.20519520891684806
0.22498922437807778
2.031851831037784
0.3542220365270623
0.2046271582803456
0.043416024309408385
0.038311240656184964
6.031669856078224
1.1034803349903086
5.353222612859099
0.3931417606654577
2.602568436290312
0.6692446586166625
1.4416533908370184
0.024014374605030753
1.4541001728139236
0.1767855562720797
0.9459560227769543
0.1272024524223525
0.5611053474494838
1.5819922134905937
3.120379847838194
0.41008991147828056
5.769031043164432
3.9978058771812357
2.962080019620771
0.5466286830851459
0.09273012453923002
0.6457051213874365
3.4075619843933964
0.23156713280332042
0.6132462905152352
3.4962793504455476
0.8013644013844896
0.7816439401140087
1.697591982963786
