0.47480445783003233
0.2687699958041776
0.8106727560953004
0.27122464109561406
4.008201669741538
0.07073600727017038
0.7995235759299248
1.1337172803177964
0.16138317504373845
2.4917482002201723
1.2501920775393955
0.7334929936332628
0.0913311666372465
0.013014927113545127
0.7084640022076201
0.6320840044645593
1.7928997784038074
0.3064596196054481
2.7760529215156566
0.08604733691026922
0.01448055294167716
0.6406846741883783
1.1252676888980204
1.7378516747849062
0.14781054013292305
0.4510244992998196
1.391162768661161
3.3315137679310283
0.22398290943237953
3.936699950339971
0.6503123490547296
1.444895861131954
0.7260212557303021
0.5069586947065545
0.03073564988153521
4.440498178926646
0.09165439468051773
0.21506315263104625
4.595656573321321
0.3583666329504922
0.15567553062282968
0.5547923487174558
0.668305698025506
1.8828577605745522
1.6395756226993399
0.9990393424086506
1.1912457282596733
0.743936950340867
2.4664114587794757
0.6694802476849873
3.57785856006376
1.1054233194008702
1.7479451322287787
0.4378821713180514
1.0539553245180286
0.9873307612724602
1.4074906576861395
0.11189811764052138
0.29530724631331395
1.2743431567796506
0.19242764843511395
4.749822015059181
2.5570103694626596
0.8173989987262757
0.39494057462434284
0.06973308626038488
0.4003459205850959
2.518580227420898
0.27658757343306206
0.3113643436372513
0.09126559029391501
1.7860647268826142
0.21820540583576076
1.7874149252456846
0.8431377597153187
0.0946509113709908
1.3602838592923945
3.232845715698204
0.2553205167496344
0.7592957269953331
0.1420028289721813
0.6815830582781928
1.1775520245282678
0.7174471503822133
0.08575527738139499
0.830334139536717
2.089839560620021
0.6063757737283595
3.377922488056356
0.7402066341746831
0.8960265837376937
0.0019509061676217243
3.136127893696539
0.4827017622301355
1.589695985414437
0.239782320917584
0.2045630948705366
0.7996769171149936
0.032321943406714126
1.132962829535245
0.9993417303921888
0.08145589886407834
0.8386340074357577
0.18856031571340282
4.327371076957206
1.97124524541141
0.3190770577348303
0.07644147060636897
0.6714780989859719
0.5007890443084762
0.43305003207933623
2.03188705642242
1.1288120698882267
0.5302134463127004
0.4162397445179522
0.12001994393358473
1.2622061423026025
0.09804366894240957
0.2293073135515442
0.30491855238506105
1.6274269741697935
0.35332726876367815
2.3240629363863263
0.9863075669127284
0.4968667450884823
3.2779532595304772
2.688261365852668
0.590893758679158
2.530394139161217
0.4811038247717079
1.376009242652799
0.7370309726829873
1.90446907489968
1.6386752193939174
0.0025231652980437502
2.9569729791546706
0.00529999312129803
0.6016373748570913
0.9496754436258925
0.42075363562616985
1.11035547087522
0.090241497833631
0.2194274465146009
0.7121756080014165
0.01470135647105053
7.405963211902417
1.5842862675781362
1.9507771436328767
0.28339448386395816
4.80848352870089
0.13172703942109365
0.07378638503723778
2.75116870245256
1.6521779315371532
0.3322285173635464
0.6004844585550018
0.04057517249020748
4.619542168918997
0.535736483099754
0.7552238493371988
0.23484718799591064
1.580379481165437
0.5862441082426812
0.7203135749005014
3.943983966993983
2.055707274688757
1.0623367199441418
1.509086123056477
1.9866195421782322
0.3274583590682596
2.2769292956218123
0.8577588482730789
0.5425518853880931
0.9085700558644021
2.108019140054239
2.794640823864029
1.5304457781167002
0.0003229768335586414
0.13997019390808418
0.00032104244746733457
1.7536377109936439
0.7483930698799668
1.2076530237682164
2.149497503603925
0.23671600517991465
0.1976446385087911
1.8272651524603134
0.033837529277661815
0.673527715873206
0.09736216202145442
2.186031557575916
0.7151849817746552
0.3071783968480304
0.4940191907226108
1.3300683296110947
0.3076572098507313
0.589964249113109
1.3508760853437707
0.22307202403317206
1.5022891861735843
3.7883790577179752
0.9308350670180516
1.0750789875455666
0.1154352052253671
2.4671429701847956
1.211413727447507
1.03594962634088
0.22543406994373072
0.71556360978866
0.03635057002247777
0.48390006422414444
0.6221605543832993
0.9713393551210174
1.5250936656666454
0.5508249727427028
0.7298297670058673
1.383970359544037
4.675085594091797
1.4035093935526675
0.45449647220084444
0.2563728400709806
0.3311531617655419
0.9756142558326246
1.2831523817003472
0.12256614796933718
6.121554663666757
0.572292636599741
7.446431354779634
1.1017012523516314
0.2639160739199724
0.957369739189744
0.31756649145972915
0.5665661121456651
0.34884209402662236
2.6119279454433126
0.39888470091682393
2.7699085959757213
0.10631454827671405
3.211159426398808
1.7927379913744517
0.3876636797795072
6.977535524085397
1.1088975943275727
4.222528746497119
2.947830852746847
0.6230949886230519
6.244581462829956
0.7333548068709206
0.0661144319747109
0.8980224359111162
2.4041894716210663
0.65325430915982
0.8930298882478382
1.518574963149149
2.9490550820773933
0.12371936926501803
0.7659806112060323
0.15715886525867973
3.755093881933135
1.3131490590894828
0.4329413615196245
0.12959288578713313
1.369343431753805
0.11754862368979957
1.0394653680268675
0.27518275486363564
0.34890588784764986
5.661518241322483
0.0656917421874823
1.8052667150186608
1.9517119541269494
1.5357208144996548
0.1553936326672556
1.6918137224274687
4.007249714864884
0.43581627612002194
4.132041794451652
1.32136693476059
0.977872015311732
2.277745399289415
0.19871385596343316
0.6222660297935363
2.0714433224784443
3.844459400890628
3.83703482610872
0.4055714899295708
1.1953721176250838
0.1651769569289172
0.5498914539348334
0.5367352046159795
0.9328309651027666
0.7393397319392534
0.6537912508938462
1.0754766722820932
1.741802560078213
4.28213729604613
1.2567314106272534
0.5053696415707236
4.520629899008782
2.5391601505107246
0.29186805634526536
0.37091397267067805
1.0318257288454333
1.1160663518676301
2.871294282434974
4.145816254924284
0.3527144291001605
0.24513237037172075
0.5215776640980039
0.025600056556868367
2.6604885024862597
0.8397262747457717
0.06781482600490563
0.5645104468276259
0.3228870650928002
11.1499270684144
0.21598479691601824
0.1268064285541186
0.43951701564947143
0.9229158202651888
2.8599209829990286
1.5853788409440313
2.426076981559163
1.1851004385243868
0.42250574167701416
3.844069196275086
0.7668292883608956
1.3829093483655015
1.319425311870873
0.5963523500104202
0.8705994485208066
0.420062732315273
1.366770588894724
0.9446725348097971
0.11798426462337375
0.4610637941659661
2.533162638050271
0.2559920305793639
0.08500711609667633
0.0491800889139995
1.393636856955709
1.1355880250921473
4.411621664708946
2.621519961510785
1.0914999347296543
0.5588722661486827
0.35153268912108615
1.0012075205158908
1.3094571585243102
2.5524111589911627
0.13591140932112467
0.9103328280471032
0.36262977178557776
0.25026880684890784
0.051759439607849345
2.417366644847789
1.9312998048117151
0.01405936670198571
0.2692910198820755
5.210403480261448
0.32291711775178555
0.5064743064722279
0.7139704937726492
0.09919689809612464
2.1385499158350285
2.9650669026741525
0.3463547600113088
1.701064522814704
1.1078092543029925
0.7201400595949963
1.4319983028399292
0.8604624303261517
1.8733345073997043
2.095411574409809
1.41067600241513
0.12044221718679182
0.1862862548296107
1.4352029820438474
0.19732110376935452
0.19119247983326204
0.9819057455606526
0.21361754689132795
0.11366434718365781
1.5214332340838155
9.890045605236082
0.08970641490304843
0.515106659498997
0.8251609007129446
0.33017501975700725
2.4706373005756177
2.0734214362018974
0.48451386445958633
0.8801324200758245
8.560332531953463
0.6852074232010636
0.5604731099447235
0.43265329900896177
1.7497028996003792
0.16521670312795322
0.11268313342588954
1.8238415846135467
0.678911022900138
0.12176536036713514
0.2409170356550021
2.0672239536506822
0.07663699299155269
0.2069980649248464
1.1183569183485815
0.6449628597765695
1.210737932851771
0.14368870633188635
0.21882326129707508
0.8183370003389427
0.6429006926337024
0.3515668306645239
0.35759250550472643
3.6953379100887105
6.875726874641259
3.780916847535991
1.2484366011194652
2.798159859055886
0.6656201800506096
0.8445018769998569
0.20681984745897353
0.020381213325890712
0.971622625584132
1.3628728114272235
0.9520668171753641
2.5572905845037894
0.4298369304742664
0.5900696216995129
2.063843390074908
0.0745262323616771
0.14719682194117922
2.8527892480778974
0.03551849999348633
1.254726288621896
1.1333309216715861
0.08196248160675168
4.667096943376237
1.247982275992399
1.3227354658738477
0.11202684068121016
0.36671556849614717
1.0331191918085096
0.02480797452153638
3.9557344478962477
3.7395221713231876
1.9480563441466074
2.5482877769100014
0.2982454499870073
0.3166563397535356
1.3116489016829291
2.272404459727113
2.593917414327734
1.6457130683993455
2.7112583251146134
3.0149304464721354
0.6900328541669296
0.08876128021802288
0.6060515912540723
2.3346928666724125
1.952421749549103
0.48816810245625675
0.9206005186715629
0.18615800453699194
0.4362699370685732
1.1415561026369687
1.8086240656120935
0.6549614118994214
0.47665733013127465
0.131910610027262
0.9892668799730018
1.1994996548455674
1.622480729885865
2.069228752530762
1.2430827485077316
1.4248557348473696
1.52556386514334
0.3913688865286531
0.1995906081283465
0.5720125968073262
0.11260840567410924
1.5943919034762075
1.3691659526957665
11.528017053060466
0.3340830372326309
0.2538638589467155
2.9896476135909325
0.4748935727548087
0.7668853456125362
0.6177908539830241
0.7843179557239637
0.21097483980702236
0.017105450824601576
2.818222072251956
0.6095717704592971
1.8931657177745365
0.47720012147328816
1.9435979697009316
0.6592248153901892
0.6685600199707551
0.3089973297464894
4.019108267370029
2.2905385802005185
2.6202448452968383
0.08761827669513877
0.8175508717686171
0.54474204411963
0.5315046948526287
0.42870171848335303
1.6793442837515613
4.77576406186563
3.755823284329381
1.3339580106694484
1.0034530654957052
0.9322595985868247
2.104410384388757
3.4459395172598306
3.598201666769455
13.944043817318743
0.5201945784501731
0.15169688004243653
1.0581547913316172
1.1095198532711947
0.5375651998620015
1.0021265928226057
0.19869640190154314
0.29551981354597956
2.5951335812569596
0.21535741255502217
1.6420728338562185
0.9026757959363749
0.0571340123860864
0.36792558795423247
3.6637534985056845
0.9709448203357169
1.326999461336527
0.171562259842176
0.2979280295839999
0.8648970754729817
0.871462892042473
0.35948569113679696
0.1693518015090376
0.03415547218173742
0.9562685310520465
0.28654738880868535
0.5344047505350318
0.8776185234455625
0.15297180238121655
0.036379269338794984
2.138296437828103
0.7927477130724583
0.49420914822258055
0.11833187147567514
0.6134794997633435
0.43111324490746483
0.04560020621283911
3.616788151790388
1.3630071416555438
0.8788246653566603
0.9203739802032942
0.4837688772531692
0.20470769576786552
0.32062204800604377
0.4569422379427124
0.06319133480428718
5.201814198488137
1.0975950644497061
0.33607291568478104
1.7489625795569737
2.2743571525643347
0.44924733019433916
0.1983140972442925
3.978902153830859
0.3021850140648894
0.8963815529277781
1.1408690617390675
0.25813274065149017
0.09222800156567246
1.1904212903318694
0.6573285485064844
0.16538932725961786
2.015128420898691
0.7343384029954905
0.3633039703126997
0.4926906755863456
1.479948161097127
1.7539536416588817
1.908476187090855
0.5940239263436524
0.20997341340989806
0.5550993720244151
0.12186636666592676
0.6564209670905257
0.1640095504699275
1.426729702114244
1.9690761025995016
1.0787157528102398
1.5790788708836772
0.040043739369139075
0.2384822267194977
0.6851927554816939
1.160178579390049
6.209359909102204
0.003610381609178148
3.2995227025676286
0.637011098820949
1.0066189078934258
0.4478855529159773
0.11149208719143644
1.4688661903346656
0.0790196531888796
0.07062254472111817
2.58901608864835
1.2157580817001872
1.848816698169685
0.7110644681379199
1.0650084609515034
4.363859516830416
0.6497750092821661
0.3890020625840407
1.7081237467937171
1.3457167720916914
0.01539795464486815
1.890967143830494
0.7345808775862679
0.5782069040724309
0.1123868839640636
0.3618109199014725
0.948195416625822
0.8544944575987756
2.7923077996092616
0.6647491699259263
1.981866793052177
1.0827067765785614
9.547708224068629
3.785397834770265
3.35166455952276
0.1942263911041664
6.439906715022516
0.23162746289744973
2.4228817929397337
0.2000921060825931
1.024033368070377
0.16919299878645688
2.488371419836767
1.4594864785758546
0.3999424115900183
0.00947629135043826
0.660736900230404
0.8309786185855046
1.5820830537268193
0.38252517594082747
0.06098899523203727
0.8851987657690188
2.340030476800166
0.19052358294720761
0.5056921835785033
2.7794309054588666
3.605437276637531
0.08398689185560215
2.2110956964606885
0.17190578392182942
1.730199412733782
0.45944665957358666
1.1319704217894468
0.057386110798688605
1.5583586653519887
1.63104260613909
1.2903177278058138
0.4260761413461296
4.352419396847836
0.7715451659314567
2.22339275086415
0.029706515866564587
0.9810753531201044
1.8777685786917573
0.6880889526510146
5.705443746570381
8.89449819290894
0.7657362197787734
1.503330110834213
0.5084125231369399
4.433166988834273
0.07241911398887169
0.1986937251931522
4.251668372176937
1.400520660507027
0.2706008501991164
2.1185369004233507
0.9808749301009811
2.0863689652614994
1.05829796436592
2.9580863437004155
0.28949564971844666
0.7897796493343776
0.22674855291552376
1.188883921742672
3.3765428140904987
0.633827963276417
1.3648889880423667
2.0008823094685795
1.789391626167344
0.8732039586320752
0.910860640622559
3.0775332544289995
2.4294987432222115
0.026078178081661463
0.21382060208998155
0.24974334145372268
3.2494357052928535
0.26133359008235857
0.2098946953919949
2.119749532226706
0.27302107417199295
0.6321764672902646
0.22867040176060982
1.1755211788986344
2.086166509980103
0.41767817722575273
0.01338053542713169
0.6912251414323691
0.4845578744861996
2.4384878988639684
0.1090720598003827
4.080108968715649
9.762974795201444
1.9311543789954158
1.0691116629604949
0.7097778691822896
0.7268908875121269
1.471074025539565
3.2494778490799945
1.8924903614533832
2.6165293480298715
0.15947442592005245
0.19499525346327573
3.775752375382581
0.1062116778921336
0.6973955643334193
3.1590757388912607
1.188726453212439
0.637566127392347
1.5718023452500347
0.6800880130322184
0.08929333867854439
0.3152237674803473
0.5073523541650502
2.1595744537044084
1.4848436839529313
6.404119391241693
0.0019380651647225022
1.6448395827610511
1.0619165110838367
0.5730838953313651
0.11497226600477006
0.17299935943447053
2.449324599801912
1.625114506809041
6.408640432113316
0.10963114714832045
0.9633167371212039
0.29134639256517403
0.4495196477655554
0.08791245936299674
1.2110919414117234
1.6310590798093472
0.36903230093594175
0.32920052550616674
0.5651496304926695
0.030417600471992046
1.30999257460644
3.292027333358419
0.0292003481881693
1.7160041498282226
0.7653838947881013
0.2266965009184787
10.563860834183288
0.1024298521806486
0.6568802013061941
1.8385783495323267
10.082280896865996
0.24911353499919642
0.5081947950966423
0.975927508683526
0.3502977785974508
0.2521754868357675
7.871109280211385
1.5704544249601895
0.030157467379467562
0.5805609512171941
1.460179791189148
2.0482059907808434
7.852968249586411
0.8631454881833633
5.02262833568966
1.9754314935271395
1.4315135336073581
2.4224640316679142
1.065539323433768
1.631797877678764
0.570577122780378
0.11641926674928982
1.1359576764516532
6.932550633748178
0.47932299600506667
0.0694088857708266
1.2065676439669915
0.1748759361653356
1.3840731884120032
1.7768551258050138
0.15871084881655406
0.43828536638466176
1.4743699091486633
0.8490298714168603
1.9149554614996305
0.8875045845779823
1.4803178070142167
2.9654858502181014
0.6247024104086449
0.9568548857205315
0.5653789671923732
6.6171003535273485
0.5627757703332463
5.348086177385994
1.345848423166899
0.479310389913735
0.022582509234780446
4.101268438025727
1.996995869805687
3.5713666596857365
0.8125118021998787
4.164226771215908
2.6156807056395337
0.2206736987864133
0.4318924684775993
1.8443097043636953
0.9593593975296244
0.44632387461024337
1.0009985209035221
1.6830964714172296
1.1024529365531635
0.16466030625451822
1.29061817501497
1.475439237387036
2.750604240427492
4.396153566412977
0.10555497246969026
4.649922421289375
2.9446914193831617
0.8304461000079755
0.3147274683433352
6.727226111339405
0.5338445581000997
0.6219703309325268
0.23288913175929338
0.25359539096825756
0.8140607614186592
2.927816282128333
0.13262652343837544
1.6372626056108857
2.4472577863634797
1.2322690904256888
0.5762449820904294
1.3616362123866566
3.0680044111941243
0.7568775376130361
0.35768191670649685
0.6750775731925387
0.20607744439621456
6.201665486805723
1.1799227696901653
2.8290948398644105
0.22562295409443323
1.3153907275409438
0.18716983668855391
3.4258855113585014
7.973272043585894
1.271981813799357
2.0513140060793376
0.24337787632248364
0.8487832253013039
0.6017781687696697
1.134886319472571
1.5631610581767745
1.3964827034214977
1.2551389338768786
0.20132734400976915
1.4482413995574461
0.04507463698973879
2.538571358381887
3.929639896712615
0.7425694705598289
0.19576614815741777
0.725968138765893
1.4567675241996767
0.9413696063711541
2.0610009198717307
4.55196884268662
0.10258444341889117
3.160491418107995
0.7287032223684946
4.5859579987154575
0.593295980754192
0.8697119653661503
1.8384161864960333
0.3465166969544953
6.053827109237318
0.2286962894286262
0.2507622537232237
0.12260938380495645
0.2727845395129407
4.258378265061765
0.05905664767487906
0.4662521035206737
1.8019101154059172
0.39989250811049715
0.4166373989864951
4.273486310543376
2.635568188110483
0.3777482201112434
0.13211246285936795
3.182685802792548
0.614000051326002
4.513036027055932
0.6780311765760416
0.24967612685577478
0.7963131809810875
0.7919155963609228
0.8016164709697478
0.5219229356443975
0.7157815165410284
1.5366509120503906
1.9656118784623686
0.892085224200855
0.3820718433125876
0.9557576154038543
1.1572242566326167
0.4829307099134894
0.46970603401132394
0.656207842665026
0.8631961322098505
0.8728549154475331
0.9067500277014915
1.6959029672580073
0.24660264735575765
1.264403080669581
0.6496585232089274
0.8139550276537193
2.895747704722453
0.9238582349935314
0.21841885782487225
0.04565655910118949
3.3555697411939036
0.0386153419240145
0.17976408457616344
0.0922799631516682
0.2645653476502048
0.08239780817530118
0.09374074802326504
2.9393218081677333
11.265286254536477
0.973264776126598
1.5080056831793627
0.16211640037363395
1.293462409536005
0.11502378671139013
3.4699015583173605
0.4559810578793986
0.5403544500150019
0.05564403970493004
1.853902485629078
0.5716387941356516
0.8761543127038749
0.571178999991389
4.830431606082129
2.385939790503471
2.8262734316813294
2.9642490275437012
0.02631574118277058
0.8054034530650824
0.596759180582012
0.8198784373380477
0.13488059781957418
0.8037757008278277
2.9673519010975724
4.98004442617821
0.899743902598857
1.5850995525252074
0.6464635329903103
1.233300113788573
0.1684223246847978
0.31713316014793236
0.43812803599576
0.9012614785169717
2.2941798987303628
0.3420854712894652
0.049291358940536156
2.4580154279246926
0.6329549567744834
0.7302472141891485
2.253182943110005
1.2956960423762212
1.3069187772198347
3.0938033992570126
1.3849731040827464
1.5414842351310654
1.3063964199827751
2.209913035054342
1.1545733351522358
0.07372277822287288
3.37218058599683
4.784721641641227
0.77835476573091
0.405960806645453
1.2694749501388287
2.347135465897736
11.063919433800038
0.1940486951643834
0.08199812559178099
1.368574648964568
0.8858392338006524
0.6661559749190928
2.24672403614386
1.201645965440548
3.6321574672183488
0.952297235984588
1.071528797299834
1.3096359738556203
0.5975195071659982
0.6066214738675626
2.4478446916036773
0.9021478753711563
0.46623736538458616
0.5907932155096205
1.4330670665804064
0.1431184381362982
0.7729589122027392
3.9910096229141345
0.028077850060071796
1.363620319214533
0.0881440616940381
0.3470571944490075
0.7531216137431329
2.694042253147927
5.470049459763686
0.11052374284190591
0.08320481704140548
0.05075374343141448
1.5679141405125847
3.1412051921506645
2.330513414082816
1.4198235674848547
0.6586632542312145
2.235982521000551
0.15245813319052104
0.1973032654786948
0.2634625370847061
0.7480149759794585
1.2536952318041585
0.2685021540237358
2.150993291186751
0.1283933558879653
0.23206246002519038
0.0574767837242689
2.126309721803409
2.6437942222546553
0.27771486093115527
0.09084977243037429
0.1786249439319363
0.05423932586563751
0.0426637274940731
2.644235494241002
0.0658758078207029
0.6328581425186712
0.7909331028931774
0.3057623960485216
0.11619179887929931
2.3833427462814143
0.8564777083229274
3.0306068720383337
0.15544411665177904
5.2356445673067356
0.2259689670318039
3.4196889776794706
1.281774359595147
1.4991979560873006
2.2933668048790423
0.23838970105862245
0.07093414726841729
0.01824407091771718
0.03320724384684581
0.24502155983645935
1.2322019146959065
0.49311781862343196
4.569272410415579
0.5680958992161322
1.8773954731295817
0.1488699997717049
0.7022605259844568
3.663253603663179
1.5992108165082755
1.0008711475820746
0.6480306392040802
0.31690560915740207
0.4017021364852553
3.258376599420444
1.4221089226484764
0.5051954718801426
0.6094575704191811
5.5471751348959515
1.8835216017905623
1.6772648743208265
0.2710973635985283
0.40677573697757907
0.16267686826176941
1.0724491885630414
0.186682238287176
0.5854488373006461
0.4476981651096139
0.009504141184152104
0.3723137665729155
0.6294510153966257
0.4018757436861051
1.9998198975226842
2.506243195690331
0.5424958069488639
6.08076966147928
1.1486475756100845
1.4682947664987296
5.522661154886009
0.07136562834784854
1.6443697149516083
2.7158045468240744
0.9455492389970459
1.7985095823532902
3.179372090555262
0.3579510458657751
0.15405019093304873
0.7006634977442445
0.31878573348512873
0.3982382400718052
0.8388528160721762
2.372820537930238
1.8099245362100191
0.7393058585003018
0.38625796101405285
1.205181713332422
0.45076500200957526
1.2678197814966552
3.622782200400252
1.4388039376644883
1.2098761590168579
2.3796259549999377
0.4144519720284734
0.8560211297881324
0.2783287298225332
0.03516110629425384
0.9618024414667161
0.6710248275630875
2.0263656322058523
4.517646839085501
0.8447756602690788
2.7191148027341114
2.2576660245103994
0.6701710913475836
0.2087122454395285
1.7554398442007368
0.05753557395655662
3.9829826405475615
0.04505123583658133
1.0530104675126495
0.5258800115843769
0.6667607411654899
0.2779103934299201
0.1893477451230865
0.4124629610887496
0.9698112236219458
2.3167195973801427
0.7126496179407695
0.6178613431984559
3.687288203218486
1.5894266703398898
0.0175706836162135
0.5040874279366108
0.0032291776733472943
8.284106709907064
0.19062002228747588
0.11173585602955427
1.5310811844974523
0.4385874855215661
0.20113286093692295
5.18624994190759
1.0787856177339563
0.942842553689843
1.6058004712249385
3.061465440565371
1.199405989202205
0.4169202568446053
1.58973804715788
0.5724897936306661
0.18121842421533074
1.3943643105303636
0.05584940017433837
0.35015542090695817
0.7731050374713959
0.21906030258105602
5.463535570743261
1.1575012406974565
0.15772893842949998
0.4026918132803985
1.3243235858535627
1.7490488022594946
0.5718994644994382
1.4031265787634766
0.5978675233927788
0.4645975185703719
3.6904802311764797
0.6807795348140644
3.543177419822314
1.087495461688377
1.7738441846740898
0.2830061079002917
2.129886451017228
0.8167876463267021
0.26983576227212325
0.33098352927481756
0.014891910017468035
1.8874931301979814
1.0182369755784748
0.1699193644890329
0.28375498739478644
0.2095913744851714
2.0386276309000095
0.047914087408571504
2.2317198084347183
0.891409163872595
0.8086603356641717
5.55700071490719
7.6522893516521435
2.8725813039200148
0.20571595552610233
3.478521916695172
0.3097967111534672
9.39721234512399
0.07492369384272024
0.18982278298062738
0.47903724818024784
1.0716688939428423
1.1897403784823837
2.0827127412630944
2.2602991443272913
2.2325524784246227
0.1277619308239082
1.327128276359872
1.2738883439888014
2.647181822510902
1.1275379101425642
3.8791558672237443
0.2716921829414787
0.8765797520318301
11.151970853607054
0.3020807583234273
0.25268294438137673
0.26103029258956667
1.0154658015089808
2.369573425152339
0.5912679418252083
1.6913036149489926
0.6143401798472041
0.288074574113125
0.1812433238956146
0.9356910260830773
0.5558451122196857
4.367894825336407
0.51669495216629
0.9382687670295127
1.803300451982068
1.9665120978897903
0.6862374230840942
0.1259810348856263
2.6835853102238616
0.08761520628468134
0.45753751377924345
7.568361610581633
0.3483654064621078
1.4675700074003544
5.957974982855376
2.1983675003721146
0.5008757139439695
1.4438366316608153
0.46605421080312226
3.7846785518340766
2.1607771750132088
1.084101422689855
1.029782639729092
3.455263831667253
1.0144879041035892
2.144432322587818
0.49137857362802606
1.9593575561593752
0.3373906828201143
4.910332461236976
0.7137260581948794
3.2798828200029675
0.24156940319517162
0.5679109796619741
1.2616068742208881
1.6757344920770265
3.3016125333379023
1.5708437896246323
0.034829530195565894
0.6535348218894796
1.9359056376561057
0.8501820640231017
3.555919622638612
0.17743961022642907
3.932935332064517
0.8329768600815441
1.3253812562034
1.6237086719629588
1.1867262973100878
0.38459385573514737
0.02179776641423814
1.4889187594671967
1.2533825916034402
0.7013495441497071
2.6219946913333843
1.3051228277327027
1.0751611806481378
0.08433027059072629
1.0343421125871828
15.016935634732363
0.8509255922108423
0.6581593610608252
2.918315211398294
2.9792016450956
3.4411540713044815
1.9667004545917735
3.1344532732182415
0.3453626940754475
2.180584141315194
1.4113297264411813
0.7810846227948787
0.1623944409802789
0.8997464530984871
0.9741005208779825
0.4411931867362
1.5673930489138002
0.23177622823277488
0.6310311101842672
3.6262359510874376
2.0788622895342996
3.6766222688602284
0.7299327148648445
0.2922711434948724
0.4227541399159236
0.2489387652167352
1.0310090146958828e-05
0.060273721974226646
0.2708056828851113
2.5776816313154995
0.7222071213618619
2.741519190138206
0.20352556683064904
1.0069404249225045
4.323253292663139
0.6823186877154512
3.5251010242209304
0.09916440820961725
1.6544364923611283
1.758900716318749
0.07897049751773011
0.24569088309362996
0.07813937644823454
1.1802715171506861
0.9579081959673204
0.3100621015910292
0.3807478474773234
1.6374393201404018
0.5532473530183779
2.637726084656606
1.3467615257395664
5.556893579734606
1.3647747457725927
0.9798824913741555
2.755470089483424
0.18480909717618488
0.11250512454716954
0.8165277454536408
1.1779707519890508
0.9828528786019888
0.5448107191477902
0.3303714621288236
5.743474202987272
0.5248111303662881
0.987677196128061
0.8685553928371519
0.6464409375621472
1.1110222013958264
1.0016231270128628
0.2750143418670632
1.4305889818060677
0.5104373831127305
0.3681080122187268
1.8299951119697653
4.246020422593574
0.577899688258185
1.1132382318028249
0.13256251758139115
1.1250306673755404
0.35919774949434213
1.9644047007896006
0.9809744497033535
0.5742958760238253
0.11076025280635804
1.4163135377457365
0.8034174818021711
2.5849088732647942
3.3029047953896224
3.6138600699341623
0.49666053263354115
5.634075817230041
0.9356840477848891
2.3653787763614673
0.6819235877192114
1.3094268222339451
0.7443710085062776
0.7454525335633662
0.5409652162634302
0.6436277410830371
4.8530344402679475
0.8581111134117236
0.5650647050497355
0.9152881827030797
0.5258539009082597
1.4811026120587485
2.030754722407437
0.44577979047608096
0.9451894058292964
0.41959721202147193
0.31527241293224506
1.4698224781750469
1.3267961235105759
0.5590939922985854
0.6913354234129656
0.09510148227855098
5.751222739650984
0.45054513338254765
2.5104371480701957
0.2083786047733156
0.1092470706498716
0.3632268974761246
0.1608911038347287
2.7527537266432773
1.7130908632389037
0.3344884792168159
0.5963009303668514
1.294121697981609
1.2552344010473462
0.2846355592337204
1.5435289893648587
0.7199549116630806
1.878731532866368
0.20988759375177324
0.8194057257351233
1.8781204678234644
1.2564872537041083
1.1436318584746914
0.3990163574926555
4.653429022713681
4.773087231558748
0.9685718540131347
2.8745205525046913
2.1766817731841
0.2826404770166846
0.7973224905872485
0.7408303640258964
2.9413958182994975
0.570914145981078
1.0410034607339185
0.06570515097700991
0.28308349383587483
0.32487814636260737
0.09093948350346182
0.24713847156090196
0.3934213139145868
2.350177831147448
0.3651350095315138
0.3665686897438718
0.6089279469597386
0.04465095516934525
0.6769581145199481
3.671255240449682
0.410353426457732
0.5164087443699827
1.3103131181997014
0.599167331631179
0.6374365858937381
3.636584518608288
2.963595681314473
0.5340385793679161
3.6256830842903582
0.022533764175022952
4.491739461387624
0.9907869501475943
0.23141998850042
0.245990611059824
0.809211757092271
1.2554222904727794
1.0995524191384902
1.9451565794297494
0.4671458294324111
2.3994334198941942
1.4935748429707019
0.060047061459044926
3.4928489356680075
2.1666984488547314
2.233817917658598
2.1664186242123833
0.5270966789394151
1.6270426076371223
4.270486624765908
1.3041075649380218
1.643165064335335
0.087673448244459
0.4780570641887607
0.008719459307030775
1.131803362397477
1.215095818246482
1.3461386822746135
0.2855390400654869
1.0183364548283862
1.070808457385283
1.8710782861307962
2.521127911124495
0.9920268636196852
0.19365339918294922
0.47300757966877427
1.5162557135918178
1.2374263180827256
0.11790672186180018
2.8189005855092546
2.759810843519517
1.106553855119273
0.796939452571678
0.062397439338383265
3.217638420726871
0.8694852713524597
0.06921757706732024
1.1496610196772963
2.8213715438905638
0.3692132359574316
1.3015810407523531
11.115497369813966
0.1468503312644316
2.61521011943114
1.1825263003847795
0.09133947080408689
1.9292717210919363
2.761872714952915
0.3020502526196651
2.676802264963044
2.251294883681112
0.5194566593854688
2.6665789742110064
0.3997155469696736
3.26624143756635
2.809492082989891
2.492149669487844
0.14739392994670197
1.6848762551962864
0.4788025830494007
0.23259716562461108
0.20718899073835928
0.42649520833219867
0.19392703702033032
0.01792976463912055
2.4678470995277166
0.1323382675764151
1.7069147490547039
0.11861053941538557
0.6560329972417094
0.3669375429453794
0.7158454045420513
0.418779862797237
0.6426463117968524
0.3522839529759949
0.05551828182069585
0.16197756133624353
1.2691898190969368
1.9019470679486403
2.2268897558387835
0.01083174510858953
0.5117990548606031
0.8379737847135402
1.9781341193738626
0.6804054832173279
0.016817273834021762
4.667528700287221
1.0570027557114372
5.01555273339909
0.6314080538722919
0.27868513739667833
0.495584610151127
0.04853684541012626
0.47632239674567245
1.7472199271287536
1.9790569748874987
0.6686728401400615
2.3143689569842536
0.04687740789086092
1.0563625034264987
0.3687741561589064
0.6387938105908688
1.266647543394356
2.6557753435045015
2.00345775783353
1.265746996490634
0.8114044973481214
2.107305970072048
0.42806125595234334
0.2993268238642486
9.051057865464827
1.9490628242347157
0.5628997175517725
1.5826105115411337
1.3043967050907668
0.9129627668298781
1.8904068371048197
0.5111877177259885
0.3623524034919683
0.0069612554216291755
0.5817200885649072
5.421764098413405
0.1446602673822781
1.7517912323819473
0.7065315989311785
1.6950081215036334
0.33836382439767476
2.389885593132931
0.40696124703390524
2.9944133066164795
2.2550273888919037
0.3916330696520163
0.2228653178026434
0.4134922587691108
0.42493850950268097
0.6157047059532488
4.647183191293152
2.197957383628818
0.0850029058783548
0.09483899532642681
3.951020797539968
0.2743464379600482
4.55823091082857
3.697341932085692
2.5585248147835955
1.248178512454615
2.0283337739965646
0.03386763558955863
0.23774426781164948
1.5269216263113776
0.7252711405744776
0.8198040993884206
1.4892583409673534
0.011419626709539443
1.8904193312773714
3.9512187539803563
2.009032602974912
0.38952802926360164
0.7897986182942986
1.615753927253536
0.2744714991567889
0.12488062598276883
0.5459527872590115
0.762540394833195
0.15338107841671444
0.028938754010596313
3.038540167195606
3.3618723392573884
8.095092650968581
4.94254378414189
0.587992703425698
3.055669941371889
0.0593892619071994
1.163297740960843
1.8018748010217678
0.0029411257564788684
2.0799579423619434
1.4403780417196685
2.24236650072271
1.9408835708745755
2.034167599354987
0.0333266827656189
0.286120562144788
0.3311504365556175
0.6703901129076257
1.7949645046610385
1.103584312935709
1.388271379415528
0.20055523287737742
1.2173454286385095
0.5258147412387189
2.8210709250415675
0.049266297384747304
3.032905771789956
2.461134518045583
1.085596993129002
2.7798021877679275
0.05761564677231945
0.8142092531488743
0.0056075667816912755
0.8478070468117949
0.5754289452743251
0.011270807677647099
0.5832839346840046
5.3714511356374715
0.22729295240424108
0.865034114496666
1.1454396570916288
2.438286715958384
3.3224897046457045
1.1810979582805885
1.4506449306354625
0.20743649442738388
0.8560949290113058
1.061427820692188
8.114775816429756
0.5234324563207338
0.6729226045426913
1.6508383358450374
2.7901160885667196
0.23401218593062367
0.9375903944892343
1.5459922388981795
1.3012616363848792
0.7791055718698772
7.263749877572991
0.10026503409608267
3.547654196328949
2.3908476368378615
1.0126836171548348
0.49553637858480215
0.6033563531964319
0.38908910409372766
0.14738604552985635
0.6362084755965043
0.07373019518854562
0.5110949033260113
1.6109899979783222
0.771066339337267
1.2303639891615603
0.8058890397078358
0.49418945459183306
5.647765907662688
1.0589852925331797
0.36714838932675775
1.6840448601433309
1.4818947526655393
2.8239429173991084
0.04564096975082066
1.5016356112464564
0.2769640384503873
4.4873856919730315
1.4166466047754511
0.024240765094873495
2.678047628767672
1.0013970928412164
2.487836883577984
0.48633715337200556
0.6571013396314811
0.45511555632401723
0.8629758333554491
0.2038750438950956
3.4413968187145656
0.5422930817439919
1.1614679702179274
0.20532551418000367
1.7620136999321403
1.1477533569122897
0.045678127484279685
0.1723384585493477
1.2056744820729364
0.20122703311790247
0.8757293203088921
3.063675771947601
0.8199614807672333
0.7117165998643031
0.5377035794954281
1.3968999160279054
0.8533040829788661
0.02657613104383927
4.472369565672125
1.6748433724715142
0.7938740526005859
1.1129386403044919
6.7368849231279455
0.8312614347814815
0.5855334815132665
1.3753351435589138
0.4334254903078545
0.10275242110947147
0.5185725991759682
0.2210402119671926
0.508591456731665
0.04668667068472132
0.026081591393449344
0.298381730215624
0.02947116002906114
0.9312063557590591
0.5982802954677027
1.4859670572332107
1.0457547271653311
0.08318727748701349
5.0318397884693695
2.3356940218654927
1.1512807928520488
1.092726643430069
1.665228438709164
2.1444600998511305
0.6535836981347529
0.5763912481343141
0.39023968009860255
0.3814178420288954
0.36272064172953833
0.3501488811598392
0.26344870272441767
0.02492761061876081
0.5462552386015886
1.0623922212253092
1.653507208058727
0.6938087123126024
0.519088599117822
3.707197334704688
3.6804090390942292
0.28034321482118685
0.4227194254635833
0.3736729911179282
0.0457491710112663
0.29325249799876474
0.901055183247081
0.48117033118614927
0.4353094655525638
2.830667276211898
1.0352421877905726
1.0090280669974163
2.8131201836367836
2.8657461880502524
1.5525378917664057
1.7220867725991411
0.5861931175168138
0.15021067549241707
0.6564051691093482
1.4426420764211798
1.6764446438319283
0.20821283402619883
1.891833343077451
0.11374606446770485
1.087017563128029
0.058353916072519496
4.812170970340958
0.10174699878552929
0.18421496356313583
0.8437269406858832
1.6207993772841292
1.3773355701123364
0.4930753294174792
1.4784965221770108
0.6113716059335275
0.023707376822130755
1.3601236764370697
2.0917653716896893
1.3932539480447304
2.3291594645997975
0.1914276709285332
0.8939028281747596
7.31252076815872
0.31825719034532085
0.802635991727584
1.3898654463118874
0.4799957819341216
0.5095076751895249
4.424095336522441
1.4239603378227912
0.6673088169191033
3.967526146574528
1.3145168257906334
0.7325060754374135
0.3112784007535083
0.1067764058971079
2.126782559644198
2.232799760749913
2.0957938916253624
1.0333933875663206
0.15528112524771132
1.735264895381988
1.945711633801693
5.479843477194663
1.7051031277660513
1.4623164892254863
1.3363357179187005
1.3012468223896576
0.5914783295593224
0.7637644996430026
0.5132806266483385
2.2450430278404383
0.006379304148140363
4.6159749429207295
2.0768258592433995
0.5436708360502962
1.5257310138258617
0.13255176485108677
1.7564766320138006
1.668505679583177
0.19250119250500575
2.040202444564784
1.2991694842348807
0.6145250496774679
1.8869979597511701
0.30639933540078346
0.7448380854621064
0.11002910901152063
0.24212119620642625
0.18584882233699318
0.0749254716647556
0.3729507080570329
8.130552483446081
0.09911103967169765
0.024219571743742563
1.1148548987403046
0.012157482065958902
0.08727587033354212
0.06067967659328133
2.175227630272275
0.11756246225559153
0.31324983370723203
1.2123849267372862
0.36672535091929603
1.0959836622932926
3.5160812598187476
1.8789867378218332
0.31516062024456915
0.9678391579218442
0.3677215595089365
0.19276542695297394
0.5128137019783026
1.7250279727886664
0.2511557488614926
1.140190017016721
0.030379774500033818
0.18284126905200537
0.8894512093975209
1.497924584808061
2.0991624177986523
0.45428348568384536
0.744257182785077
0.0919541533512529
0.45752951070608106
1.4526443305512657
0.4806400731031317
1.0577680409769528
0.22162228958040942
0.4512422734987922
0.1675144624314271
1.791620288757258
2.4517866074165795
1.3304387409880292
2.0853835699963383
1.8690876245091204
4.969609608815517
0.14895276284369174
1.3518079007189954
0.2783220908168005
0.8222327478579246
0.21688385684683453
0.06534286087844521
0.7445336934761144
0.5408782049780712
1.4033920840593055
0.44265753249055706
2.500762699288316
0.23071396544401068
0.17600432605831884
0.5776148491713684
0.9752805635507684
0.6248267149057938
0.6894242317357566
0.8954674623528263
0.29948214907199144
2.992020139412489
0.538762478492572
0.9119168112956686
4.083589246758493
1.922606638079742
1.5631734661001246
5.704924231511541
1.4671874440246029
2.161359076606459
4.365889362277812
0.06347427306172904
1.200852476307773
2.103432214804343
3.121356640578597
0.7201822498027468
2.842454212877783
0.15119516337290406
0.022035590212908573
0.2762415215256624
0.19464664172846824
0.18937995115993544
0.905746132339118
0.024001686615520157
0.4999310547573259
1.2578780521580484
3.556774814729579
1.1619172906939639
0.7322511379607022
2.499844648918952
0.3522857940697577
0.24715060004382394
0.05829522106796503
0.3929552089975914
2.4161715955415275
1.0420963782235049
0.7356785191950621
0.6577234889991814
0.24513313657371327
5.759308953434811
0.6265618953038938
2.4327126238058554
0.018524078172049485
0.7022317796654534
1.587166980287293
0.9581792958633741
0.2428682532045059
4.341280233275029
3.7325420577835757
2.6152779577678302
2.9514596124354284
0.10252386498905253
0.5306630789709743
0.18377548614807893
0.22208913584472612
1.2910264358361019
0.18446544247854035
1.6213535278657218
0.943101696917438
0.14407220367866103
1.1956455113686388
0.1762059855827829
1.76853427986498
0.4916445259732427
1.3928425513004186
0.32529561323462985
1.0404589531681268
6.7986862058751285
0.016176433084183373
2.8462214413739275
4.592591599779553
1.0482061389338924
1.6599101885949494
1.3174764356517699
2.9059718777571106
0.18720985695836134
0.30457707750611007
0.9591079324163729
1.112463907658821
1.7930134296912001
1.9975308532011695
3.0485480163333705
0.18578132899710909
2.010662773536751
2.8641128707531607
0.8707656594051514
0.1749671629659133
2.8592355264845537
3.106785021023825
0.9668824835534906
0.33659562225511763
0.7118359872547444
1.0790723456884734
2.9846685479715234
0.7076322648063069
0.5483975044626277
1.3418035610375227
0.43372244166675955
1.2669342444860376
0.05336465888831299
0.029412946998490952
1.0573272331093904
0.12192556139780208
0.18048950539377984
6.066145356773632
1.1733297402824974
0.4235830669495044
0.8542362709558802
0.09743991287541576
6.551918525292422
1.2486538260418456
0.9937634400848765
0.27563921334513
3.227937944131554
5.242527122129104
0.3404929205280496
0.46023838843393605
4.486661392686074
3.633165679886588
3.632533677155152
0.18390104823629372
0.934716322037275
1.3552216261596186
2.0286155053181574
2.0989675664313836
0.9370930932636838
2.070060588463093
0.7550248185871169
0.39449577337654773
0.01634326526254881
0.46939132537227124
0.8694118372513913
1.0299156512774061
0.7929678522777976
3.0587286772351945
0.6464581295003882
0.49512019734538626
1.9764013749954756
2.895272457652027
2.1709602592891315
0.6869162592338398
0.8322307392954826
0.812696681721718
0.8911743319622474
1.8071779425954446
2.2981654169998365
2.2261733151535736
0.07838820503093302
8.602109672909137
1.171562556817662
2.3428710835287347
1.4999168298381846
1.5164491863688454
0.13002875228994526
2.3581366722501116
3.0042679594043875
10.215563147052308
2.4120186294749146
1.1175096425868105
1.9285808092245134
0.2849578809837112
1.7398624099296285
0.4657670761080226
1.4794683354266454
0.2929334725631634
0.27963767513574567
0.15549171081511304
2.527099671715405
0.46004663094936404
0.4277649755968014
0.5637710834707832
1.1322239620785695
0.5889937167230528
0.15511657198658213
0.9783163085812703
0.18241741073143203
0.22307885730697308
4.828834875792381
2.0774240177561296
0.9825304005062208
0.2731043785897782
0.3765976592840161
1.4008396479621297
0.08146320001105778
0.790475318703102
4.373582575775799
9.817170368070947
0.9033553256012965
0.3393855842296034
1.0702448469091905
1.7269902515690774
3.3228792025038274
0.39745482450234704
0.9869648244639393
1.9726594652602216
3.46390342740051
1.1232734480581712
0.008520091301761568
1.4781726338842418
0.6400250480655814
1.4626229009736562
0.5959504232159816
0.9757935380621348
0.9493523837882094
0.6779948076291475
1.0232254277798347
1.0991689622605918
2.0270304047880927
0.43309700199461076
0.08273257357359398
0.5073169993120246
3.4283554778667167
2.454739667038666
3.301357395830564
0.7268544642138295
0.048664378497051075
0.8956890780682443
3.1628227411274565
1.1188584135379642
1.5262042353278957
1.7938561517221387
4.128625678669778
0.057868801304721273
0.08237168952473439
2.3504111809743335
4.293213353055762
0.841132107147132
1.398036556871375
1.1533393924182747
0.6448236487485701
1.3790684882114874
0.18106141580210533
0.8156536075548502
1.202243362829904
0.46301917983510066
2.2040423524886137
0.661035244454979
4.92227723650285
0.3482035025663208
0.11526644788682461
0.5913300406100461
3.957990962648182
2.5714771130587906
0.9084195409959648
0.3833945067890454
2.5704163333430188
4.3155638058669865
4.117056510018301
2.8394580159074394
0.8683551994472509
1.0977882300066995
1.5119324510451406
8.385956732192426
0.1574941205471987
0.5781660409702454
1.841400617864565
0.5487426753388718
0.500819172069896
1.8287170390976826
1.0250894386990694
3.7296680618455866
0.25907427485799417
2.345964586973423
0.2637380974192638
0.14283827276085503
1.2368375130317872
0.20982604549499229
0.35285832319641486
0.32469113133265637
0.3574210398073774
0.8838192954135593
2.2296756618161453
0.7653296427597525
0.9279395380144706
0.6447163168049883
1.6990116720844526
1.885336076724343
1.5960205784795107
0.5263060280267382
1.8924375360220438
3.404423737563775
0.052515166156808846
0.026663655968150124
1.4585383088997332
2.404839269220247
1.1452572545676958
0.6923084838490468
0.35344857750169467
0.1811293695209315
0.4353801459801616
1.2774314717535162
0.4387357238883851
0.5915493960783351
0.2841135404451052
0.0617495198675897
1.7322709509753622
0.2986585435719462
0.603274715715088
0.01660270753200166
0.07662873147637583
0.591833329614019
2.970881010813173
0.6841520400193986
1.004727047708002
0.9375687448919052
0.2651621775148669
2.0260867769102333
0.4808052433800185
0.2187556559802033
2.7364648223883705
1.2980669629905606
8.298780417389935
1.0465828411252005
0.10906395842903294
2.4496206265466753
0.8328928439004812
2.6971352934197057
0.7132785317953676
2.127175537374569
5.752274351121741
0.2979528401774587
0.4919119336118456
0.4523745105252601
2.1334527217550203
0.06092223568703048
0.604552232340211
2.4079972514300607
1.4440415436256444
0.30872890682076104
2.738777665552334
0.06358419441676233
0.08891326271987054
2.3175823899218813
0.27955481874232646
0.39364182551798876
1.12510957964696
1.777144803883857
2.1670946369995363
0.7389109141804511
0.2993860017013503
0.8299086931365309
2.858481450108229
0.6560601843812037
1.761645264690742
0.9951437547715614
2.6430765356490156
0.1540920577244833
0.006287196432822384
1.7765347166714491
0.23847603119793348
1.772304353027721
0.7001643209950998
2.5295800991734723
0.3077336450951407
1.385069908996229
1.3112404083221918
1.1396213336993242
1.4016312500607455
0.4888948842562968
0.338308697741013
3.13976418285165
0.2529368691757554
0.028587146822246723
0.021770080435089767
2.108233343111351
1.1167146013031015
0.14614641037769616
0.39214620598067995
0.33199290350603405
1.2039402322552633
1.4094088372658007
0.7535435650061117
0.040790209925035015
1.5836184517975198
1.769325051442138
0.43986386868346017
0.02950043129385449
0.05836375728540588
0.11297602839476895
1.3623083320562728
0.017791189326089807
1.9121419115253957
0.057927342524635606
0.988159372456721
0.8411689452477731
0.6421580635797
2.17265370899986
0.9762183618004201
0.2938647322007455
1.447858074621763
1.0230574114975752
4.362567706222762
5.643488761095796
2.5294171730492963
0.09582675652200123
0.4388083084631944
0.04971011834277306
3.390320293707191
0.8315352094796253
0.1436486841266742
1.0408196688513272
0.4367673080705572
0.6890696594200563
5.280820029904135
0.2127516412147088
0.43925303242576774
0.5048986600741046
1.1179834916256368
0.4217658673878759
0.7927068654826144
0.04903984340489842
0.06395856753806584
2.365704020645353
1.1536695631075418
1.2578658164129592
1.2687761211855104
1.433594571382855
2.492153939223499
2.151281018203008
0.04273776306945365
0.7726700931525556
2.3301150830084225
3.1284510249533923
0.7531588792480761
3.25074411946116
1.516826192557346
0.3297038647579029
0.906602812858182
1.8945418255316326
1.9463386570423609
0.19851218805706594
1.2375354594405508
0.45489387211273424
0.21859098349523265
2.3903459007269703
0.9504270500037819
2.9142246902629267
0.7345595848746598
0.4764660478249425
0.51939092122484
0.44968059213715605
2.468565716582816
0.2310349258768838
0.8170768940035487
2.9121295563236345
1.4199657628778368
0.4219865369523177
0.9968048981536413
0.8939200507447822
2.5831619852688164
2.494291353330482
6.6835952526307665
0.516276931957691
1.7887692902731942
1.0966400599718327
1.0399985870026285
0.4745081360451877
1.7048901921807555
0.349266668810742
0.4923581535258563
7.098258316487772
0.0871157702349592
1.5689751047320897
8.019886417125235
1.6451258245942881
1.2720332030730788
0.5017961256380659
0.04872935762978159
1.0993515700101852
0.5313191128807375
0.1387786236446118
1.4964917564357165
10.04932263174851
1.3378922872507246
0.271561487854342
1.7511577959521674
1.3433159859851003
0.004786154662724584
0.29083321506914217
0.8605834739573766
0.6534735833993182
2.105889043523348
1.3780512566736434
3.5784923369355965
2.006468204315752
2.253399734836421
2.5129427666252013
1.076020537497243
1.896743488352513
1.8903917634888785
0.034570950374472886
2.761762127702241
6.5435855110990815
0.1955050826218212
0.33268682268681005
0.11466349974216428
0.26403108052909374
0.07530512833909597
2.338258461211808
4.11399679625174
0.06270168586343061
1.8075686810479965
0.08131251019949559
0.03869665472302586
3.3707406686007744
0.24448266041872557
0.5826283817441436
0.6436984348256374
0.33096147059404757
0.42146194832457695
2.9782109169027535
2.1025695960852318
3.4426173919200664
1.8142495227075415
0.11957540296134539
1.7039487096335506
0.9533683002664475
0.3813575739332009
1.480640998124727
1.1009341933240648
4.138624586514197
0.17961134105280507
0.4256780107389204
1.0224736550007947
1.1647171741788043
4.162963260911056
3.6473143914336106
2.0088405338901794
2.8834245340985944
1.968984167149756
0.0983050684153568
0.1633886696654372
0.32516234841023106
0.13306374863896053
3.2721952052233974
0.017569623756571673
3.815760061828769
0.5107554246205837
0.5430790332466131
0.03851823518925812
0.5982983592257369
1.4941292005532887
4.152553732434171
0.4511292783136014
0.7825032449618448
1.630404485593317
1.3308424115530215
1.885623694601236
2.4855492838541977
0.31543509221228305
0.5397160331631312
0.00658710120478645
4.279512568202335
0.462287630449282
3.684672796240193
1.5012391579075484
0.1413514802698046
0.37966908849193715
0.20967603972530924
0.6961191342124948
1.0010926613758784
0.08865171553043183
0.06700838735559955
0.5242926244391128
0.8235107995133149
0.5690866216027644
4.095672690833453
1.8563306216092315
0.3057749920117203
0.26805865425558295
0.5123097705945838
0.023261973168700933
6.98377054699813
0.47840271776658483
0.4443030770344194
2.1897487282694783
0.38732180271472316
1.3723142587841721
0.06615129199053627
0.1663551258679945
0.34887031649122946
0.48764994443627074
0.6654580921749584
2.552427986593102
0.016693143101292662
0.4032152056606719
1.0128932913357858
0.5303715569898486
2.099017595028272
0.5975223180139437
0.13925413355173077
0.8705077312915819
0.6822574669640744
1.567116346108378
0.37130959724891
0.0783927058801055
0.5960075417970074
0.22977888060268015
0.3701079318707343
1.6046870440186467
2.541760283857002
0.050640819274121895
3.242634831913165
0.20936994462681469
0.18595102918334305
0.15552051382837817
0.6497310608974658
11.40432544380019
1.0516093279002234
0.42762869865691755
1.1928789173980476
1.71136260961066
0.1672844140412053
0.5064719521178631
2.394709688174771
0.19984153936093207
0.5484264861734118
0.7995792068977607
1.2062380059651332
2.6367704638832947
0.4680456630012486
2.374959986846079
0.11358941103389952
0.46701870049582794
4.697010867253994
0.17249679400993045
1.0939791221317137
0.2648682746657869
1.4821729032992152
1.253606785874581
0.6770951160870027
1.3721553513751132
1.2381912610289874
0.8263829320349032
1.2723824597487692
0.07612086889275815
2.5051528753101593
6.910289706414915
0.5815383810404455
1.935253222094616
0.47193111026717816
0.888094373367494
2.864689940455719
2.7220401579106692
0.0022433317644754425
0.7932795995293418
0.7821122167515568
0.6950773765856866
0.20260752785543445
1.0245998573955148
0.0111058393958956
0.340072088787565
1.7900434948678594
3.1206176155537833
1.1964178329217248
0.7329339727002662
0.10133726686763112
2.250334568976541
3.8848197196784895
2.060568738001166
0.22184088245558087
1.1549240119056776
6.632402983959764
1.0211890879727434
2.719978315421031
3.168236131677986
0.6408328432007693
1.3216651292750612
3.1150138950615656
3.142360849058605
0.6508474292058963
0.2646653082338162
0.120445232882048
2.4131437029136578
0.43223463362664916
0.07456822073436342
1.309602442124742
1.0943329740985064
1.449086187654757
4.93706210415985
2.397020824952051
3.2031171056150924
2.7879788564605406
3.6699706849467475
5.395732953926199
0.2787458071834408
1.279411775059998
0.9654339304252062
0.09314275678480044
0.4462068121501943
1.5519536912324838
1.609634700420429
2.327039510506438
1.243907745621982
0.01790871491539292
0.8066994075197726
0.3836119879561011
1.7873373284819536
0.19970116544573102
0.5706206800823566
0.2420632917783223
0.08753172318392899
5.992692708474351
1.952262528531719
0.4266187983157579
0.13009325406164862
1.3478203181148274
0.16661371654481627
0.13832055994134862
0.3371521110093454
7.289623790755286
0.4875883853965206
5.207673955097562
0.14357849734369665
1.3135698428668547
4.299537681610673
0.653177785265143
0.6123650257795816
2.0792780970805325
2.9922239236329915
1.8210737510380568
5.000038529309677
0.030039600242162123
1.0435176109604072
1.0236187692498788
0.7621943387930514
1.1541297640069388
0.7730218447686639
0.44445474265376106
1.0536242290545488
8.40484160874621
0.7199622742045904
0.9445791540492792
0.42416178168787155
0.176757320863544
1.2979941995581612
1.4474051994038746
0.19473599740013015
1.608854637001059
0.9780309518100694
3.530892565220711
8.785380230518058
0.9956170905352337
0.7320003640343202
12.670250030685565
3.8911061375692952
0.3023360702791251
0.2515775477513671
5.066168193923659
2.5040218742215075
0.12008716155833099
1.8819355128216557
2.4206306425039656
0.5429923962510657
0.1065109688352095
1.4365444831346394
1.0808338763017673
0.13218555353523698
1.320816042352817
0.49225552525604144
0.5830130475806072
0.13428230729186907
3.5135056360450108
0.09532617776130792
13.44641642512579
0.7453512859938201
1.9010961235471768
0.05493664156529121
0.935754252539482
1.3675302728661336
0.24687678407644853
1.3370162445498863
4.113395837062853
3.2368244561221218
2.0853963656554697
1.404107754919096
0.27716053639596794
0.9842057740024757
0.023335809775744565
1.7934930403716862
3.43412147226627
2.3718093611096265
3.2332209853630047
0.17250462695665192
2.318643828839413
0.800275959976716
0.5745059937398764
0.5540053797303699
0.49969458411214873
0.6197280039341422
1.1084496620023856
2.2520439427316887
3.474175115698017
1.9546271558356239
1.6966545938048512
1.5415166075836169
0.2682014237798285
3.25834280916024
0.42266430518066045
0.2127909564442234
1.01808677749068
0.13573465624358505
6.168082257179776
2.418819625498145
0.5776934656314552
0.19876517260854598
0.6552840387448668
0.14094763543107547
0.5098182771762367
0.967071827079053
1.2220580695284298
4.902705388594768
5.177089534816332
0.38777217602182645
1.0909018011880107
1.382158010645071
1.5502039482380496
0.7820934041083092
1.331623335601762
1.6114422534737969
0.3359877106413478
1.8164248289976967
0.27566323295468464
1.038632537049125
0.018718768827966414
0.1523667780274991
1.9385184855782427
1.5207026765856426
4.018304808821995
0.5728592015948379
3.1429933537874604
0.7345456332259346
3.7382618215633556
0.6470682894578204
1.0971420328132808
1.2373447208519792
0.9001357508386718
0.3498263837827835
2.2383467305917293
2.81579975533532
0.5158209856745088
0.37252172677835915
3.4079790213581873
0.37634715394233353
0.32853896531742066
3.1117503802961437
0.4263077194773359
0.8041748424293473
1.6873785509669688
1.134621138422517
4.143254996990436
0.6802174196200212
2.7649889891181374
0.18008235484012403
3.749323495387216
2.0152014381455956
0.2790412809845293
0.5195853340264875
1.5042910485208267
1.5400059335224796
0.7846102749463171
0.0277758641022956
0.7380123073526192
0.2683689436817076
1.8227822234330233
6.902933617573581
8.489542450770386
0.9674442464020103
1.4052038733061636
2.1318314433883643
0.7298148252739338
0.15377970755798742
1.1992304181912914
2.4692344184513786
1.964355447445996
0.9036477287882008
1.5717295273498166
0.46750914395670407
1.1730752353032585
0.16175942154950462
1.4927976258040871
0.07601506833452731
0.2914646492281463
1.488049317500554
1.4333237905520946
1.930180687471875
3.1377550462348154
1.5579808094335021
0.24305420347081963
0.00772461605083663
0.6985945490887389
0.19654049594828393
6.539623539079912
1.857610537292203
5.773633127610083
0.7733816062827827
0.5282967376842862
0.898951184382895
1.695935045630904
1.1637521494703833
1.003561215591617
2.0331811058422318
7.416594570633606
1.5082890715711983
0.8192158053425374
0.31427624564094003
0.5371724506694591
0.8327103953051846
0.4618832952546654
1.0503859886375722
1.0347624873829773
1.0316975341847865
1.7840028291975614
0.7437396871100646
1.5733145945414435
0.4706093819113448
2.2262027267715894
0.5307941691862652
3.232065707736183
0.08334305863536429
3.3802354704093887
0.5079336685012095
1.2050530019041616
0.05478270145249553
0.04181409296870697
0.4368314534658566
0.2628420222608838
0.29323334382206667
1.5332386541122105
2.0013374496920733
1.975009851390496
1.56982578051975
0.06134406506316736
1.8254362986335764
0.07499211581307463
0.039578384239575826
2.088515558440122
0.29279846740246285
2.4556809424975654
0.5424250865908107
0.0712667808693368
0.3986716075305594
0.57409904927772
0.16929453871853184
0.247247371065896
1.6135122960986337
0.6367915396112949
0.6836181971011683
0.47416018444346264
0.7001680819957983
0.06233779797912575
0.6768172229931224
1.9197230920108268
1.7236246857937658
1.1312848120869603
0.6165314182144357
5.184707108288421
0.2851195918483427
1.050515929091489
0.9901108002813999
1.2660727876791498
0.5619032420800067
0.005726316318032332
0.8007660562143428
2.159177900670329
0.5206870276160771
0.2905280441773357
2.6925928537239088
1.6999094605416758
0.3258723640756216
1.4975154985440895
0.07737174631620292
2.57012814861082
0.8676538060099119
5.4476048615179025
0.8891397776606027
0.06709577748551965
0.9659050529880915
2.003915959809092
4.584376554965274
1.1601989302725997
2.9423527317267144
3.2039738798775943
1.1099119155987864
0.34893127730174456
1.1676206060947152
0.1627151589782443
1.1450182550033787
2.521551553203608
2.1405276836885605
1.8475584310799604
3.83915416765376
0.11091685593419243
0.557102587481495
1.4888248716597445
0.07831997715402395
7.0486308892286615
1.575628711070749
0.5500299083505524
0.7898731428576866
0.5428489204059588
0.7964633735391544
0.648719820092083
1.313413963856874
0.8966156435781159
1.9092508753819857
0.7081579059304204
1.352310855378164
0.6015221146662952
1.2340723585075466
0.5109099146502558
0.30717039316368755
0.8969471858581528
0.6957550361985341
5.4243443059240235
0.32075968947901856
4.003090950878686
1.9857096380728763
0.15335062799567822
0.7283178389916429
2.251688357355306
0.17888160875008907
1.7370247418730287
0.005755454287282191
0.033578597285668366
0.5052092540863669
0.1304882345139049
3.2909695348498644
0.6524609921762021
0.29668659035814926
0.5040074513526633
1.0366314375860384
7.674045525534893
2.955320768916863
1.2966288022580557
2.8510082067223266
2.671641289474792
1.3778546604007715
1.0245509023370687
1.7049071049041231
2.9360572898876853
0.4845268987410236
2.1397785043373005
3.2015463341231225
1.0818617026525317
0.35744873258227017
0.9628405290713999
0.24113229176145978
1.7344650808663573
0.05112485964491498
0.2609272857080214
0.04890566579706501
0.7073558789852541
0.4011536728939973
0.13216913351789117
0.6943412482069107
0.5039661048067501
0.4506506870384328
3.3854485889314674
1.93781540056807
1.2037649972335203
0.8638291435636347
0.19719103710667696
0.04219968704273924
1.5090532865579007
0.5556072089530062
0.4005406463256804
0.8963292345724767
2.298116986741661
12.47275741197518
0.25040310152689926
0.058240712562110275
1.034308797272388
1.5832188237836817
2.276320604752982
1.5145641059207264
3.7745414450910175
0.8989033854013542
0.43435749372292776
0.3236577625211794
1.518197981029516
1.0478089139214717
0.08934863668400794
2.637278110079933
0.11229796672705561
1.7676401150383754
3.7322449805797078
3.86404182415572
0.18561736792617012
2.030025218598894
0.038307449329295196
2.31146338902181
0.05389816551178228
0.9019578272855142
0.6102668225503294
1.6507013353984803
0.09516576632449869
4.120463070212281
0.7426294901379151
2.4045946505793836
0.26039029280946124
1.0041048919665627
1.0073295368201798
0.6298885398282437
7.990564330902998
0.8311826304561691
1.0955608458607458
0.5231027757254196
3.2456562423467403
0.17567327989672776
2.231530461431248
0.6658240616816329
4.8036718929652125
0.3253582238103263
4.048333180006011
0.12067453023337293
2.2067684790235944
0.6238122240029043
0.023633082208107226
1.550042249262333
0.4471054268797161
2.7460037222044775
0.013029190711677074
0.4422575516218785
1.1440191885776585
1.7963056152366335
2.4279795470647514
1.7543565235973801
2.685480892600026
0.6516004375298508
3.679444051682367
1.8736889876017813
1.8071943280956475
1.1033004857017659
0.43110806155891623
0.09142005415924359
0.07333934503549244
1.9307293780584587
3.0356227306619985
0.30283074780891184
3.556340667550103
1.4486319617717527
0.6274439766129944
0.28756835432432126
0.38698255935742054
0.44414192358090077
0.4090027992933756
0.06586150857037865
4.5638482721406035
1.331836374476552
3.2483925421111053
0.28556268983811606
0.01495352057099808
0.025235009496100247
0.6607180482678814
0.7373255344427889
0.4155541223153705
1.3255136509833392
0.08460759886656888
0.11728811016655527
0.5902765614300733
0.6516951845551375
0.7767023033084115
0.20290905378351454
0.7793294904549839
9.704124999116175
0.8907730876962887
9.100906972438679
2.108245278359391
7.963079224806279
0.7012552752275951
0.8757598597585456
0.1903424514166545
4.908071834477596
0.9189028795808554
1.2189164035517024
1.537600257259328
0.9172860372927971
1.7821524072496686
1.5159316526260227
0.21287722229317296
1.5752258830470964
0.07619426229211967
0.18086505751125515
1.6839482433570083
1.033893055820954
1.1010867223958485
0.3085269876901293
2.377687739528483
0.5071838937728899
3.15844766421651
0.45514187311346177
0.9752564096997958
7.697337012854405
1.3281191157439025
0.8182653414114611
0.33605740769417025
0.8639521974546369
0.07478394190547988
2.8235314576450037
0.03495194726565387
0.45399178536899853
0.3117484987160424
0.3584664053778397
1.2908778985438403
0.09417366499837954
1.8657913705246756
0.027865271156770177
3.6728494945855346
6.447005567591987
2.764733412215719
2.9184497594687855
1.9251231440139236
0.07359894765249919
2.6289825006970204
1.475528424300137
1.5959974938014057
2.6881954861746635
0.15477056308009196
0.9869960054638796
1.188564112118911
0.4345426914951531
0.7518357554799877
0.09333744988543913
11.893418123479933
1.335226925482857
0.239961125611444
0.6250280620297417
4.242025423242012
1.6752094464318361
1.032437035246403
0.524518653342966
0.12268695514649153
0.4556925728684291
0.37939333126996644
0.36699102562852204
0.2883752763591474
4.704165621777065
1.7393934467545478
0.029612401413032785
1.645409120246768
0.3617735287261894
0.6506590813078219
0.5760941237094812
0.8561804304190446
1.844080750568537
1.2943958958494477
1.7038924828375457
0.4911529151140712
0.13729349014465697
0.19957890997466166
1.6779470674518961
0.2672788946510991
4.157031612689025
1.820856301666936
0.5827975942374906
0.1077371223072987
0.4641105532646179
1.5661642353225034
0.5464421321084956
1.1792286442505429
1.506907298884471
0.8554491722752573
0.12664358294568956
0.9057530499558197
6.96822063701984
0.8636523613822646
0.71652296333923
1.9148279581277166
0.2993179948098259
1.7403461435897043
1.3129837857413804
2.052727112080902
2.352711767918663
1.0335690649517346
0.6344885633006925
3.6840420683001867
1.5948985885479487
0.38220690582238603
0.041811308095930144
1.0760841901646927
0.7221871802466922
0.9691956118331291
0.027290937228826806
0.1365240129380254
1.224487010127632
2.2729292478470597
0.7559142095124116
0.4593261414265726
4.770296099377447
0.43541998123691883
0.1579137251683278
1.7348835749580758
0.494649998829118
3.1301368736458244
0.9029458456061548
0.1975819512445014
0.2862296861130744
0.9756481025106041
0.700217327757855
0.507929009036161
3.135848937483388
1.1944941684923833
7.818431491017691
3.172233562116162
1.043542745130253
4.289041024341714
1.6218997530813795
2.4957950029638596
0.7858548779768171
0.7599828041711589
0.15483438558294438
0.6892438439390389
0.23255508783040568
0.22487623177585192
4.097911838340224
2.8092820421006763
0.17901681023067795
0.6047528575873002
1.1735975139017683
0.19279533723602071
0.5056363087642239
0.8476533593639033
0.011028373730368912
0.4608054236014141
1.6189228740986437
3.090728155526449
4.04791994029074
0.17537005072517786
1.6280331519519677
0.21360058545542415
0.5629793258267455
0.46326524671167135
2.590141285050777
2.0956933347915765
0.058824756895774044
0.0427794303977862
1.9186788482911652
0.3536565673130099
6.79617086010694
3.156831500484259
3.0281858537346125
4.021797480047098
0.9724713457981125
0.3533154228935018
0.11458800249965861
0.33510745462263003
3.0740977871901123
0.2629135655151913
0.25099563841649797
1.4496359170152573
0.5983613840944599
1.280528285933542
0.6101387783710379
1.3433397859625984
0.10684995281917509
5.89846486330498
0.29168831344577484
2.5607224173581926
0.4331702625640901
1.2016239441436483
0.4936089441180229
0.3634789138886845
4.3273071473959135
2.6820313015778083
0.8619343492027838
5.523362894440652
4.6489744297578
3.7660086063406197
0.14727789630705956
0.8231634885305539
4.423794872927829
1.1148140024888562
0.045498060309910215
1.1024379979935475
1.431251819463796
0.30029194643429946
2.385160987454583
3.0025059580802917
0.769303922454128
0.09522790576738771
3.35126915948058
0.7827232186682522
0.05561424346524291
0.2008894731698092
1.9911256561172195
0.9259624813130358
6.220179326919606
7.165590647375211
0.11875961236364674
0.778937719122041
1.970927692920668
0.7871595186879858
0.5089241948007839
0.34681329104932956
0.48509664039011113
0.40674603122170083
2.323239396486315
2.4962389258871553
0.18142632876697462
1.938551677914802
0.15493645316746552
1.5672069959982764
0.08488006428524386
1.8883932434400776
0.10827676439657807
3.2517454756452935
1.4603062494425103
0.05215764949389268
2.584114427882014
4.048238777570077
0.19708882323175203
0.12062522323685698
0.361350162565941
0.2687262383115012
0.7447103670565411
0.5059996599593433
1.361609084837255
0.4245577401452465
0.8993438031029655
0.3607423506327905
0.3036725795682287
0.008822619085549377
0.8595469403808238
1.7941012613882776
0.29680806034593843
1.0550228293141117
0.2946044060809072
0.007514626151532866
1.2741189543739893
0.5248331373004476
0.1129871156590525
2.9646314753044862
1.8985419432574417
0.09860718325944617
1.4634721399197588
0.34108325895795133
1.1615080615592888
0.6661173768952722
0.7746817699226085
2.206528422422707
0.07797958445735276
0.5895053255517269
0.7027640675951261
0.02914763116859831
0.22547402167401742
0.21829907059145626
0.12450900420662947
0.35184371411742177
9.58296791750763
0.37835519934014883
1.157329447727534
1.6286747201666003
1.2035410767275607
0.10549959579657298
2.0356552106823074
4.678725454650703
1.3284379065735266
0.5473293303075479
0.28245346718176734
0.6105178954603616
0.3310235264507355
0.6243359960644739
1.2443224753951654
8.746671351938858
4.2691989137092605
1.8184928304253845
1.0159661401121411
0.09411025761801284
0.14952341068419628
1.345886256560334
0.8560421549336752
0.22560838914068881
6.305499140522443
0.4273160604207078
2.2371790254401276
0.010447440799907781
0.18368595582433045
1.5061739509983454
3.6547935266280547
0.5354909859597683
0.5961256252339808
3.6879554144543363
0.023011751181911677
0.38099668227368966
1.3247303204116179
0.36376120743807405
1.0801222605950898
2.031843757155002
2.6984942647104617
3.4369796389946714
0.11854025795764755
0.2640656606236007
0.30696397727297153
0.2299993971537333
1.5240413570718374
0.5208581650513224
1.715297655769973
0.0527731210750062
3.5391752632858697
2.5522203868458746
3.4213934888975928
0.09433129023818765
2.1154162592138164
0.1802854268316878
0.1874850992608117
0.21230865648249164
2.3819389748678077
3.6064172408659942
0.8720362593157915
3.4196111969213234
0.3067163758823881
9.28623422702367
1.5408073485450586
1.434285832408932
1.5152588756463956
5.14786559760978
1.142183441319503
0.6262060684821336
2.4245574395463336
0.8413020334992325
0.41119801203603856
1.189304132349207
0.012491023051552474
1.2094974002829986
1.617286606968264
0.0754686242871685
6.1053996899863705
0.706561001992668
0.8430921955005033
3.5130151600315003
1.1536376079602633
0.16843317695020232
2.3669968961912673
4.328191845284891
3.768375756975729
0.9999740661733085
1.1958172317536082
1.1457667223294266
2.484512852373882
5.819526203616988
5.417537579545751
0.541034196226974
0.9295310134039028
1.7935711244790582
0.374250859284075
1.6746156692970544
0.20558266718580853
6.399948935548309
7.619715681605157
2.323502761151758
0.4887541799544124
1.2440160953701707
4.972235408233246
1.8086103154055309
2.506688766705338
0.1678554289683234
0.8740726208052365
1.5248903639876517
1.1055354752897983
4.619926760511589
0.355167835514294
0.8760996088094544
0.7083841552230297
0.137379756597511
1.9118870354577666
2.177555925954948
2.6147886518592713
1.6979217390908161
0.3622717221005587
0.22848040556709748
1.0594842872960726
6.710131710613496
2.912077098939335
2.621045023188344
1.0683670850121416
0.8232505763735389
1.161954977622372
0.26830245746532455
0.6616574591753306
0.25161203792958986
0.20429936880827881
1.8959301950526424
3.548515278380364
0.2386309985886328
0.2039584068406839
3.1565488364285557
2.7292070933181094
0.5629313556128182
4.746160887807491
1.6316732122941175
0.9172296480974182
0.29834221152123064
0.33876825717743486
0.7133767579653068
0.19435403471288737
0.5801066377025563
1.3649386415345361
3.402457155403681
0.3236176891514333
0.057472205386147834
0.6370851099636639
0.3637907286029076
1.8276798350561876
1.613205843110336
3.6936670730356127
1.8804645420314046
0.08063255944580305
0.19232750934315845
1.6925682967848843
0.9717762840009527
1.080364187626401
1.985850427983678
0.363100211834535
2.9985790204664227
0.6047478241525823
1.636417332891142
1.1649790567025775
0.7242153093538946
0.7637933023361256
0.5329409071709961
0.7427640591049567
1.3610060520732077
0.4826917420432437
0.8185015104681952
0.1724195997667266
0.12649322510696948
2.531553474254906
0.42521755349298473
0.09321505863044877
3.747182194609195
0.030810143405687995
1.9125885709217982
1.6296685568231624
1.9922193464299198
0.278055230184691
0.6814492583071114
0.0989834991923999
0.34197632397990674
0.014494039816781878
2.2000517634733114
2.230532028945163
0.8642467708705226
0.3233966994594084
0.06315526794060133
0.42418202887347434
0.7715023450582521
3.4189272228541085
0.04156476818025112
3.2967765313223936
1.5109951150079723
1.7388530694879591
0.8003860154130962
1.342552139016334
0.7234559510397958
1.4314933973364532
0.9988109430851182
0.9666167038813
1.20895796197874
1.864476046670461
0.013395274101640098
0.7243261680123396
0.37448954570572823
0.9828962366300402
4.335697964881547
0.16810670867562294
0.5889507856627461
0.26333461004833225
0.28388351829198655
1.0448332312516868
1.035369410936255
1.2183931726758601
0.5314588686742354
0.21375283165252768
0.15979554571094923
0.6156785134080565
1.3308122129383264
0.049617265816777945
0.11361863357888069
0.9459958245570306
0.9476086544891587
0.17148645140696317
1.1661199699447025
0.4818456267094007
1.6674551213072846
2.0121312764531467
0.7496363820828265
0.10049844914465211
0.5062849474779796
1.3497182445717044
1.3921285386022646
1.3505822616571095
0.504478874761844
1.5187919049931224
0.38666753328288905
0.9855017258814769
0.6656775583396666
1.8358802843285957
3.879178018280072
0.4111085671465844
1.6050230694672791
4.715666884338134
0.039436388105968945
0.23433028504950926
1.0027781115786638
1.707025719457306
1.0561184468242573
0.22943338395270985
1.316781062298105
0.41763715744309593
0.722263601681334
2.189550116760074
1.671460555473459
3.654043278322206
0.17950019855925348
0.17148465759237297
2.1256827986217104
4.805477330330177
1.6323138273874065
0.63669413907337
0.2754685788822826
0.5605885117402067
1.611272562702652
2.4289972403785214
0.3327059789589839
1.413601727457717
0.7667465016129427
0.8139397078048205
1.2013070258835796
0.8670399349066429
0.976413393029361
1.1309457216993906
3.1258149282220984
0.056137801919248886
3.495572341969819
2.2954188778967364
0.3724538569804281
1.7653430945792934
2.0468892573553603
1.1320345619751606
0.1453342078748392
0.5067295836634003
0.29718829070043284
1.8527390675299102
0.6650933675264241
0.39691322296857834
2.3662601733522024
0.9766347847908037
0.46102742945367936
1.9028444341820432
1.781795365808648
0.9486853574926499
7.006138575190562
1.1645417819090653
0.49776865796593484
0.09668508463073522
1.6197970463108504
1.990666494370089
0.1260641713743098
0.944682664325228
0.6939055776310852
0.6049882561637787
0.4122090909659164
0.08388747298158705
0.43337268610775936
1.2016482847247971
1.5869667619408574
0.5328801752184518
0.05617968691512942
0.1650189267093083
0.02699990257679019
0.6380635346285999
2.764022948802449
4.036765245036804
1.1236570276378188
11.974700235936325
1.8688782661338337
7.8161507570475806
0.37367229763185605
1.5164798273326596
0.5073737910861382
0.725061931865639
0.2535278785653645
0.5523952275398187
0.7843149525288027
0.09524707564560231
1.1848187271971256
2.427912685350748
0.0725198976288084
0.533594502005144
1.6879786842764588
1.6857793044036953
1.8171131289418554
2.020885840189294
0.5856984364218079
1.7590582319680834
3.709093168959953
0.45756077399710193
2.6614247412071563
0.7674529735813849
0.6605946566705825
0.9519893410615623
0.47571135066391435
0.6418623861245578
3.2120176601747517
1.1220180821692338
1.3700416169449454
2.530514468657202
0.8389208443986718
0.8959323750750627
0.2585660591867054
0.7974488556792494
1.6579496212943923
0.8959434775606496
0.9319315849716077
5.87297606759239
0.1677149130118778
1.0634722005197546
0.3494588240137091
0.1262534746201709
1.1738526057597483
0.4406037126755109
3.472845614218386
4.055392248585122
0.09418108862882946
0.5826870852906723
0.7598755804065149
0.2150809846643824
0.4279930566990515
0.13011673955770675
1.004490241262829
1.6375797687942395
0.2664685859926976
0.6018552595342044
0.05556150323536713
1.901442836940987
0.8860812464845367
0.2605776240961859
0.18275458135758527
0.16728598202462308
0.2971797890786547
0.2740440179914003
1.8276545414992142
1.2994410200190032
0.24319525843020529
0.3347471193119418
2.4663695016497513
3.511291336501017
0.7538030272116885
2.735829060417018
0.292288721393561
0.6117759054759517
2.237769351384486
1.0696764276217436
0.00852051428228151
0.32387094062869437
1.6132420996582368
0.8383226313162595
2.146939101992757
0.02040805092838127
0.49018066974531393
0.5401785730500706
1.0863158363572438
0.03492987001664005
0.3152053112935391
0.14027935550257098
0.27778077745460905
1.5564077626622748
1.8270916513720294
2.852496080522542
0.2607836867100559
5.174541502521606
1.399424147894024
1.7051401960779913
0.27806395091465674
5.217214557720581
0.2889759745448828
0.7647556719457498
1.425789797474863
1.0531354845297756
0.12877543925424106
0.020604735298547894
0.09426472241466399
1.1883492650667904
0.11162079209316289
0.23867826617788523
0.013963885765406303
1.4827736758161336
0.3780679615738336
0.9229231718200026
0.05563512281514704
0.35927296977024525
0.8115328679268714
0.6326709087879863
4.301634401985211
1.6855717891157838
1.8587580363673624
2.3730976033984916
4.2711615955486195
1.4806291101995157
2.833172488739365
2.4633083805965725
0.12004662258550525
0.31228622210619505
2.1780035049887374
0.9838874187698821
0.04108183033531532
0.13291838187433314
0.24595892481738701
0.7595588006806793
0.00040463735058438033
0.25402105442481115
1.1493211376509862
0.6669627443625359
1.4221933943917975
2.764933691607439
1.2098284503881587
2.446752174568246
0.9914571405679453
5.1780169315461535
6.739677138975821
1.4963039740978274
0.6942366838193266
1.2155645963939605
2.142714124536724
1.1133714420575416
5.590917703113519
1.1495506378414575
0.0030899783596396446
0.07599559923983179
0.2924024327658117
0.8179973820369923
0.7757794577628374
8.482127421608311
1.8531847035337705
0.7347449393855641
0.6211622086120769
0.061256862623849884
2.7086990530369803
1.592538889744901
0.3691140223381808
2.0343283116526436
0.13879368707421236
3.2030150002537994
6.5260988581576385
0.6383004385861568
2.0387046120886225
1.9263188657350838
11.415306844879524
0.48640547940158285
3.580971416682587
0.5990369045757689
1.3334474547154969
0.70169629380689
0.3044008777505951
0.643009547420661
1.6577852566115325
1.0346378897374962
3.4225360149575863
1.274030697371927
2.972019770561019
0.5329084349505138
0.16208763192116749
0.07546130975242704
0.6846983326249756
0.4844491514377296
1.0136077241186285
1.2325363032432506
0.7338290722836973
1.1079948110855184
2.5293688639212633
3.5801703462639125
1.5594438645930495
0.719389492427581
0.7174295348668238
0.8810628289793385
0.004756467838888057
0.949418698772206
1.8328461651108228
3.1003015801106812
0.07779818959534168
1.6727142572199227
0.5172098630428081
1.0276513077114942
1.8020808465225855
0.7214364787068916
5.448054246415268
0.8868772102723597
1.0848619513853919
3.1555027802241966
10.49596875224961
4.012659654050367
0.55712945968844
0.6869935778086074
3.6783141037158202
0.1797122129064519
0.011486822593724355
1.1507421248097671
9.933999700442655
0.8916865170904202
0.2682834402221488
0.4840010347252246
3.376548606378492
2.614178282325156
1.69776760712557
0.43477199411427137
4.146402673177363
0.9096388933248818
0.46610909719311167
3.655980523210019
0.7541317996219732
1.8258498608774971
0.7286443835764658
1.0825263955775881
2.0959139847254846
0.8604367167135933
1.236943796495325
0.25895271616172977
1.3914325540245045
1.2390027088258648
4.264942389112548
1.3482239438890247
2.7707926200237125
2.120364473114023
0.12961944556445815
0.42495474059251137
2.7772622185584623
0.0622785878367722
2.0975409649545327
1.8063963915337808
0.6968269549397519
0.027634151090751402
3.0427280539734056
1.1892773983709048
1.1446575371664949
0.5363890138687566
7.444385250884807
0.22710060358804185
0.07743016371387057
1.7206092821725179
0.01962189280311577
1.3087295238656225
0.8597694862401113
0.08744932585977949
1.4061243321339134
0.6973762686247937
1.1766350647667423
0.10494478902546689
2.036208482721122
0.20944557747861836
0.24629073703545146
4.595671195042087
2.1568235178128816
0.7726988701761002
1.63771353114862
1.567200951918494
1.7688782998739043
1.6690476227086037
0.123709594423417
0.20913096889853477
1.7795442672359059
1.096547078283038
1.681514760479331
4.74179739979445
3.5824719803058542
0.20771247973607387
5.635245363562717
0.3959732558578253
0.12153726026008371
3.501654616818996
0.8407900295133004
0.24829890209366567
0.1621516544109909
0.2415950872382382
0.014476536714937538
6.664600809381227
4.422124230899499
0.024818931124173105
1.2002967086154968
0.2980290468694875
1.3777553108520806
0.17245763639220968
0.4835681139229564
2.011083171251812
0.4763953874062281
1.0738210892595816
0.5034485056676203
0.709888393728761
1.3700536969990935
0.41794706338259857
0.03618214474408887
1.2790454019996105
0.6081905236060265
0.20128671423299238
2.410543576334021
0.25452230432711076
0.03516845087870024
0.6296327985910466
6.083170066674938
0.42416841817612294
0.27536471968051046
1.1375880903069628
0.9635434616357088
3.186740367906168
3.023853086968302
1.229327949884464
0.19415155582828447
0.13001286846701987
0.18549238159903325
0.6841547983640339
0.0660838726471411
1.1013344897073694
0.6996764589712257
2.5785316801047884
0.11287310675834306
0.5750443204451585
0.48665758143761195
0.19702781341038644
0.00960393289278727
0.7421677078382345
1.3513413455075352
1.4238616144139087
1.3707223663077457
0.5229259627230931
1.3907927344553173
0.3974010242091026
0.24709287499717902
0.1544973481213674
0.7122131626383634
0.32162847618747037
0.08395202028623316
4.283737597070285
1.110373530187644
1.0244148115743883
1.3459924063063227
0.211888484787778
1.7963027093792334
0.6892575249512447
0.2622401164844632
0.1920250851981109
1.1419721583661158
0.03372058874811046
4.494042806560174
1.4160078758577583
1.2763484933238942
1.283713176700985
0.9514655297389254
2.639534749323502
0.02519229862082284
0.2566035101626767
9.20299785824318
2.3793404010357335
0.4597302031761501
2.737684136038297
0.9662088434706675
0.1901467189018149
0.501721734093735
2.572964385704836
2.2143307531659957
0.3843410494446289
0.5564587817934807
1.3454475795588223
1.3036224600218702
1.677058290122659
2.0327564237231854
0.3896267315139994
0.9573353514133487
0.2911311065981863
0.8428542008914519
0.1104116107308073
1.9031372103345348
1.4263672423985554
0.41791889746673405
0.19039169886673335
0.42592593174776994
0.19678744563134387
0.5383727692242246
0.9556332144566113
1.5709126180736348
1.7976044031529455
0.3635868979472434
1.7609547726315213
0.5421448619599687
0.11112222936935723
0.19867171524674632
3.8243037982465466
0.8289586040482391
0.6881221084768185
0.15321831505571026
6.421984040658572
1.759077706024982
3.888954974390799
1.2865050082909875
1.0945648049964802
0.09006736868468579
0.19681511976523325
0.5451425915962318
2.9041428102646023
1.660106438663206
0.11989511580031831
0.5301568370632594
0.24304689749260433
1.35246803535847
6.316025199412252
3.6232741764979437
0.8792639637977118
1.9781548391183605
0.4187477431842126
1.967092905935715
1.4671623864851426
0.15959516068687662
2.5772099173627794
0.33193036282318644
0.35432577233586926
1.0183985367621062
2.555725460377289
0.010774776776088402
0.7549866704212036
1.4149514332093531
1.4147403785973438
6.491520317591494
0.8019720859301742
2.4651082545751706
0.2536522187292576
3.3247420013940427
0.1415859190892661
1.5885383149143308
7.002947276836494
1.6367957156035118
3.3183138926833635
0.7291708534467034
1.4028630204411456
0.21847691910807043
0.37931248791574035
0.7943531882337993
1.014933936210582
2.672703189586173
2.159318923295359
3.0177530471555656
0.6800879306247225
1.5824466573540121
0.3576907654351089
0.7440307874931023
0.022306332481093705
0.36157792688754853
1.0792197551199934
0.3868656858248869
1.1395961594535038
1.4580776401853655
0.15703496291826013
0.8159792708174791
0.05577388824895024
0.07394067911081947
0.06214829809323419
0.8885468430962646
0.106011472424143
0.4237250329024391
2.4217420368077
1.001583723074873
2.080064329871675
0.9452896174043417
3.0561393865500577
1.844842793623684
2.430560080843861
1.4901537347905105
0.5697758942696964
0.3142938659439096
0.37257670710096136
0.2757775761419907
0.04137558463844471
0.9821958171960432
0.4956711386766983
0.570726449470385
0.695392536566942
1.2142646281135967
0.8847608540381771
0.34722507909464184
0.03567403087799903
0.11744226448354311
5.469021003198577
4.392988643870922
1.3745637366373558
1.1937126471311785
1.8068714007240487
0.5409667163185077
0.41450411854020786
2.471196088794386
0.6978873832413228
1.1066971765685594
0.173221806937363
0.5795602361904457
1.3460545324196573
0.10251951981626917
0.33232215062889736
0.09238941902003717
1.1152215242909733
7.431430696611642
0.48441826294583734
0.8599062866269378
1.7468792241852498
0.6265071795351105
0.05823601226438768
3.4600966262514703
1.5480590876250062
1.85280372199486
0.029763412894681096
1.957918236774276
0.08965018931485247
1.248688443840365
0.7194630870799301
2.546299868117785
2.2070928807079326
1.775793828011956
0.768105428738636
4.050008941747365
0.13432688078319188
0.12003792051109485
0.4668227443762589
0.5976651611708803
0.034314377917326055
4.845202502983739
0.33703531966602895
0.6946767975023249
0.47036371324793436
2.804266218547127
0.6336319506372092
2.019463336400804
1.4411328823043732
1.0557619554165285
0.7529238331626402
0.04009056564245839
0.7569953261991031
0.9871725489210803
0.6425030354002956
3.9955535606568446
0.022916337882634252
1.0300250932050403
1.2029515963804442
1.5960238059196854
0.6442182863538619
0.09623189964622725
1.9674033493356546
1.2430381437152391
1.3928407836210681
0.22907300165388733
0.07115584021084942
1.6777352627686923
6.3179569095227635
0.11028267498477362
1.1577388482837705
0.4439549112430541
0.753002581637702
0.4958774863916915
0.6394013813551283
2.748979669107939
0.23293361910327803
1.0967325630335836
2.156716706114821
1.0579406777687836
1.2759912690380588
1.403010216759867
0.6880492882773979
0.5527763536956627
0.4263436653127428
1.2824715913302498
0.2845094408112345
0.36213798499375116
0.543745543283876
4.9302665861468995
0.6632069728511851
0.32692792513989843
1.3358882703614654
1.9606461696093902
2.2327780255000107
0.8147773253149353
0.27564475701365154
0.3235487136989832
0.3099639524007216
0.7590124446141999
1.3376575108704856
0.27506357316451613
0.5809707726584747
0.061662077700020745
2.179991187687847
0.8499936534353765
3.501624057927984
3.891947101583355
3.2827403818664607
2.164348956430331
0.6447022781649139
0.04380380280781537
0.03734795477066655
0.10723322501871735
0.21334183790895622
0.12619473943777848
1.5437689393293113
4.269310912190122
0.1416239115933422
3.3893605739431223
0.956988262347295
4.804935481355642
2.7193202817143174
1.8512656595703447
0.3836769957852084
0.6515745037759189
1.1019383555831155
2.3730967707379023
1.3733927662251517
0.3515303457243135
0.24595712304289918
2.856281335800304
1.5031911262194626
0.011150006306706928
0.14602435610140674
2.7803689438587753
7.6190539704984985
0.3558293583919294
0.5145829524844885
0.6734924272896023
0.8676898234116379
2.1998845329799224
0.2797496508137556
3.1940561162191443
2.531419372855453
0.9760828282887815
0.22739211669249926
0.4707661115535302
1.2893655151565326
2.801294738877914
1.8845316735532833
0.4797585470805643
3.6196781210019253
2.1723976981447777
0.21878548055246938
0.2991896197927417
2.169674573087832
0.10669929279538337
2.219236919117975
0.009874049908830784
0.4142863942834083
1.5860769558639731
3.2561608540127054
0.04661210809717886
0.6808858952572336
2.1754251827806
0.2887533446919406
0.01825451491458807
0.12220534717198461
0.2236426902236417
0.6456280308921123
0.8074716221308336
0.6296957287122495
0.43159539563930593
1.2499917602108326
6.249022888820036
2.7342358972964576
0.6606177592766471
1.6908780888479669
0.12058752383745741
2.872251495224191
0.5449526014708681
4.799891483853571
0.15939476297353394
0.38278068737417925
6.040598058956675
0.9097131784656085
0.2203783667719108
2.11225582168845
1.1439873470080784
0.16768663261609618
0.6931014912697719
1.7731886929395841
0.03369208124058787
0.4736107724311296
1.4157184490613872
2.057314995661727
0.0910086472867988
0.9001657370827161
4.35451093489246
0.7005408726690803
0.4065179083700059
0.8064274205244146
0.4363246686407365
1.540012170546106
2.1618759115517605
0.6624192170565948
2.5237533059407724
2.9826388087967644
0.012370548240141943
1.440378990067984
2.5683554819697747
0.07753589456842747
5.540271310950629
4.070563489061897
0.5606505938631017
0.08050656437990256
1.8665396444412181
1.7742167703108862
0.19245170227077324
0.9085363682388561
3.1008553553692764
1.8607646857417421
2.1038674642477417
0.45691609881760087
2.546815408524708
2.0964019619423198
0.12711883161682636
0.662616716537741
0.7755763176101027
8.63218547872384
0.527413518371759
4.267731728497893
0.013493206861312501
3.50314356169838
1.6338689420226729
0.6479869313334348
0.18549425408127718
10.6593337723898
0.7674055937095545
0.3102629932400305
0.9485954811243573
2.036159036651952
0.5694412810407812
1.0457481010525953
2.442856204652344
2.3521746634942247
5.056667470125831
0.2122343403461855
1.121169567006291
0.009485459158895537
0.9724566731747473
0.12770834090770222
0.5631218670314411
5.014696224650834
0.3570854293211596
0.6167092306277482
2.2728427632682724
6.645036795758642
3.4962715498841135
0.08230782832833938
3.468066641202313
0.6372301393566886
0.2804872976994375
1.3477611081907526
0.8033125387737527
0.8998329981404822
0.6309218964306638
1.1833692897780566
0.6425598977366462
1.0280126235593343
0.8900973159034038
1.1363636438036337
0.10800649457087275
1.151748992560897
2.8396134555950994
2.511721818620572
4.045862709623179
1.5505970886151772
0.9346264405903639
1.8021395585383289
0.6970349579351023
1.2337521476001712
1.2071739011007594
8.053801066067535
1.1528080950374715
1.6871255668229423
0.7977246816444676
1.4477424846991198
1.0352438911504578
1.5630189649382373
2.346845351770753
0.5965912734682206
0.19027569970057812
0.10271459240175318
1.0574732120294357
0.09637157506949734
1.534688369516516
1.3733249733195407
1.8437806939618895
1.3595640820130939
2.141814927570522
4.239052774180891
0.26984969559998717
1.2391979772219202
1.7581040582008427
3.1051318573154276
0.4744946826249361
0.22121544065885246
0.3211996115423972
4.687896328148781
0.03608160566363949
1.061403150582919
1.553249175689416
1.9628057276713662
0.4514766809588764
6.618494591166382
0.6296044654009165
0.6617095477704424
0.24465770232200157
0.5205900561122689
1.0277435054304078
2.7310994479921646
0.6641582213051151
1.681835833369405
1.627460491959937
0.5589858484017896
0.048634061065968126
0.21779021224938333
0.8120398413011571
0.23502816252585035
2.104193710081745
1.3591083113860805
0.6201748214953113
4.194150303126662
0.28867313238151837
2.968817087748903
0.8216786677803611
3.66509302938357
3.1517743045988027
0.9469213169650175
4.4894956728530815
0.018895862333010882
0.9048021351918578
1.214491047852789
1.6277042706351494
1.3487731164641446
1.3371027411776595
0.37821751221781597
3.3787251774629112
0.013624965911731124
0.4496493253536755
1.2333733336417936
3.23281785218569
6.893637191824382
0.020890691987005994
2.7313428201014176
0.034562062297482044
9.222855402054847
0.6377735650603427
2.3243959742685547
1.0605811714631272
0.44974276080029085
0.7362026720657013
1.9393281892407686
0.46021342258609366
0.6529598591878312
0.22684102137282025
0.4103998248465359
1.006346463385853
1.1298166020860663
0.04575964070681948
1.1762298387475312
0.6566717690438963
0.7623440564493649
1.6832758989330614
1.1287871792010264
0.3845728249725653
0.3118682996282587
3.4351595776097383
0.00939898107026238
0.04976969709969126
0.4703132323047612
1.2159128603088902
1.6254557667271001
0.362187212871504
2.112862522233627
1.4173864174081245
0.28192652312282007
1.6892603426094865
0.30098486770293675
0.9156342520436738
0.0595817787834676
0.36281678908562753
0.33417575820931233
1.639534330155584
0.8123411753622349
1.4899533599527786
0.38768894420354627
0.18544331728480756
0.041745912880287506
1.0609475529636256
0.13185961626004428
4.599272259467398
1.3468245514814043
2.2803561376349535
1.68267242705042
1.012496242983616
0.6987696726282593
1.8571694652346196
1.9186667899921304
0.19654258350783493
1.4240332894696621
0.03965757063997444
0.7965817244985374
0.1272596820781473
2.6844964578340296
1.1497217849246226
0.7899373288819334
0.7788830536155729
2.850503910012776
3.219182861648733
0.008055833415710367
3.8802907884091837
0.3082400178100215
1.9068246912938775
2.6395500431681285
1.0658826472936198
0.7455954334000126
0.296975432196632
0.9869524430978345
0.9587767212069593
1.2262501880177297
0.5782092984445626
3.7001718215324217
0.9116484162950655
1.6204835069511319
1.1570913349278271
0.941969372855965
1.0691888633882627
0.7959396526712226
0.18220840362482704
1.9494005885353545
0.5554930477810558
1.4100270414783154
4.671794378620689
0.1246636485302588
0.7703258119436214
0.5974042977322824
0.61768921057228
1.1073710658529308
0.492008342029294
1.8679739532672102
2.197016089252429
0.1122363532485906
1.1556541424652096
0.19913582668232266
0.21720030918368138
0.16767601332685445
1.1470469968917314
0.2393347929319134
1.4347762083343696
2.6250280029926216
0.9941846957226517
0.5772876053524669
0.6643208148598205
1.0091519221896306
0.5389282769901911
0.20646870670316275
2.8113639079529094
0.27292762967408635
0.7062376833200688
0.2743205887018121
0.6093089568457799
0.47610141737095546
2.3070218106004177
3.0247855066118063
0.55634547417867
0.8744454711995786
0.8125452816311736
1.9399382436095038
1.1489265721465927
1.9870375325990608
0.5753121139714494
0.16129199175338726
6.468703968494083
1.5134313526796177
0.33110202685929835
0.6853537002607482
2.414195334436954
1.445806805670145
0.16041573720576707
1.6798557137517491
2.4527521256386535
2.87944226792024
1.5387896891043056
6.165338745631743
1.1724493381479988
0.6307285020011477
2.1404665063600987
0.392638269928284
0.15090969680750277
0.13150923348439392
4.164594708927325
0.5838916586071718
2.9079058348288527
1.8509385557699716
0.8781147122499533
2.6835754178173374
0.9116211649670731
1.3210088927444303
0.007332355220569298
0.38493936057784595
3.116220779978903
1.688533051565173
1.4806521641439758
1.0329753253463423
3.6749152894772124
1.5018368066375842
0.3715121724671917
1.481796936946921
7.363833554467419
0.7395170681993477
0.9059408811590401
0.09633914803271182
1.513654472088092
0.48472052936267573
1.616885119379731
5.653627106206841
2.889698804341606
1.178412134249811
0.3562734992301557
1.0171600718749687
1.4762880491034593
0.18408215262752492
1.001027576137858
0.06925888865953311
0.6513570411334513
1.2654234736255603
1.6857754362863488
0.8308531759539619
1.8167508380283834
0.8470077662495896
1.1265202170179691
0.6277072441589553
0.4849664483917877
1.0589752393279923
0.5999507464439375
0.0936533205822343
0.10946158551087137
0.6381976254051551
5.18600630047149
1.5718311421805993
2.4118895653955406
0.4110928129084641
1.743451079877559
0.5840452045522397
0.44339511773432605
0.09923973647528328
0.19511458264605608
0.9237161587952869
2.7822143374214647
0.3270943277166225
0.9089619269943796
0.27450565352046397
0.04656481687561609
2.1372934998362325
1.1928112745808903
0.4327029530395521
1.1645070804515854
0.6402558710833546
0.03000830089149531
0.8423814966226928
0.51324197401118
0.09248677745927125
0.9460631422698498
1.775767402999918
2.5346538559242617
0.3693685867037857
0.40732309500162955
0.42997471582202706
3.9889413408818655
5.091837638683501
2.071386247771443
3.1875540352993994
0.039971333637367934
0.8794781604810851
0.7047105607489357
2.5991315803403268
1.220202573662391
0.6053226126241498
0.10119769432640169
1.0665217012283392
1.2804247781896265
0.8156210784218274
3.873156511137495
0.5444362678244943
3.184053057615529
0.5318785807030508
0.24773873110825662
0.8094260360230692
1.04917150514666
2.1431565604289062
0.28420330659719184
0.9956852249597432
0.5969237344397698
0.33770447978167795
1.2007188294810476
0.2383322328387294
2.5740539422258735
1.2345708152424777
2.9564490824122913
0.8371519464708399
0.15064900809375104
0.44652018445776775
2.6308840992714977
4.1042878831067355
0.2549909274530364
0.8857456320838537
2.146973699258524
0.3859120358101791
0.9571225479448913
0.4768641132977791
0.5847419257188449
3.642826232724474
0.7817223711899715
0.5864004445320461
1.8856496679945849
1.7632802668376826
1.8165906198410084
1.8052500332705677
1.310243131374591
1.2884855697629973
0.11249982003937475
1.615863750790595
0.9527695717843017
3.615949850413017
0.5833209043048555
4.637308976612985
0.3539041760523105
2.45036577071005
0.09121737151872367
0.6971721212612465
2.9736413333303062
1.8961222472717054
2.234277406227193
2.964671946974704
0.08627303424873389
2.1059254176652757
1.069833749497775
2.8855646310694283
0.1332346665149089
6.752198961679824
0.3223199466447113
1.2356503832124872
2.361817198965582
9.546560882634367
0.6057469829684123
0.019402559046284296
1.335918785945978
0.31270132400095463
0.6668429478013422
3.637748470893712
7.5577325600606855
0.27180677879368886
0.08640858231228776
0.07481389789609239
1.0984145916154375
0.3710209187993314
1.2182618318329332
0.3753816223324975
3.646197370675509
0.003846328312647529
1.1124676689505577
0.45746644446626306
0.07563580998976249
0.4207443823106587
0.47392063528241124
3.529242252887343
0.35408504093356896
0.7146085180866066
0.8601493794849375
7.143397086387267
0.190774271482951
6.538115785209811
2.2574666209548013
3.826120800629724
2.532123432320077
0.7799801108048996
4.5712179113179445
1.159953133246745
3.1752407258027233
0.4208095110079739
2.0625308558664983
1.61738517289632
0.20519520892412402
0.22498922438535374
2.903190463373903
0.35067228095431346
0.2046271582803456
0.04341602431668434
0.038311240656184964
5.139298950482043
2.8418274566938635
4.48231981092249
3.2655770416458836
2.49193033760821
0.6692446586093865
0.6119454037834657
0.024014374605030753
1.4541001728066476
0.17678555627935566
0.9459560227696784
0.1272024524223525
0.5611053474422079
1.5819922134833178
2.939972538195434
0.4080248126119841
1.4381137523596408
3.9978058771812357
2.962080019628047
0.5466286830924219
0.09273012453923002
0.6457051213947125
2.606901265011402
0.23156713279604446
0.6132462905225111
3.3823475587414578
0.716758041511639
0.7816439401067328
1.697591982971062
