0.4748044578373083
3.938744669132575
0.8106727560953004
0.27122464109561406
4.11278479880275
0.07073600727017038
0.7995235759299248
1.1337172803105204
0.1613831750364625
2.6225236645768746
1.2501920775393955
1.9510603905655444
0.0913311666372465
0.013014927113545127
1.0661228677490726
0.6320840044572833
1.7928997784038074
1.9975975372217363
4.24549848386232
0.08604733691026922
0.014480552948953118
0.6406846741811023
1.4273780233925208
1.8284357338488917
0.147810540140199
0.5563997411372839
1.5093007104369462
3.3315137679237523
0.22398290942510357
3.031577807458234
0.7049893776857061
1.7855376512234216
2.164133198915806
0.5517759920476237
11.38364215420006
6.892251935154491
0.09165439467324177
0.8209262076416053
4.015851027899771
0.4162652428567526
0.1642420044518076
0.5547923487101798
0.668305698025506
2.6062617675270303
1.350670716179593
1.2183086074364837
1.3760410081595182
1.1979406270038453
3.224393779200909
0.5067624785078806
3.9467643493262585
0.0868616257866961
1.7479451322215027
0.43788217131077545
1.3135260697745252
3.383215325389756
3.0750345847482095
0.16402550941711525
3.3948452273689327
1.9482153174612904
5.703116511285771
7.1087428385726525
2.6911226092051947
1.1316017828939948
0.4467000003423891
0.06973308626038488
1.726715254917508
4.637029538331262
0.2765875734257861
7.209240261501691
0.39214807873941027
1.492594453979109
0.21820540583576076
2.520903225449729
0.8431377597225946
0.0946509113709908
1.3602838592923945
3.518349977879552
0.2630463324676384
0.7592957269880571
0.14200282897945726
0.8057918717313441
1.4043610737426206
0.7174471503749373
0.08575527738139499
1.1405744341100217
2.2328803570198943
4.133257416047854
3.7005234589378233
0.7402066341746831
0.8960265837304178
1.1685201924556168
0.8734314473549603
7.806448099909176
0.4940342353656888
0.239782320917584
0.20456309487781255
0.3406733564552269
0.032321943413990084
1.918726697927923
10.848088506922068
0.08145589886407834
1.0329922523378627
0.18856031571340282
0.8934978977995343
6.68625177386275
0.31907705772755435
0.07644147059909301
0.6714780989932478
3.0050473841038183
0.43305003207933623
2.974346480325039
2.0972904767331784
0.5302134463054244
0.4162397445179522
0.12001994392630877
2.1262905404073535
10.395127615985984
3.1372353404585738
0.3081107614998473
1.6274269741697935
0.35332726876367815
11.841827425050724
1.1772836957679829
0.5931499311191146
4.73956300856662
2.688261365845392
0.590893758679158
0.3178027149042464
0.4811038247644319
1.509033431095304
0.9978132973265019
2.24675497822318
11.57472244035307
2.4671532643260434
1.0669013061342412
0.00529999312129803
0.6220407464934397
1.1184390664056991
5.491055549166049
2.7995036357315257
0.090241497833631
3.3591430976448464
0.971814252967306
0.01470135647105053
3.4335477428903687
1.7116730573907262
5.2040173852365115
1.7927959261942306
1.4527708351743058
4.1064582480466925
2.2752436906084768
3.1273671391172684
2.1722158272532397
5.217645279299177
0.6004844585550018
0.04057517248293152
1.0738239992715535
0.535736483099754
2.9175648721138714
0.2348471880031866
2.9837216275191167
0.5862441082426812
2.20724802595214
3.943983966993983
1.6576815733205876
3.7650957943915273
1.509086123056477
1.9866195421782322
0.3274583590682596
2.4931093000705005
0.8577588482730789
1.7149127061493346
1.0126092153732316
2.2199168667866616
1.9290477787944837
4.056045437668217
0.000322976840834599
0.15173506201972486
0.00032104244746733457
1.7536377109936439
0.7483930698799668
0.8901879096883931
2.2643031181651168
0.23671600517991465
0.1976446385087911
1.9062887759282603
2.1737332155753393
0.6735277158659301
2.769838157641061
2.186031557583192
0.9624655245352187
0.30717839685530635
4.19250944795931
1.3300683296110947
0.37794056741404347
0.5899642491203849
0.08976871539198328
0.2991363827386522
1.7747496775555192
3.7883790577179752
4.436753802598105
3.1853244179073954
0.11543520523264306
9.20790798599046
1.59446437042061
1.035949626333604
0.22543406994373072
3.162296924041584
1.1617963788448833
0.4839000642168685
0.6314124444470508
0.9713393551137415
1.5250936656666454
0.9430026072368491
1.0080640759915696
1.383970359544037
1.5932288316180347
4.86116444770596
0.45449647220084444
0.25637284006370464
0.3311531617582659
0.9756142558326246
1.2831523817003472
1.6693885658605723
7.255994471932354
0.572292636599741
4.930264655544306
1.5131506194302347
0.2639160739199724
0.957369739189744
0.31756649145972915
0.5665661121456651
0.34884209402662236
1.7772033825749531
2.244363883517508
5.0705100275881705
9.634025180064782
3.614592213809374
2.189632967209036
12.0469928315797
8.790345143526793
1.1088975943275727
4.613924788303848
2.947830852746847
0.6230949886230519
6.979464109492255
0.7333548068781965
0.331192642384849
7.133266635188193
0.39098590755747864
0.708230034346343
1.0223180376196979
1.7878733928009751
2.9490550820701174
0.12371936926501803
1.1578925776993856
0.990156669744465
3.491980068414705
2.6330366814800072
0.43294136152690044
0.12959288577985717
3.6327067136662663
3.1526896925861365
1.2941595453739865
0.2751827548709116
0.3732005399870104
7.681008468789514
0.0656917421874823
1.8052667150259367
2.4591246803611284
1.5357208144923788
0.1553936326672556
1.9911143106073723
4.503596788585128
0.43581627612002194
4.609324858160107
0.23287664080999093
0.9778720153190079
1.8348800670864875
0.19871385596343316
0.9407307661531377
0.8636856994926347
0.24512545346078696
6.425693733472144
0.5180336936682579
1.1953721176323597
0.16517695692164125
0.5498914539348334
1.3971089036058402
0.9588334607833531
0.8177136268204777
0.6537912508865702
0.24159925067215227
1.741802560070937
6.405124464021355
1.2567314106345293
7.940966838868917
5.464341014238016
2.9936549496778753
0.29186805634526536
0.370913972677954
1.0318257288381574
1.5611312419277965
4.490266918794077
3.337677587973303
0.35271442910743644
0.2451323703644448
2.5754941225313814
0.02560005654959241
3.076987570777419
0.8397262747530476
0.06781482600490563
1.3053595199453412
0.3228870650855242
0.8966601189677021
0.21598479691601824
0.12680642854684265
0.4638522917521186
0.9229158202579129
2.030785330258368
1.5853788409513072
3.1771218306021183
1.1851004385316628
0.42250574167701416
3.876798793418857
1.3933487090398557
1.0797239390958566
1.319425311870873
0.7057136854491546
0.8705994485280826
4.008091862029687
1.3667705889019999
1.2089578336453997
0.11798426461609779
0.7998128406034084
10.252009059433476
0.2559920305793639
0.08500711609667633
0.049180088921275456
1.727799476699147
1.1379348846603534
4.411621664708946
0.9065917710759095
9.434678560362954
0.5606277867409517
4.172393307235325
0.5296040459506912
1.4486246404921985
2.9898055500816554
0.13591140932112467
3.368483580510656
0.36262977178557776
0.25026880684890784
6.027574104664382
2.7815055176688475
2.408152119925944
0.01405936670198571
0.835011508257594
9.239687339206284
0.1069209779452649
0.506474306464952
0.7139704937653732
0.09919689808884868
11.574673754592368
0.7527422977582319
0.3463547600113088
1.70106452282198
0.05803754373482661
0.7201400595877203
4.881501917836431
0.8604624303334276
1.90211754613847
4.556093505336321
1.41067600241513
0.12044221719406778
12.070329661604774
1.5638100635260344
0.19732110376935452
0.801101397468301
0.9819057455533766
0.2136175468986039
0.11366434719093377
1.5380684256670065
14.76031682411849
4.470394867472351
0.515106659498997
0.8251609007129446
0.3301750197497313
0.1139581550960429
3.078564998410002
0.6281676462749601
0.40046306015574373
1.1947035312914522
0.8698316884037922
0.5604731099447235
0.43265329900896177
1.769612990996393
0.16521670312795322
0.1126831334331655
1.8238415846135467
4.464808584729326
5.721269993686292
0.2409170356550021
2.067223953657958
0.07663699299155269
0.20699806493212236
1.9169122744497145
0.6449628597765695
1.450295171882317
1.2459470805770252
0.21882326128979912
0.8183370003462187
2.633387377092731
0.35156683067179983
0.35759250550472643
0.5936310531615163
8.634664748708019
1.5935472122291685
0.07137417999183526
0.25525409135298105
0.6656201800506096
6.884330542634416
0.2684797055553645
0.020381213318614755
1.1001030451006955
1.3628728114272235
0.9520668171753641
2.652768030355219
0.42983693046699045
0.7925764848041581
2.0638433900821838
1.3921806986254524
0.14719682194117922
2.8527892480706214
0.03551849998621037
0.5335199277760694
1.1333309216643102
0.08196248160675168
2.7439670934400056
1.2479822759851231
1.3227354658738477
0.11202684068848612
0.36671556850342313
1.0814062169520184
0.024807974514260422
3.9557344478889718
6.6428845033588
2.297589940149919
1.8310598755124374
0.29824544999428326
0.3166563397535356
1.4444164186279522
2.272404459727113
2.5209890804762836
1.6493910676872474
2.7112583251146134
3.8956365243866458
0.8962455490618595
0.08876128021074692
0.8652858420828125
2.5868761941892444
4.383252619612904
0.4881681024635327
1.741695748118218
0.18615800452971598
0.5015776347718202
1.1415561026369687
0.5421177739408449
0.6549614118994214
0.8661323968044599
0.23431693299789913
0.9892668799730018
1.3630387967059505
0.6003606803351431
2.069228752523486
1.2430827485077316
1.4248557348473696
6.766252683912171
0.39136888653592905
0.1995906081283465
0.5720125968146021
0.11260840567410924
1.6175430182702257
0.2172867568588117
2.0927506524603814
0.4930455486100982
0.2538638589394395
4.805485340599262
0.4748935727548087
0.888070560322376
7.902965488305199
0.7843179557312396
0.21097483981429832
0.017105450824601576
0.21466847122792387
0.6095717704665731
2.2009696755048935
0.8802433426462812
5.0739986681583105
0.7648366727080429
2.54424126665981
0.3521815552157932
8.427398461222765
2.2905385802077944
2.6202448453041143
2.989448046995676
3.0787792904811795
3.5477617633368936
0.5430820525798481
0.2763136944777216
1.6793442837515613
5.137220300697663
3.891201652237214
1.3339580106694484
0.05285177213954739
1.181394420855213
2.163874304453202
0.6038698953925632
4.124643380608177
1.2840127873787424
0.5201945784574491
0.15169688004243653
1.342174416007765
1.1095198532711947
0.5375651998620015
1.0021265928298817
0.19869640189426718
0.2955198135532555
2.9815502232522704
0.21535741256229812
2.054612017767795
0.9026757959363749
0.0571340123860864
0.530444253978203
1.4815619644869003
1.7388402353099082
1.6818563096385333
0.171562259842176
0.3322557153442176
0.8648970754657057
0.8714628920497489
1.873326641281892
0.21390911662456347
0.03415547218901338
0.9562685310447705
0.2865473888159613
0.5344047505350318
0.8776185234382865
0.1529718023884925
1.0180719904383295
10.8742187132666
0.7927477130724583
0.4942091482298565
0.19068273968150606
0.6134794997706194
0.5865875232993858
0.04560020622011507
2.0462882691499544
5.964503171147953
0.8788246653639362
0.5860985004910617
0.48376887726044515
0.25439067741535837
0.3206220479987678
2.604495077779575
0.06319133481156314
4.623170789629512
1.0975950644497061
0.33607291568478104
2.3386182174290298
10.643796512755216
0.6485102894366719
0.19831409723701654
1.0731670768727781
1.4135311897262
0.6078650810450199
0.8993945989059284
0.25813274065149017
0.09222800156567246
1.1904212903245934
0.8933390519232489
0.16538932725961786
2.015128420891415
0.7343384029954905
0.3633039703126997
0.4926906755863456
2.0651487994546187
1.7539536416661576
2.6190540559764486
0.5940239263509284
0.20997341340989806
0.7708853514850489
0.12186636666592676
0.7190604539646301
0.16577543112362036
1.426729702114244
4.3528585970634595
1.0322471566032618
1.5790788708764012
5.206833906653628
0.2384822267194977
0.7520172443473712
1.2373555935482727
7.188033866375918
0.003610381616454106
3.2995227025603526
0.637011098820949
1.0066189079007017
0.44788555292325327
0.11149208719143644
2.237395161893801
0.07901965318160364
0.07062254472839413
0.4972055897960672
0.018848682186217047
1.848816698169685
0.7110644681379199
1.0650084609442274
0.8627483129967004
0.6497750092821661
0.40506764064048184
1.7081237467864412
1.9200753375189379
0.015397954637592193
0.10798587744648103
0.7345808775862679
0.578206904065155
0.1123868839640636
0.3618109199014725
4.571914842243132
0.8544944576060516
0.4857450085837627
6.625754538465117
1.981866793052177
1.2753034876441234
2.909841718552343
4.531788754982699
1.2323852620174875
1.1413405948624131
1.0902564316420467
0.23162746289017377
5.02632664200064
0.2000921060825931
2.867356642775121
3.961617887573084
0.9575877872775891
1.4594864785685786
1.3859159997300594
6.659923564402561
1.0926275126548717
6.404211651788501
1.715148675859382
0.38252517594082747
0.06098899523203727
0.8851987657762947
2.340030476800166
0.19052358295448357
0.3262502867364674
1.682258013242972
0.5644394875780563
0.08398689185560215
5.635360192114604
0.17190578392182942
1.7301994127265061
0.45944665957358666
6.315742167491408
0.05738611080596456
4.082244772347622
2.187584853010776
1.8938383903587237
3.1224566073797178
3.7968645998480497
1.2526533019190538
2.874572847991658
5.784439410737832
0.9810753531273804
1.9832498619070975
0.9178909537295112
2.42036790727434
3.822885840185336
0.5305459620431066
1.503330110826937
0.5084125231369399
4.433166988841549
0.07241911399614764
0.1986937251931522
5.263452100109134
1.5138038287332165
0.47439525615482125
1.7439993300067727
1.3635481211094884
4.746561437837954
1.8509561308528646
5.154961176231154
0.4941501165521913
0.7897796493271017
0.22674855291552376
1.717572630441282
2.5481929463057895
0.633827963283693
1.7022115443614894
2.8033306745855953
4.912074536849104
1.9305581144217285
0.910860640622559
4.612594860409445
4.119152343111637
0.02632562482904177
0.21382060208998155
1.0698366672950215
0.5208790447359206
7.023098313242372
0.2098946953919949
1.724089968141925
0.2730210741792689
1.2635381723739556
7.5348282237537205
1.1755211788986344
4.067532427186961
0.4176781772330287
0.013380535434407648
0.6912251414250932
0.4845578744861996
0.1663413849310018
0.10907205980765866
4.080108968715649
2.4013485339310137
2.3451336116195307
1.2051424730016151
0.7097778691822896
0.7268908875194029
0.7825750957781565
0.03265117081900826
2.3683115207750234
3.323576033653808
1.5246392096451018
0.5652279834393994
1.395660097943619
0.10621167789940955
8.198410111595877
9.001583100078278
1.5190336265368387
0.637566127392347
1.5718023452500347
0.6800880130394944
0.08929333867854439
0.3152237674803473
2.6183980918722227
2.874662222711777
1.4848436839602073
1.4605609892241773
0.0019380651647225022
1.163213042273128
1.0619165110838367
9.960335859846964
0.1371107543745893
0.17299935943447053
0.572648302790185
1.625114506801765
2.6225741059097345
0.1096311471410445
0.963316737113928
0.29134639257245
2.3820447417529067
1.2960057460295502
1.267588834176422
0.11608241200156044
0.36903230093594175
0.3292005255134427
0.5651496304926695
0.030417600464716088
1.5427305700213765
1.523923534892674
0.8482112330457312
1.7160041498209466
0.7653838947808254
0.22669650091120275
13.11366534022818
4.43647951613093
0.6568802013061941
0.3352484542192542
6.299253904428042
0.24911353499192046
0.5081947950966423
0.975927508683526
0.3502977786047268
5.014536818562192
0.032073517650133
19.18795891614718
0.030157467372191604
0.9341051551673445
1.7864433774229838
3.2473184797054273
0.4230168242647778
5.4569413639983395
5.988972286177159
6.369527670511161
1.906551980835502
0.6263343023383641
1.065539323433768
1.631797877678764
0.6449133512433036
2.2996402928838506
1.489108115361887
9.367069978863583
0.6183273377391743
0.06940888576355064
1.2065676439669915
0.1748759361653356
1.3874042912648292
2.13994166230259
0.1587108488092781
2.780353141548403
2.0452471999669797
1.0923338301872718
4.975447078795696
0.8875045845852583
1.5261071315471781
3.9936051686745486
0.624702410401369
0.9568548857278074
1.069538596108032
6.6171003535273485
0.720924018547521
1.2293281743477564
2.382693353029026
0.479310389913735
0.022582509234780446
17.303990020671336
4.637764367638738
4.7790012248951825
0.8125118022071547
7.028497905572294
1.7389747222769074
0.22067369877913734
1.9678767298391904
1.678001343861979
5.340691012599564
0.6862187314909534
1.4115958684196812
1.6830964714245056
1.1024529365531635
0.16466030625451822
1.395344960874354
3.5927512407070026
2.926196848631662
1.4232102320020203
0.1055549724624143
5.000069662251917
1.2256157335141324
1.1855619728958118
0.33185377538757166
0.7557208441430703
1.258715786760149
0.6219703309325268
0.23288913176656934
0.2535953909755335
1.7871462792681996
3.004620158659236
13.925643777642108
1.6372626056108857
2.6040948650843347
1.2322690904184128
4.310801762461779
2.3069232355919667
1.2025164797960315
1.122643548558699
12.671318225016876
5.487582364628906
3.0221731172059663
3.9819925453557516
1.4026180521323113
3.5488418719323818
0.22562295409443323
1.444092777404876
0.7523210797153297
3.484475858786027
3.0659981391072506
1.8258069536532275
3.503909997685696
0.28406314312451286
0.8487832252940279
0.6017781687769457
4.292907834082143
1.5631610581694986
1.3964827034214977
1.717563548751059
3.4935181537512108
1.776793796576385
6.192471973525244
0.6623794747210923
0.13261333880655002
0.742569470552553
0.19576614815741777
6.486759141087532
2.1389085958871874
0.94136960637843
2.0610009198644548
4.598973657484748
0.10540385065542068
3.207239484305319
0.7287032223684946
4.5859579987081815
0.593295980761468
1.6987037723956746
0.06677236869290937
0.6118102131367777
7.043667066209309
0.22869628943590214
0.25076225373049965
6.746632027345186
0.28580299792520236
3.3773036900456646
0.7180350158159854
0.4662521035206737
6.904776952665998
2.4877055529796053
0.4166373989864951
5.767707659979351
1.6822548402633402
0.7172386816018843
0.13211246285936795
3.7841692434230936
0.614000051326002
0.8703320582571905
1.6866087326779962
0.24967612685577478
0.1168643236378557
0.7919155963681987
0.9343934999997145
0.5219229356443975
0.9032724013013649
1.999791960894072
2.4215340235314216
1.0693711094208993
0.43914211228548083
1.1972232633415842
1.1572242566326167
0.3288420301178121
0.46970603401132394
0.656207842665026
1.1424053615119192
0.998861927051621
1.5391631357269944
1.6959029672652832
8.233734241643106
1.8674392138345866
0.6496585232162033
0.8139550276537193
2.925388626063068
0.9238582349935314
0.21841885782487225
0.04565655910118949
3.532770435573184
0.0386153419240145
0.17976408456888748
0.0922799631516682
0.2645653476429288
0.16471753842779435
1.9771934677337413
1.103603316056251
5.686266426979273
1.4217679675275576
1.7997694570658496
0.1621164003809099
1.435595229289902
0.11502378671139013
3.4699015583173605
0.4559810578793986
0.5793426186719444
2.5921243085467722
1.853902485621802
0.5716387941356516
1.3644574453355744
0.571178999998665
7.7877536831001635
2.385939790503471
2.3612732398541993
3.5692170146794524
0.026315741190046538
0.8054034530650824
0.5967591805747361
1.8744804110538098
0.13488059782685013
4.1625598153987085
0.6296567165409215
8.0368532682769
0.899743902598857
1.6708352827918134
0.6464635329975863
1.789654576277826
4.291719188731804
0.3171331601552083
0.43812803599576
0.17412875799345784
2.2941798987376387
0.34208547128218925
2.692289903956407
2.5618811939057196
0.6329549567744834
0.7302472141818726
2.7166844201419735
1.2956960423689452
1.3069187772198347
3.2073447405855404
1.3849731040754705
1.5414842351237894
1.4097901813438511
1.5517149237493868
1.1545733351595118
0.07372277823014883
29.352104935940588
4.55617129021266
2.124988759023836
0.405960806645453
1.4709336006562808
2.9468944663894945
5.973546435590833
0.1940486951643834
0.08199812559178099
1.368574648971844
2.9574095208299696
0.7203770333289867
3.0272841695623356
0.9452488276147051
3.6478183589861146
0.952297235991864
1.071528797292558
1.3096359738628962
0.6696450435192673
0.6923971629876178
2.5781378800820676
0.9021478753711563
0.46623736538458616
0.5907932155096205
1.6988626059974195
1.581425256379589
0.23214798488334054
3.525731693072885
0.028077850067347754
2.8012354145612335
0.08814406168676214
0.34705719444173155
0.9859578277901164
3.0970886485883966
5.7857434400502825
1.9928375687741209
0.08320481704868143
0.050753743438690435
1.5679141405125847
0.4505757145307143
2.4099631157514523
1.4198235674848547
0.6586632542312145
2.235982521007827
0.15245813319052104
0.1973032654786948
0.26346253707743017
0.7908603373361984
2.668799287181173
0.2685021540237358
2.696549760781636
0.12839335589524126
0.23206246001791442
0.0574767837242689
2.0619901583195315
3.2608104827304487
0.28443217560561607
0.09084977243765024
0.17862494392466033
10.626054535925505
9.367189638389391
4.8835391229295055
0.0658758078207029
0.6328581425113953
10.767091375681048
0.3265052391870995
0.11619179888657527
2.0543198701998335
1.0121810558484867
0.6658442914049374
0.15544411665177904
2.2637840852621594
0.2259689670318039
3.4196889776867465
1.454948879632866
2.977267539296008
4.055124566613813
1.9059936298654065
0.07093414727569325
0.018244070910441224
0.033207243839569855
0.24502155983645935
1.5986280747820274
0.49311781862343196
4.333936742215883
0.6704473381250864
2.012841723022575
7.913812420374597
1.0424031994771212
1.9984703623122186
2.751942743867403
1.5065411307659815
0.6480306392113562
0.31690560915740207
0.44589009077026276
5.801770227270026
2.325960162495903
0.6279438894198393
1.1389155709184706
1.8866472062145476
1.8835216017905623
3.1075390219702967
0.27109736359125236
0.40677573698485503
1.5593253265105886
5.9323556289527914
6.016680924250977
14.19076433993905
4.230744725929981
0.9286306846188381
0.43299104421021184
0.6294510153893498
0.4972895117389271
0.5168428163306089
0.022350037201249506
0.5424958069415879
6.330105088032724
1.1486475756100845
1.4682947664914536
2.8206185067465412
0.07136562834057258
2.620047457749024
2.8903310548121226
0.9455492389970459
1.061061576816428
3.8636471858189907
0.5561698837191216
0.15405019093304873
3.892977579103899
0.3187857334778528
0.3982382400718052
0.8388528160721762
0.4852286237219232
3.798454563053383
0.841220582879032
0.38625796101405285
1.5795252729658387
4.589187671961554
2.02299437567126
3.7466977510921424
1.6925524628095445
1.2098761590168579
2.3796259550072136
0.41445197203574935
0.8560211297881324
0.2783287298225332
0.03516110629425384
0.7978772597052739
0.6710248275558115
2.0263656321985763
4.876952392551175
1.0802675545273814
2.9654079965039273
2.2576660245031235
0.9183801134931855
0.9684611190750729
3.3484197974103154
0.05753557395655662
0.11982110599637963
5.0309193303619395
4.339585914713098
0.635675397606974
0.6667607411654899
0.2779103934226441
0.18934774511581054
0.4124629610887496
1.6584091105105472
2.6760868475030293
8.729204305673193
0.6178613431911799
2.1577249060501345
1.3896767223632196
2.6686051625729306
0.5040874279366108
0.0032291776733472943
0.24642229416349437
8.058325217665697
0.11173585602955427
1.5310811844974523
0.5860988456406631
0.201132860929647
3.04229788617522
1.0787856177339563
0.942842553689843
4.644768214588112
6.243840633549553
0.5749501911413972
0.4169202568446053
1.126339691611065
0.7785223305836553
0.18121842421533074
0.17403355404530885
0.05584940017433837
0.35015542090695817
0.7731050374713959
1.1365272781185922
3.6607759961116244
1.3033228600543225
0.15772893842949998
0.4026918132803985
1.516114285805088
0.8599392790783895
4.0329819800535915
1.5522550649839104
0.5978675233855029
0.46459751857764786
1.1517415248963516
0.9739468522311654
3.735058871046931
14.961861060401134
2.387238325776707
0.28900701765087433
2.129886451009952
1.3023498751354055
0.2879950715287123
0.3309835292820935
0.014891910024743993
2.666582188125176
1.0182369755711989
0.1699193644890329
1.0200289875429007
0.2095913744851714
2.0386276309072855
0.04791408741584746
2.723571057242225
0.891409163872595
1.9169947892587516
6.11875849320495
2.9691664586789557
0.04201244260184467
0.20571595552610233
1.6123193882303894
1.85128774173063
15.11853617021552
0.07492369384272024
0.24798153712617932
0.4790372481875238
1.0716688939355663
0.7937675158318598
2.289807653760363
2.640832496515941
2.2325524784246227
0.1277619308239082
1.327128276359872
0.9095114877491142
2.7610997123047127
1.1275379101425642
3.580598021224432
1.9424825817113742
2.168855919619091
12.892363557395583
0.3020807583234273
0.2526829443886527
3.7641146367022884
1.089957726515422
3.229910070360347
0.5912679418252083
0.8310603742866078
0.6143401798544801
1.235243047842232
0.18124332390289055
1.2003625537254266
4.524046700687904
4.367894825336407
1.3648789109211066
0.9382687670367886
2.3218221059942152
1.9665120978825144
0.6862374230840942
1.839118152151059
3.8514408910268685
0.08761520627740538
0.6849898002546979
0.5981562391898478
0.39002864838403184
1.4675700074003544
6.189507896902796
2.9557545240822947
3.262186629457574
1.826222453637456
3.351413839161978
1.399159070220776
8.006168889616674
1.4120314289684757
1.0297826397363679
1.5853301611132338
1.1191965083417017
2.144432322587818
0.49137857362802606
1.9593575561593752
0.33739068281283835
0.18335648911306635
0.7545736632819171
0.7738745856768219
0.24156940320244757
0.5679109796619741
1.2616068742208881
0.8045525765264756
3.3678996985472622
1.6474262950578122
0.03482953020284185
0.6535348218894796
1.9359056376488297
0.8637240529496921
2.121123231809179
0.1774396102191531
4.29177876306494
0.8329768600815441
2.15703536363435
3.868400902581925
1.9421595820458606
0.38459385573514737
0.02179776641423814
2.169026446827047
1.5882277982091182
1.1651329734668252
4.1824017959152116
1.3051228277399787
1.0751611806481378
3.3611837306889356
1.0964207924407674
7.367080044939939
0.8509255922035663
9.90473863954685
1.0239935236240854
2.91777684045519
0.8537049934675451
7.404754350733128
3.577722298068693
0.34536269406817155
2.180584141307918
2.3329982169670984
0.7810846227948787
0.1623944409802789
1.2513839286039001
3.7095214309956646
5.64051696194656
2.0101174554874888
3.561730692104902
0.6310311101769912
0.506594479571504
2.1610434035319486
3.1735690046625677
0.7299327148648445
0.2922711434948724
0.5047032437360031
5.53399662564334
2.0859041120420443
9.159300668317883
0.2708056828851113
0.28110443274636054
0.9305812679813243
0.7851285091819591
0.20352556683064904
1.2734325319615891
4.736331090432941
0.6823186877154512
3.5251010242282064
0.09916440820961725
2.1510615746228723
0.16936272645398276
0.07897049751773011
0.47393308986647753
0.0781393764555105
1.1802715171506861
0.9579081959600444
0.31006210158375325
1.3170468152675312
2.1736066827506875
0.6152150482084835
6.643111434656021
1.3467615257395664
4.278348189742246
1.3647747457798687
0.9798824913741555
2.8634788213166757
0.18480909718346084
2.220435807175818
2.2926461810493493
1.8048180508922087
0.9828528786092647
0.7396109875917318
0.33037146212154767
0.07122737364261411
0.5248111303662881
1.830167643922323
1.1235740494303172
0.6464409375621472
2.248151870080619
3.5158286955411313
0.2750143418670632
1.1484628255711868
0.5752950566311483
0.36810801221145084
2.7184758088405943
2.0206927695689956
0.5778996882509091
1.1132382318101008
0.13256251758139115
1.1250306673755404
0.11766517198702786
1.1220276658423245
1.0543336466143955
0.7589778867331916
0.11076025280635804
1.4163135377457365
0.8034174817948951
3.363111609571206
7.443459820977296
0.8698966710799141
0.4966605326408171
14.31073796115379
1.0174485582028865
1.2033750689879525
0.6819235877264873
1.3094268222339451
0.7443710084990016
0.7678086224332219
0.6331328382802894
0.6436277410757612
3.5257012338915956
0.8581111134044477
0.5650647050570115
0.9152881827030797
0.5258539009009837
0.44212399215757614
2.325011818218627
0.16212851043383125
1.0405954220404965
3.100121427720296
0.31527241293224506
1.4698224781750469
1.369868776149815
0.5590939922985854
0.6913354234129656
0.1639573539578123
6.5045334840760916
0.4505451333898236
2.5104371480629197
0.2083786047733156
0.1092470706498716
0.3632268974688486
0.900441749356105
1.0576793693835498
1.8205181500525214
6.607776765173185
0.5963009303741273
1.476306074502645
1.2552344010400702
0.28463555924099637
1.5435289893648587
6.449059716338525
1.8787315328590921
1.880117778040585
0.8194057257423992
1.8781204678234644
1.2564872536968323
1.1436318584819674
0.3990163574999315
5.258723009741516
0.42751219348429004
4.981927041582821
2.8827282369311433
3.426769397985481
0.28264047702396056
0.1984210048467503
0.7408303640258964
3.4392517191299703
0.9124115871018148
1.299268329537881
0.06570515097700991
0.2842451211181469
0.32487814636260737
0.09093948350346182
0.328497062320821
0.4251715182545013
2.350177831147448
1.4890407948478241
3.0603742072198656
1.178935500618536
1.7594765400281176
0.6769581145199481
5.0831418139641755
0.410353426457732
1.2622821271725115
0.5947608735368703
0.599167331631179
0.8487006560026202
3.636584518601012
1.923012756247772
0.5340385793606401
5.2857157577818725
0.022533764167746995
4.491739461380348
0.9907869501548703
3.9082918672138476
16.88833328614419
0.9281768225409905
1.8964341541504837
1.13109860032273
2.5467542615151615
0.46714582942513516
1.4122060320878518
1.4935748429707019
2.8629490395032917
7.3436108791065635
3.1245921649460797
3.1594724620881607
2.429144879170053
5.026619502983522
3.461320274225727
4.816715687244141
2.0484639742353465
4.448848842584994
0.08767344823718304
0.48247812109912047
0.008719459314306732
1.127656544536876
1.215095818246482
1.3768127979928977
0.2855390400727629
1.0855992459619301
1.070808457378007
2.3985614201956196
0.05706869009009097
0.9920268636124092
0.19365339919022517
0.47300757966877427
16.51893049383216
1.2374263180827256
0.11790672186180018
1.256545226307935
1.8878871537162922
1.106553855126549
0.796939452571678
0.062397439338383265
2.151244762520946
1.063445726664213
0.06921757706004428
1.1496610196845722
5.11407431729458
0.36921323596470756
1.3015810407523531
9.51882209048199
0.14685033125715563
0.37573910612263717
2.7274038159812335
1.529954888887005
1.9292717210992123
0.33657458754169056
0.3020502526269411
4.203626698217704
1.8901691126593505
0.5680745088830008
6.678234598824929
0.7961734731070464
2.088325498676568
1.3715704013520735
2.982180284867354
3.8684236631088424
1.8043173488258617
0.4788025830494007
0.23259716562461108
0.20718899073835928
0.42649520833219867
0.19392703702760627
0.01792976463184459
2.4678470995204407
0.13233826758369105
14.04266038696369
4.117504558780638
0.6560329972489853
10.684506467718165
0.7158454045420513
0.418779862797237
0.6426463117968524
0.3522839529759949
1.7582669444745989
0.16197756132896757
0.6705753447677125
1.5616188540298026
2.438737867101736
2.0209658383610076
11.398501067247707
0.8379737847208162
0.6208801734828739
0.880232157142018
1.8652518135568243
2.5081002643928514
1.0570027557187132
0.8007449748693034
0.8430330641276669
0.3323770430870354
0.5430768046426238
3.573600020885351
11.35189229984826
20.88318528734817
1.043179637286812
2.0343106865038862
2.5018684574533836
0.04687740789086092
1.2783744657062925
0.36877415616618237
0.6387938105908688
1.26664754338708
5.043636126501951
3.6205558863730403
3.1487550707970513
0.8121157021741965
1.7076564988965401
0.4280612559450674
0.29932682387152454
9.225023616134422
2.109658580913674
21.64640737023001
1.5826105115338578
0.02204597328818636
0.9129627668226021
1.8904068370975438
1.1790595675411168
0.3623524034919683
0.0069612554216291755
0.5817200885649072
1.3477028617126052
0.1446602673822781
1.7517912323746714
4.006642801374255
1.6950081215036334
0.5237466294711339
1.1992067897081142
0.4069612470411812
2.9944133066164795
2.530641623015981
0.3916330696520163
0.22286531780991936
0.4134922587618348
0.42493850950995693
0.6157047059605247
9.146594385892968
2.197957383628818
0.0850029058783548
0.09483899532642681
4.507094387263351
0.2743464379600482
4.5998285803434555
3.108599022962153
2.8238483956156415
2.4078372801668593
2.5065446686639916
3.8907023331339587
0.515372749461676
1.5269216263041017
0.8635719417216023
0.8198040993884206
1.4892583409673534
0.011419626702263486
2.047358780844661
0.34431523957755417
1.4902967970629106
3.967267927218927
4.359963700808294
2.2876163590481156
0.2744714991567889
4.011622477584751
6.10277340299217
0.762540394840471
0.15338107841671444
0.028938754003320355
4.918448801523482
1.4469334428940783
1.0029194478483987
1.294667933419987
4.528260642313398
7.608590233750874
1.8736563773054513
15.9772879258162
1.8018748010217678
1.7089215079395217
3.1422263646309148
1.4403780417196685
2.242366500729986
3.5568864990054863
1.4796912718520616
0.0333266827656189
2.4641526940104086
0.3311504365556175
0.6703901129076257
1.7949645046610385
1.103584312942985
1.388271379408252
9.399000518249522
2.5643472158772056
0.5258147412459948
3.8717912034044275
0.2788151458807988
3.4699419018725166
2.4611345180528588
1.085596993129002
1.4194077762658708
3.746678227893426
0.8142092531415983
3.5807202609139495
0.8478070468190708
0.5754289452743251
0.011270807670371141
0.59403957943141
0.03228306297387462
1.7116789502033498
0.865034114503942
1.1454396570989047
3.7372027018573135
6.207484322687378
1.0496475710751838
2.144586324582633
0.29098255168355536
0.4088118352519814
4.546749960609304
10.40985587398609
1.473732044811186
0.9248561543354299
2.117300840167445
3.4649958580557723
1.352505520786508
1.6079509951377986
2.0053325992412283
1.3874704910922446
0.7791055718698772
3.0853712153839297
0.10026503410335863
0.6454164961687638
3.0456242931468296
7.184859858658456
0.49553637858480215
1.5249082194277435
2.5523808068974176
0.14738604552985635
0.6362084755965043
1.2005744752823375
0.5383636565238703
2.292307193558372
0.771066339337267
1.2303639891615603
0.4048340808949433
0.49418945459183306
0.37462713088461896
1.1533366589501384
4.5306035588509985
3.2593324460904114
4.1832303219271125
5.283375034268829
2.9922942428602255
1.5573966833617305
0.27696403845766326
4.4873856919730315
1.4166466047754511
0.06915057465812424
2.7261985222285148
1.0013970928412164
1.1038991271852865
0.4863371533792815
0.048075278325995896
0.45511555632401723
5.251163811859442
0.2038750438950956
4.888576144498074
0.5422930817512679
1.1614679702179274
0.20532551418000367
1.0183361514864373
1.2814232887685648
0.6057082825573161
2.849265298980754
1.2056744820729364
0.2012270331106265
0.9630048407998402
1.5387572148974868
0.9037748206537799
7.11341365249973
0.6414273783448152
0.4049078018942964
0.8533040829788661
0.02657613104383927
2.935653791981167
1.9105307216523215
6.6129362398642115
1.1129386403044919
7.349873325882072
1.0638256953607197
0.6843098856988945
1.3753351435589138
0.4334254903078545
0.10275242111674743
0.5185725991832442
0.22104021195991663
0.5085914567389409
0.05033566878410056
15.452620411444514
1.9763650730601512
0.7881595158396522
0.9312063557590591
0.5982802954749786
2.0598826086279587
1.0457547271653311
0.08318727748701349
6.221158982269117
2.3356940218654927
0.1269460730618448
1.092726643430069
0.03863463845482329
2.50822955329204
4.664404419083439
0.6360448340565199
0.39023968009860255
5.8063806367936195
0.3627206417368143
0.3501488811598392
0.26344870272441767
3.06272510587587
5.25111043623474
1.0623922212253092
1.653507208051451
1.1557373362593353
0.519088599125098
1.1668710550802643
3.1009127023498877
0.2803432148284628
0.4227194254635833
0.3736729911179282
0.04574917100399034
0.29325249799876474
0.901055183239805
0.586261301774357
1.5010598322114674
2.830667276211898
2.8069378454019898
1.0787964830815326
3.7220993534647278
3.4358980331307976
7.885793041255965
2.057287745294161
0.688022675938555
0.15021067549969302
0.6564051691093482
1.4426420764211798
1.8026641528049367
1.4595971041489975
2.642173688247567
8.359336102352245
1.2368336128129158
0.058353916072519496
4.04268663336552
0.10174699878552929
0.18421496355585987
0.8437269406858832
1.1519117534407997
1.3773355701123364
0.4930753294174792
1.6328433204107569
2.3231026901630685
0.023707376822130755
1.6059388365538325
1.9846063743971172
1.4452163652313175
2.3291594645997975
0.1914276709285332
0.8939028281747596
7.864756902046793
0.906636636951589
0.8294785017424147
1.3898654463191633
0.47999578192684567
0.5095076751895249
0.3266502370170201
0.473802583233919
0.684868093674595
1.336496937998163
1.7543853907627636
0.7755080839342554
1.646926773864834
0.39381044887704775
2.126782559644198
2.107202940445859
2.1627700723547605
1.0333933875735966
0.15528112524043536
1.735264895381988
7.645937938832503
4.116898866603151
7.009070206557226
1.4623164892254863
1.7578034228790784
1.3012468223896576
2.1346525734261377
0.7637644996502786
0.5132806266483385
3.2218273939506616
0.006379304140864406
4.628690612858918
2.3156303626165027
0.5436708360502962
2.1679128285541083
0.13255176484381082
0.3217623052187264
1.2830306835166994
0.1925011925122817
2.050577506648551
1.591327158457716
0.6328997281598276
2.493473391790758
0.30639933540078346
0.763788189367915
0.11002910901879659
0.24212119620642625
0.265606525754265
1.9236178581995773
0.3729507080570329
8.130552483438805
0.189340656157583
0.024219571736466605
0.8660911579499952
1.8142094795912271
4.522920515453734
0.06067967659328133
2.175227630264999
0.11756246225559153
0.36937817283615004
1.7094846678010072
0.36672535091929603
1.4578095752658555
3.6720800387047348
1.9231925715648686
4.01504189123807
0.9678391579218442
0.36772155951621244
0.19276542694569798
0.8374316877889214
1.7766612133418676
0.2511557488614926
1.140190017016721
0.030379774507309776
0.18284126905200537
1.0067997130099684
0.11072478646383388
2.0991624177913764
0.4542834856911213
0.744257182792353
0.0919541533512529
0.45752951070608106
1.3340376956693945
0.48064007309585577
0.10978130075818626
0.22162228958768537
0.4512422734987922
4.424207320706046
3.5950143300069612
2.680216791399289
1.9783165898697916
1.1563167441418045
2.0932428664164036
2.6316137554167653
0.1489527628364158
1.3518079007262713
5.343145199862192
1.5632299064018298
0.2870110017902334
2.1925052773949574
2.410152419033693
0.5408782049780712
1.4033920840520295
0.5465086906187935
0.4539150587588665
2.5103284307115246
2.3239222233678447
0.8136415399203543
0.9752805635434925
3.8443953023961512
0.17801172140752897
0.8954674623455503
0.2994821490792674
3.1830536382403807
1.0524407702105236
0.9119168112956686
4.975438694054901
2.118188742118946
1.5631734660928487
5.74998035102908
1.4671874440246029
2.772766791837057
5.156197918462567
0.06347427305445308
1.200852476307773
0.486214996126364
1.8543261676168186
1.1889633489117841
3.54082693131204
15.434757834555057
0.022035590205632616
0.5198793349045445
0.19464664172119228
0.1893799511526595
0.905746132339118
0.024001686615520157
0.4999310547573259
1.2578780521580484
9.923163448394916
1.577607618390175
1.2065603125811322
2.499844648918952
0.3522857940624817
0.24715060003654798
0.05829522106068907
2.9956428643345134
4.513315839263669
1.042096378216229
1.028509113311884
0.735817102213332
0.24513313658098923
9.280871592403855
0.6265618953111698
2.4327126237985794
0.018524078164773528
0.7022317796654534
1.587166980294569
1.2653922491153935
0.2428682532045059
1.6409759569651214
3.7325420577835757
0.15999182881205343
0.39386857186764246
0.10252386498905253
0.5306630789636984
0.18377548614807893
0.22208913584472612
1.2910264358433778
0.18446544247854035
1.8392542103174492
2.257926904640044
0.14407220367866103
1.1956455113686388
0.1762059855827829
1.76853427986498
0.49164452598051867
1.3928425513004186
0.3252956132419058
19.553717680500995
5.585386741484399
4.463256696508324
2.9004436701143277
5.030021073660464
1.9301986197024235
4.909134359477321
0.34863121701346245
4.16524190781638
8.38561080180807
0.30457707751338603
0.9591079324163729
1.112463907658821
2.128211802308215
1.9975308532084455
3.0485480163260945
0.4727350761531852
2.2988466257302207
10.448184136454074
0.8707656594051514
0.17496716297318926
0.4822847475297749
4.709673741905135
19.86889652978425
0.46759562506485963
6.425255931237189
1.0790723456884734
5.268209168832982
0.7076322648063069
0.5483975044699037
5.446166295463627
0.14666560737532564
2.230415161437122
0.05922036305855727
0.02941294700576691
1.0573272331021144
0.12192556140507804
0.18048950539377984
0.4174203243528609
1.1733297402897733
0.4235830669495044
1.0643913346139016
1.7743124171392992
0.03709333039296325
2.0415670031725313
0.9937634400848765
0.33840707365743583
3.929596603520622
3.9134729329744005
0.3404929205280496
0.5405528750052326
1.1546731830094359
0.7439083387507708
1.4343520813199575
0.9355906727359979
0.934716322029999
6.208433153711667
0.694902621457004
2.0989675664313836
1.0969054048982798
2.903673871762294
0.7550248185798409
0.3944957733692718
0.01634326526254881
0.46939132537227124
0.8694118372441153
1.0363827621622477
1.1049213188380236
3.2375109588174382
0.8097085017579957
0.49512019734538626
1.9764013749954756
3.190561229872401
1.530272534226242
0.7343975148251047
0.8322307392954826
0.8126966817144421
5.069450780043553
1.8071779426027206
11.537601428404741
2.2261733151535736
0.07838820503093302
2.4443391905660974
2.4037953298320645
6.686258332338184
1.4999168298309087
1.8536328904083348
1.6356172927989974
10.483718372961448
4.096445577262784
13.149952894113085
2.4120186294749146
0.5484544799182913
1.9285808092317893
0.28495788097643526
1.7398624099296285
0.4657670761080226
1.9512682169734035
0.2929334725631634
7.514520861572237
0.15549171081511304
2.8085641055949964
0.46004663095664
1.4725307963817613
5.810993042308837
1.6665378840116318
1.1554559691867325
0.15511657198658213
1.460385781196237
0.18241741073870799
0.22307885729969712
5.716372181341285
3.8134224521709257
3.085821616798057
0.27310437858250225
0.37659765927674016
2.0826436261995696
0.08146320001105778
0.3184880068147322
5.034704050107393
5.5194767766370205
1.0023139462136896
0.33938558423687937
0.24550108127732528
1.890002722342615
4.011240202293266
6.082455004761869
1.0608118666932569
2.720068649672612
1.6100948616367532
1.1232734480581712
2.6930367407767335
2.7190469459164888
0.7115440679699532
1.4626229009736562
0.5959504232232575
1.0309972024333547
0.9493523837882094
1.1896473586457432
19.679441586289613
1.0991689622533158
3.5910291015024995
1.450186024820141
0.08273257356631802
8.093688021981507
4.9758337973980815
0.08927243966900278
6.090592250198824
0.7268544642138295
0.048664378497051075
1.2399123120194417
5.7623158522183076
1.323094961247989
1.5262042353278957
1.7938561517221387
5.318789881639532
0.057868801304721273
8.597872287835344
2.3504111809743335
4.054270299260679
0.021844302929821424
3.8461268150786054
1.3401299989927793
6.09057659861719
1.7787552696172497
0.18106141580210533
0.8158318824571325
3.6372181762344553
0.4872744030508329
4.795043711317703
0.661035244447703
1.433771983247425
0.34820350255904486
1.6064185489085503
0.5913300406100461
0.11977906016545603
0.2988939854767523
1.737685610729386
0.3833945067890454
3.785205509229854
1.288151609027409
0.3223866422122228
4.3441732818610035
0.7453640577732585
1.0977882300139754
9.017564740948728
5.893591374158859
1.0891436443271232
0.5781660409702454
2.0441525224232464
0.5487426753388718
4.096234111741069
2.320581891479378
1.0250894386990694
4.60943705135287
0.25907427485799417
3.013317168246431
0.2637380974192638
0.0137593348918017
1.2368375130245113
0.20982604548771633
0.35285832319641486
0.3246911313399323
0.3822110326800612
0.6275249355021515
2.7677742106679943
1.5032295998753398
1.226962609696784
0.6447163168049883
1.6990116720844526
2.006305976945441
1.5960205784722348
0.8853908561286516
2.757205452056951
0.248795349332795
0.0525151661640848
0.026663655960874166
1.4585383088997332
2.404839269220247
1.1452572545676958
0.6923084838563227
0.3534485774944187
2.628697146756167
4.106435395573499
8.504302496839955
0.4387357238883851
0.6673889911617152
0.28411354045238113
0.06174951986031374
1.7322709509680863
0.29865854357922217
5.698817797252559
0.016602707539277617
0.9531257132330211
0.591833329614019
5.178439360730408
0.6841520400193986
1.004727047708002
0.9375687448991812
0.2985399712633807
2.0260867769102333
0.5017833304809756
0.2187556559802033
2.7364648223883705
0.059669532311090734
3.633292652979435
1.1482889185426757
1.624965128088661
3.106539112246537
0.8328928439004812
2.5512865155542386
0.8491377681566519
1.9353495168179506
7.7818176082655555
1.6120721129409503
0.715002681587066
0.45237451051798416
2.455144708765147
0.07525841903407127
0.604552232340211
3.5954789668903686
1.4440415436329204
0.308728906828037
3.2628050617713598
0.06358419440948637
0.0889132627271465
4.444372621932416
7.999412942182971
0.3936418255252647
1.417864785718848
1.777144803883857
3.7629629835282685
0.8263582382787718
2.4349710623864667
0.829908693129255
3.457212695364433
0.6560601843812037
1.9448812586197164
1.2241588685064926
6.251213371207996
0.15409205773175927
1.3321148333780002
0.9785559698357247
0.23847603119793348
1.772304353034997
0.8192134686905774
2.4834752395909163
9.457328683172818
1.385069908996229
1.3112404083221918
1.2704828268106212
1.4016312500534696
0.8456967170568532
2.3600051042376435
3.13976418285165
0.2529368691830314
0.028587146822246723
0.021770080435089767
2.108233343104075
1.1167146013031015
0.14614641038497211
0.39214620598067995
0.33199290350603405
1.2039402322479873
1.5441502952235169
0.7535435650061117
14.960832384531386
1.3138091505898046
1.7693250514494139
8.135895716746745
0.029500431286578532
2.667779361414432
6.952691307553323
1.3623083320562728
0.017791189326089807
1.9121419115253957
0.2862413562761503
8.950083994306624
1.146495684486581
0.9756017787658493
2.17265370899986
0.9762183617931441
0.2938647322007455
1.4478580746144871
1.0230574114975752
4.913997871444735
1.4230997686245246
2.5294171730492963
0.8610363884436083
0.4388083084631944
0.04971011834277306
6.512581267059431
0.9198465540976031
0.5404024572126218
1.040819668858603
0.49985584128444316
0.6890696594273322
0.9069749207628774
1.3815625664938125
0.4392530324330437
0.5048986600668286
3.248079345932638
0.4217658673878759
0.7927068654826144
0.04903984341217438
0.06395856753078988
2.826743026438635
2.2162120808425243
1.2578658164129592
1.3005551301248488
1.433594571382855
0.005787753812910523
2.151281018210284
0.04273776307672961
0.7726700931525556
2.3301150830156985
5.037533473820076
0.7531588792553521
0.8836489311579498
0.9732738967359182
0.32970386475062696
0.906602812865458
1.6016768602203229
2.3114894521058886
0.19851218805706594
1.501362668692309
0.45489387211273424
0.2185909835025086
2.7252105297957314
4.374872446751397
2.9142246902702027
0.9404007056728005
0.4764660478249425
13.079826489694824
0.44968059213715605
0.9809781646326883
0.29655532650940586
0.8170768939962727
1.5813696190161863
2.468787905156205
0.48407622124796035
0.9968048981463653
0.8939200507520582
0.5030051550420467
2.6955993379015126
6.9025037083774805
0.5495262532058405
1.7887692902731942
1.0966400599645567
0.514904885480064
0.47450813603791175
1.7048901921807555
2.547737916233018
0.5887869774742285
8.155508721560182
0.0871157702349592
1.797964932222385
1.8426216869993368
0.47311146862921305
1.2720332030730788
0.5017961256380659
0.04872935762250563
1.2042456512936042
0.7288286315379082
0.13877862363733584
1.6269738483533729
1.4181632910695043
1.5230876044661272
0.27156148786161793
16.30017182724987
1.3433159859923762
2.480529839078372
0.29083321506914217
0.9669855029715109
0.6534735834065941
2.567469993424311
1.5659654129340197
0.08849269628262846
2.006468204308476
2.253399734829145
2.5707621550827753
1.0760205375045189
1.896743488352513
0.6316134248772869
0.03457095036719693
3.40297073507827
10.259968357699108
0.1955050826218212
0.332686822694086
4.909964941682119
0.46868318141059717
2.8640571823561913
2.501577348142746
4.7426781584872515
1.0390430976476637
1.8075686810479965
0.08131251020677155
9.718197150832566
0.3294397492791177
0.24448266042600153
0.5826283817514195
1.018407408191706
0.3309614705867716
0.42146194832457695
10.798659181666153
2.1025695960852318
3.6889812520093983
1.8142495227002655
0.11957540296134539
2.657722984906286
0.9533683002664475
0.3813575739332009
2.465808919929259
1.1277027145479224
5.356482258051983
2.776747661540867
4.150010483339429
1.573482727028022
1.159053684954415
1.4671084012443316
3.6473143914408865
1.8297628804502892
3.7064758955530124
0.2062046895880485
0.09830506842263276
0.1633886696654372
0.3251623484029551
0.13306374863896053
1.350165707677661
5.270417359803105
2.8413120999903185
0.8630103950636112
3.059999377001077
0.03851823518198216
0.5982983592257369
1.4941292005605646
1.2531400615698658
0.4511292783136014
0.7825032449618448
1.630404485593317
0.535635775901028
1.8865725949508487
2.498943158367183
1.5739500675772433
0.6732771449387656
0.006587101212062407
6.721261855622288
0.462287630449282
5.922924899998179
2.0309224310985883
0.1413514802698046
0.37966908849193715
0.20967603971803328
0.6961191342197708
0.18681242441380164
0.08865171553043183
0.0670083873483236
0.5899146670635673
0.9276939660630887
0.5690866215954884
2.5314253879842
0.9317032434555585
0.94653327693959
3.3209536247813958
0.5123097705945838
2.5585728614460095
6.151281957529136
0.47840271776658483
0.44430307704169536
2.9443547573391697
0.38732180271472316
1.3723142587841721
0.06615129199053627
0.1663551258679945
0.34887031649122946
0.48764994443627074
1.0083952216227772
3.456742222799221
0.016693143094016705
0.4032152056679479
1.6148680101468926
6.7057670355570735
3.112158020157949
0.5975223180139437
0.13925413354445482
0.8705077312915819
0.8175373943377053
0.7855747729190625
0.37130959724891
4.679590787476627
1.5980832457062206
3.3366966176763526
0.3701079318707343
2.2443312477553263
0.2940774132439401
2.497291115076223
3.5954061337251915
2.3787108177421032
0.185951029190619
1.3851394133089343
0.6497310608974658
0.027667976755765267
0.42525084772205446
0.42762869865691755
1.733106360261445
0.8639747318229638
6.743826323268877
0.5416880295670126
3.1894461532792775
0.19984153936093207
0.6813067894327105
1.3056840040226234
1.2096600833610864
1.6875307986920234
0.6486748216339038
3.218949572154088
0.11358941103389952
0.46701870049582794
5.390033434588986
10.820966656363453
3.612669489950349
3.178373315386125
0.3185892958281329
0.4738862223821343
0.6770951160797267
9.998767653727555
1.705191431363346
5.596425106879906
1.3287448222035891
6.789990263925574
4.049750323814806
4.768112964346074
0.5815383810477215
2.9002355429838644
0.4719311102599022
0.929715728838346
2.864689940455719
3.340076701999351
0.0022433317717514
0.7932795995366178
0.7821122167588328
0.6950773765856866
5.973927709790587
1.0245998573882389
0.44275979023223044
0.34007208879484097
2.12346995012922
0.3129978771758033
1.1964178329217248
1.4230682971756323
0.10133726687490707
2.6338414897109033
1.13702369335806
2.4202479899686296
0.22184088246285683
3.4083157882851083
7.237027160845173
1.099966210356797
2.719978315413755
4.499711343574745
0.6695155293346033
1.3216651292677852
3.4429263021302177
3.250915015451028
0.6508474292058963
0.811061648731993
0.120445232882048
8.877679642668227
3.3877549816897954
0.07456822073436342
1.3096024421174661
1.196792463415477
1.1333376505281194
7.045210892691102
0.5463003450349788
5.151851662863919
4.748467055345827
1.043829814014316
5.4426619904261315
0.2787458071834408
1.279411775059998
1.0886086607642937
0.0931427567920764
0.4462068121501943
2.9952999013257795
1.9511803013228928
2.327039510499162
0.38233951984148007
0.017908714908116963
0.8066994075197726
0.3836119879488251
2.2644285719798063
5.859868816449307
1.0185228368500248
0.24206329178559827
0.08753172318392899
10.176717683403695
0.039854962458775844
0.5764361025285325
6.477014957556094
2.8524109295758535
0.16661371654481627
0.13832055994134862
0.35618296744360123
1.3392555031896336
0.6382179085703683
6.527110173497931
0.15125985893973848
1.3839852527089533
3.143488785470254
0.653177785265143
0.6123650257868576
3.402181194840523
11.056686985517445
1.8210737510380568
3.5247357915577595
0.030039600242162123
2.173608843157126
1.0236187692426029
0.7621943387857755
1.1541297639996628
0.7730218447759398
2.443072803100222
1.6431478084778064
22.719615710469952
0.7199622741973144
0.9445791540565551
0.4911711107197334
0.17675732087081997
1.2979941995581612
1.4474051994038746
0.1947359974074061
2.3661183303120197
0.9780309518100694
8.601025996271346
0.259267822613765
0.30353465721418615
0.7636937247516471
4.638906032458181
3.8911061375692952
0.30233607027184917
0.2515775477513671
6.550795801165805
2.15061171475827
0.12008716155105503
2.812021872814512
2.596264829473512
0.5429923962510657
0.1065109688352095
2.53680522988725
1.4713857862589066
0.13218555353523698
1.4024383628493524
0.5652889124467038
0.5830130475806072
0.13428230729914503
2.7781423907872522
0.6903166420306661
2.5325156105172937
3.195292467280524
2.871212283927889
0.05493664157256717
10.738289854831237
2.429205977183301
0.24687678407644853
2.4171030006182264
5.2934044500943855
0.2740754468977684
3.577647543621424
1.404107754919096
0.27716053639596794
1.1391832476001582
0.023335809783020522
1.7231395673225052
0.11199531137390295
3.8938208675172064
3.3648984884348465
0.17250462694937596
3.0888059478238574
1.1027527167607332
0.5745059937398764
0.5540053797230939
0.9669927354480023
0.6197280039341422
1.1084496620023856
3.767443547694711
3.6570288864386384
4.956874858071387
1.84523505364632
1.541516607576341
0.26820142378710443
3.65509623374237
0.5488623682322213
0.21279095643694745
1.0180867774834041
5.839796236192342
10.579241315819672
0.4156818707633647
3.5568896751719876
0.19876517260127002
0.7186867065975093
0.21440413232630817
4.981516767213179
0.07978430767252576
1.2220580695284298
0.0036399248128873296
9.253520219885104
1.0051036223885603
4.899461738947139
4.134566431042913
4.441358357551508
9.407949654574622
1.331623335609038
0.13251441971078748
0.3850015380594414
1.8164248290049727
0.2756632329619606
1.237578860767826
0.018718768835242372
0.15236677802022314
2.0264581991068553
2.309735162772995
4.090823456608632
0.9469609547450091
5.948306563870574
0.7345456332186586
2.2268770312075503
0.6470682894650963
2.7038450150430435
0.9607260775883333
1.387092245335225
0.9378932756735594
14.668951011975878
3.085972984576074
0.5158209856817848
0.3725217267856351
1.2289068165264325
0.3763471539350576
9.397704121322022
4.334816407710605
0.42630771947005996
0.8041748424293473
1.6873785509742447
1.134621138422517
6.655298577519716
2.7680509807978524
3.2896059574050014
0.18008235484012403
6.275965919958253
2.0152014381383196
0.2790412809845293
4.219686512602493
1.978449700443889
1.595186902624846
0.7846102749463171
0.027775864109571557
0.7587790567340562
0.2683689436817076
2.150072438606003
0.41594887125393143
0.8407946793231531
0.8235307140566874
9.724546969293442
1.4558002254198072
0.8016996425940306
0.15377970755798742
1.1992304181912914
3.421750856396102
2.50237886528339
1.189528498252912
2.0975311734437128
0.46750914396398
6.838216635820572
0.19386221285094507
1.4927976258040871
8.163992120578769
0.2914646492281463
2.4904982950465637
1.4333237905520946
0.253341139308759
5.204380243827472
1.5579808094335021
0.24305420347081963
0.007724616058112588
5.825377963250503
1.758043310175708
1.3713500235098763
1.293558245022723
0.2800522076213383
0.7733816062900587
1.7721702527269372
2.6892898518635775
0.37515670815628255
8.124524864877458
1.0035612155988929
2.4179424342364655
19.74395036110218
1.5082890715784742
1.9541215267745429
0.3142762456336641
0.566273881966481
0.9903576073484146
0.46188329524738947
1.0503859886375722
1.0347624873902532
1.0833609799883561
0.7250539791348274
1.5054764685046393
2.049911904716282
0.4975436916211038
2.40003623150551
0.5307941691789893
5.878400763285754
0.08334305863536429
6.064396551191749
0.5079336685012095
1.3199673114067991
6.102096382128366
0.04181409296870697
0.6000516935673659
0.26284202225360787
0.2932333438147907
1.68764781626669
14.949178521164868
1.97500985138322
2.485591065902554
0.06134406507044332
0.18913927523681195
4.185212668351596
0.04628015775233507
0.30795631024375325
0.2927984674097388
2.722246960423945
1.5705495588481426
2.091963939885318
0.43050895675696665
0.57409904927772
0.16929453871125588
0.247247371065896
1.7043264009116683
0.03229013933741953
0.6836181970938924
0.5371457473083865
0.8764678327934234
0.41882492173317587
1.5651927496073768
0.7298754589864984
4.940222962322878
2.324422969468287
0.6165314182217116
0.7129471898297197
0.2851195918483427
1.2317504744423786
0.9901108002813999
1.2660727876791498
0.5619032420800067
0.005726316318032332
0.8007660562216188
3.085238750332792
1.7784813542530173
7.309919587045442
1.7060082057505497
1.80572660722828
0.3258723640756216
1.651054964728246
0.07737174632347887
1.202866020903457
0.9941924341983395
5.4476048615179025
0.8891397776606027
0.06709577748551965
1.221571534522809
1.9578124201434548
0.44615746579074766
1.1601989302725997
5.253567354593542
2.7523323732675635
1.4532291730574798
2.854168891477457
1.1676206061019911
10.744177141496039
6.97098695490422
3.3716795329237357
4.233911707167863
4.2251360914015095
1.7327528666937724
0.11091685594146838
0.557102587481495
3.086749528738437
0.07831997715402395
7.048630889221386
1.6278977488909732
1.3616202505872934
4.383123737512506
8.448131734199706
0.7964633735391544
0.7357218346660375
1.313413963856874
4.193350040630321
0.6020386418094859
0.7081579059376963
1.352310855370888
0.9521571376099018
1.2598809987539425
0.5109099146429799
0.30717039316368755
0.8969471858581528
0.69575503620581
0.48197616337711224
13.80892574529571
7.034221468959004
4.739721968529921
0.15335062799567822
1.3654706000015722
4.512619976441783
0.20865916859474964
1.1770990684017306
0.005755454280006234
0.033578597285668366
5.798814432891959
0.13048823450662894
3.2909695348425885
5.349760356461047
0.2966865903654252
0.5040074513453874
1.0366314375860384
9.678131157335883
2.955320768916863
1.2966288022507797
0.8868285400021705
3.10748786219483
8.211770364199765
1.4905217019913835
3.026891779503785
3.3565207138235564
0.48452689873374766
2.2466225721436786
0.36024730120698223
2.2008777581722825
0.3574487325749942
1.0382896984665422
0.6263686348684132
8.717349880505935
0.05112485964491498
4.92125599712017
0.04890566579706501
0.7073558789852541
0.48549263973836787
0.13216913352516713
0.6943412481996347
0.5039661048067501
0.45065068704570876
3.6450717537591117
2.1350319576158654
1.2981497533182846
1.2593041605941835
0.197191037099401
0.04219968704273924
1.7893613342967
0.5556072089530062
0.44191756506916136
9.063694437129016
3.17471612047666
13.118163623017608
3.5246118427603506
6.228981714077236
1.777047280142142
1.5832188237909577
2.3820331135430024
1.7694355533094495
0.7654560869850684
1.3848171205609106
0.4343574937302037
0.3236577625211794
1.900934649827832
1.0478089139287476
0.4656135191980866
0.49161322520376416
0.11229796672705561
2.838890270970296
2.15151431227423
6.102208548632916
5.250062504637754
2.030025218591618
0.038307449329295196
2.311463389029086
14.065844203709275
0.9019578272927902
0.6102668225503294
0.6570104197089677
0.09516576632449869
2.01032946867781
2.4492613556431024
2.4045946505793836
0.3005694334569853
1.0041048919665627
6.8967670458805514
0.6298885398282437
1.3023812672036001
0.8311826304561691
1.1457096823360189
0.5231027757254196
3.2456562423467403
8.022142980342323
0.16602748400327982
0.8585302389328717
5.538736019174394
0.5085547467751894
0.19230372177844401
0.12067453023337293
1.1070132212844328
0.6238122239956283
0.023633082200831268
3.124188679306826
0.05896648659108905
5.586081504850881
0.013029190718953032
0.4422575516291545
1.39573628740618
1.7963056152293575
1.201705243664037
1.0561169998400146
3.1049731986931874
0.685037029972591
3.679444051696919
0.42838353254046524
7.805141542914498
6.076551535828912
4.975094352674205
0.09142005415924359
0.07333934502821648
1.9307293780511827
3.0356227306619985
1.8854661027435213
1.3346453066842514
1.9509956462061382
0.7379827338954783
0.28756835432432126
0.3937363500663196
4.009918919065967
0.5489890297540114
22.57750387665874
0.20551688414707314
1.331836374476552
5.886653407214908
0.31074087091110414
0.01495352057099808
4.766546460203244
0.6607180482751573
0.7373255344500649
0.6607220953301294
1.3255136509833392
0.6141079887456726
3.8463962292153155
0.5902765614300733
0.6516951845551375
0.7767023033084115
0.20290905378351454
0.7793294904549839
6.784250115961186
2.686063678258506
1.782071503061161
2.3882192467644927
3.8309913604025496
1.0291496617137454
0.8757598597512697
0.19034245140937855
5.491389897324552
0.9657609632849926
1.555916550620168
0.5481365157829714
0.9172860372855212
2.934225807344774
1.5159316526260227
0.5137050737830577
1.5752258830470964
2.4687196881932323
0.18086505751125515
1.8139043727278477
1.033893055813678
1.1010867223958485
0.3085269876901293
3.679231873014942
0.5071838937728899
3.158447664223786
3.578885912633268
2.9672457477427088
3.2312588621571194
1.6021779461807455
7.141780164405645
2.362083971274842
1.0931869504929637
5.50433509361028
2.8235314576450037
0.03495194726565387
0.45399178536899853
0.328408196241071
0.7029262287105666
0.2928269751428161
1.895366728771478
1.1919722819511662
0.027865271156770177
3.6728494945782586
1.9459856475150445
2.764733412215719
0.1013432928812108
1.9251231440066476
0.07359894765249919
0.9242468777665636
2.195538595027756
1.7118116204728722
3.2921687227863003
2.646941729617538
4.367123650132271
1.556811035014107
0.4345426914951531
0.7518357554799877
7.188250079459976
8.002302481065271
0.12139828924409812
0.23996112560416805
0.6250280620224657
1.9864363158776541
2.253880057083734
1.032437035253679
0.524518653350242
0.12268695515376749
7.081368257611757
0.37939333126996644
0.36699102562852204
0.3604386163788149
8.082388583359716
0.984119573578937
0.029612401413032785
1.645409120246768
0.36227467006392544
0.7612119058248936
0.5760941237022053
0.8561804304190446
0.9556935211512609
1.2943958958421717
1.7038924828375457
0.49115291510679526
0.13729349014465697
26.66453769929649
1.677947067459172
0.26727889465837507
5.8099980455081095
2.996807308678399
3.653465851886722
0.10773712230002275
0.4983552992925979
1.9711488944958546
0.5464421321084956
1.3285323495001649
1.506907298884471
0.8554491722752573
0.12664358294568956
1.5005447223520605
11.424157240893692
0.8636523613822646
0.716522963346506
7.11347654266865
3.7346566386549966
0.05972028800169937
1.3129837857486564
0.11359518599056173
2.352711767911387
1.2265095371258212
0.6344885633006925
4.050486983469455
1.6934526112891035
4.084098560851999
0.0418113081032061
1.1290959081161418
0.7221871802394162
0.969195611840405
0.027290937228826806
0.1419337140468997
1.224487010134908
0.7188040051914868
0.765050889160193
0.5131736142648151
0.23427538487158017
0.43541998123691883
0.1579137251683278
1.9931080374590238
0.49464999883639393
1.7651746821502456
0.9029458456061548
0.19758195125177735
0.2980297046742635
0.97564810251788
0.8488158952241065
0.6656539622490527
0.6105360560250119
2.034154375673097
8.012258944450878
3.2932709218439413
1.043542745122977
0.8424539620100404
1.6218997530813795
2.4957950029638596
0.7858548779768171
0.7599828041784349
0.15483438559022034
0.9524742024150328
0.23255508782312972
0.40799518571293447
4.8391148448499735
3.874646949385351
0.22481356015487108
7.050218481956108
1.1735975139090442
0.2788923940315726
0.5056363087642239
0.8476533593639033
3.974155815631093
0.4608054235941381
0.8528984771692194
0.5093303332250798
2.5704479901469313
0.17537005072517786
2.5330336091137724
1.0377954522846267
1.244404295051936
0.5571373431230313
2.8497600532282377
9.416068399375945
2.0478436759585747
0.04277943040506216
2.7060305107515887
2.8522641535455477
7.657601224855171
3.44088993974583
3.0281858537418884
2.15739813620894
0.9724713458053884
3.0223385498829884
0.11458800250693457
1.1117075470538111
3.0868590338504873
0.4444484931809711
0.250995638409222
1.4496359170152573
0.598361384087184
1.6365625536927837
1.1015135092966375
1.700274179886037
0.10684995282645104
5.927624252544774
0.29168831344577484
2.5607224173654686
0.4331702625640901
1.2016239441363723
3.322206684933917
0.42622381775436224
4.54650176569703
2.6820313015778083
0.8619343492100597
6.070316244404239
0.14200464111490874
3.818427261270699
0.14727789630705956
0.8231634885378298
5.297860188962659
1.3786274056401453
0.045498060309910215
1.1024379979862715
1.9555737882110407
0.3002919464270235
2.623892633964715
3.4635371276453952
0.10931551310932264
0.09522790576738771
0.13072320200444665
0.7827232186609763
20.528845822751464
10.21642360965052
0.05039735166792525
0.9259624813203118
3.1034125942896935
6.719265909858223
0.11875961235637078
1.085353782553284
1.970927692920668
0.7871595186879858
7.459512977526174
3.6461072056627017
0.48509664039011113
4.511484099835798
2.323239396486315
2.529762647296593
0.18142632875969866
1.938551677907526
0.15493645316018956
1.5672069959982764
2.8598693037056364
1.9382535783952335
0.10827676439657807
3.6302963559137424
1.4603062494425103
0.05215764948661672
1.4623189462145092
4.048238777577353
0.19708882323175203
0.12062522323685698
0.361350162565941
0.2687262383115012
0.4489288916665828
0.5059996599593433
1.0631943399421289
0.42455774013797054
2.4597583506110823
0.3607423506255145
0.3036725795609527
0.008822619085549377
5.990708649129374
1.7941012613882776
0.29680806033866247
1.2835417672686162
0.2946044060809072
0.007514626151532866
1.2741189543739893
0.5248331373077235
0.1129871156590525
3.4726860284936265
1.8985419432574417
0.09860718325944617
1.4634721399197588
0.34108325895795133
1.1615080615665647
0.6661173768952722
0.7746817699298845
2.7038993832684355
4.254012290861283
8.528131217695773
0.7578709796071053
5.006501713956823
0.23700933379586786
0.21829907059145626
0.1258572013612138
0.3518437141246977
13.736350604856852
0.37835519934014883
1.266949847289652
1.633156068455719
1.2035410767202848
0.10549959578929702
11.148974646923307
4.897467425042123
4.085878028279694
0.5473293303075479
0.2824534671744914
0.6105178954530857
10.65042584312323
1.1579242090811022
7.026981365474057
9.00573752260243
6.539161155320471
1.8295002962404396
1.015966140119417
0.09411025761073688
3.281187795662845
1.345886256553058
0.8560421549336752
0.22560838914068881
0.033707614420563914
0.8020545865874738
4.505149753276783
0.010447440799907781
0.1836859558170545
2.3954834055839456
4.036614198266761
1.3557774653090746
0.7562155290142982
3.6879554144616122
1.6398217630921863
0.38099668227368966
1.262627544303541
4.816043349172105
1.0801222605950898
2.031843757155002
3.3380546755797695
3.4369796389946714
0.1185402579503716
0.2640656606236007
0.30696397727297153
0.2533823724807007
3.056206258799648
8.555653119859926
1.7639485255131149
0.10499344398704125
0.27751785700093023
4.268174778822868
8.980049224759568
0.09433129023818765
6.112630817347963
0.18028542682441184
0.1874850992608117
8.966014891804662
0.5390985861158697
1.3416298290612758
0.8720362593157915
2.278553702577483
0.44954453023092356
0.402340121450834
5.01806092519837
1.8273598546293215
10.108300081803463
2.3037234541989164
8.750180785704288
0.6262060684821336
0.7730593592787045
1.11235709227185
0.41119801203603856
2.9386744675648515
4.48849350616365
1.5097939040279016
1.958598519449879
0.0754686242871685
0.8047585591557436
0.706561001992668
0.9310328817518894
1.3834477992131724
1.846543541738356
0.16843317695020232
2.7336732135299826
0.5666542420876794
9.119940764285275
2.618232995395374
1.1958172317536082
1.1516262988880044
2.6586892104751314
2.3985135673210607
2.184446826133353
3.6760416637116577
1.2536132704481133
1.7935711244717822
0.374250859276799
2.1508654699719045
10.412500694728806
0.7177596655747038
5.9391687931492925
4.719754324265523
0.48875417994713644
1.695013974516769
12.912814385505044
1.97152929839649
7.821853420355183
0.1678554289683234
1.0854070282366592
2.786479342612438
1.9041114699502941
0.05441676168265985
0.6434915432400885
0.8760996088167303
0.9453352540585911
0.137379756597511
2.1645990172983147
0.19999826685670996
2.6147886518592713
1.6979217390908161
0.5030161444665282
2.5103519188342034
1.0594842872960726
1.680392113259586
2.912077098946611
3.306845170474844
4.354299152408203
0.8232505763808149
1.7573710868964554
0.2683024574726005
0.6616574591753306
0.25161203792958986
0.20429936880100286
1.9358310080788215
1.2187660819399753
0.23863099859590875
2.563314660656033
3.6149630570871523
4.343918543156178
0.5629313556055422
0.6115903526297188
4.614234016902628
1.1068232509569498
0.29834221152123064
0.474215176072903
0.7133767579653068
0.19435403471288737
0.5801066377025563
2.0312171093391953
4.244597263088508
1.2321763751388062
0.057472205386147834
0.6370851099636639
0.3637907286101836
2.464859678526409
1.613205843117612
5.431912610118161
0.49855283034412423
0.08063255945307901
0.24025834802159807
0.5093303675530478
1.0247356927357032
2.4297623322418076
3.02496851466276
9.024121202193783
4.394649016147014
0.6976596723106923
0.398051954456605
0.5485291090881219
0.7242153093611705
0.7637933023288497
5.35304450221156
0.7427640590976807
2.2475660830095876
2.2569166466928436
1.1182010873017134
0.17241959977400256
0.12649322509969352
3.461243817677314
0.42521755349298473
10.738460140673851
3.902026235446101
1.0644856778890244
0.12213508916465798
1.8488406052056234
2.3512104122783057
0.27805523017741507
0.7111940784889157
3.575551053021627
5.0025525820674375
0.01449403980950592
2.2000517634805874
2.230532028945163
0.8642467708777986
1.6307289644973935
2.254570022363623
1.254839556720981
0.7715023450582521
4.324430346765439
0.04156476818025112
3.7556548142820247
3.4806507512694225
3.7399319997348357
0.8003860154130962
1.342552139009058
0.886911318069906
2.3214626777917147
1.1372097674320685
0.9666167038813
1.20895796197874
4.851206138337147
0.013395274101640098
0.8390090899993083
0.37448954570572823
0.9828962366300402
4.830041309935041
0.16810670867562294
0.5889507856554701
0.26333461004833225
0.2838835182847106
1.1327783968445146
1.035369410936255
0.5960830287876888
0.7617500395790557
1.752032639553363
0.15979554571822518
1.3068003973530722
0.5906912699647364
0.04961726580950199
0.11361863357160473
6.843792245956138
0.7325628088437952
1.092158307095815
1.3796527319063898
7.221417233849934
1.9571999944091658
2.1179737836209824
0.7496363820901024
0.10049844915192807
0.8266306986988639
1.3897085173084633
2.4766428140283097
1.3505822616571095
0.50447887476912
1.6857052967898198
0.5333953160152305
1.2848721500777174
1.3276249996342813
1.8358802843358717
0.010986607194354292
0.41110856713930843
1.782449658086989
3.8733120861506904
0.039436388105968945
0.4387937787178089
1.0027781115786638
0.4788047188631026
1.5489860525049153
0.2294333839599858
0.04978357404615963
7.866206179984147
0.8054990130258375
2.795336548340856
2.4839345011569094
3.715152098899125
0.17950019855925348
0.171484657585097
2.6931600999450893
4.80986563017359
3.1489114566356875
0.9452375845430652
0.27546857887500664
1.4371392259345157
9.061229505343363
0.39423885973519646
0.33270597895170795
4.4440679704785
0.8710424275341211
1.9128458882987616
7.602248555114784
0.8670399349139188
1.162401535315439
3.1096454986181925
0.22096296255040215
0.056137801919248886
4.29781147265021
0.9159622214574483
0.37245385698770406
3.5046530059189536
2.0468892573626363
1.1320345619678847
0.14533420786756324
1.0242771274861298
1.6471190340453177
2.7619267468107864
2.7118790851454833
0.39691322296857834
0.2046084705652902
0.9766347847908037
0.4610274294464034
5.061786099606252
1.781795365808648
0.948685357485374
2.8029261699557537
1.531770132474776
0.18294211480679223
4.19311955547164
16.045294669696887
2.568274432902399
0.1260641713743098
2.237522762545268
0.6939055776310852
5.787408996468002
0.41220909097319236
0.0838874729743111
0.4333726861150353
1.201648284732073
1.5869667619481334
5.170802358021319
3.2975416840126854
4.215033993103134
11.066936527429789
0.6380635346213239
3.7051754844069364
0.9762124524568208
2.976429529422603
1.0029948855444673
2.1753140537039144
4.405415514316701
0.37367229763185605
1.5164798273253837
1.4527210913656745
0.725061931872915
0.2535278785726405
0.5523952275398187
1.0713799269360607
0.09524707564560231
1.1848187271971256
4.301924523657362
4.806932876323117
0.5335945019978681
0.1490986787030124
2.161781419919862
2.6470766571801505
3.357348590478068
5.1676195695545175
1.8706016204378102
4.173230308355414
0.45756077399710193
0.05117266775778262
0.9129986102343537
0.8527346051050699
0.9519893410615623
0.4757113506711903
0.6418623861172819
3.2120176601820276
1.1220180821619579
1.3700416169522214
2.813461676327279
0.8389208444059477
3.542325204012741
0.25856605919398135
1.0574060660946998
1.6579496212943923
0.8959434775606496
4.720629176597868
6.741595124840387
0.1677149130118778
1.1113859704055358
0.34945882400643313
0.7150446989762713
1.6697785881115124
0.4406037126755109
1.0299286113950075
4.055392248592398
0.0941810886215535
0.5826870852906723
0.8629157641917118
2.146668952118489
2.244095130386995
2.0142672497895546
3.330638229766919
1.6375797687942395
4.210838398343185
0.8408200264020707
6.887118959843065
0.591824911229196
0.8860812464845367
0.26057762410346186
0.18275458136486122
1.3564257842153893
0.2971797890786547
0.2740440179986763
4.870530957174196
1.4647170171374455
4.776108641075552
0.3347471193119418
2.4663695016424754
3.511291336501017
0.17183145012677414
2.9625998782139504
0.292288721393561
4.620179486082634
0.42889291929168394
1.0696764276217436
0.008520514289557468
0.32387094062869437
1.7232710848766146
0.9228281001051073
2.7039921881005284
0.02040805092838127
0.490180669738038
0.5401785730500706
1.0863158363572438
0.03492987001664005
0.3152053112935391
0.14027935550257098
0.277780777461885
1.5564077626622748
3.002220151225629
0.41136312420712784
0.26078368670277996
1.1556209720511106
1.6351316458603833
2.2243511706838035
0.27806395091465674
5.589857949977159
0.2889759745376068
0.7647556719457498
0.33021131764689926
1.2091970229521394
0.12877543925424106
0.020604735298547894
0.09426472241466399
1.4533940691108
1.917030859462102
0.23867826617788523
0.013963885758130345
1.4827736758088577
0.4683278060547309
0.9229231718200026
0.05563512281514704
0.3592729697629693
0.8418804460234242
0.6326709087807103
5.2012637759471545
2.3319493072413024
1.8587580363673624
3.423400469349872
4.54914226487017
1.722238726746582
2.833172488739365
1.4055925498323631
0.1460029512672918
0.3122862220989191
2.3610839091343223
0.9838874187698821
3.3062170504272217
3.1257190200849436
10.143090222401952
0.7595588006879552
0.00040463735058438033
0.25402105442481115
4.815724131243769
0.920816900616046
1.4221933943917975
2.764933691600163
1.9689233732788125
2.446752174568246
0.9914571405679453
5.4210688779639895
7.82250789214595
1.4963039740905515
0.6942366838120506
1.2277367349161068
0.1882164109920268
1.1133714420648175
8.140778281464009
2.1084132637115545
1.1389721886225743
0.07599559923983179
0.2924024327658117
3.079689383797813
0.47628505040484015
14.216355111144367
1.8531847035337705
0.7558654275271692
0.6211622086120769
0.06125686263112584
2.7086990530369803
8.615243694977835
0.36911402234545676
2.0343283116599196
0.13879368707421236
4.179052562125435
1.6789687543714535
0.8649939152601291
2.1537189935479546
2.2284783925351803
2.162555027367489
0.48640547940158285
0.8025280620568083
0.5990369045684929
0.7746366958017461
0.701696293814166
0.3044008777505951
2.436925842666824
1.9199322929416667
1.0346378897302202
0.4412355221284088
1.2740306973646511
2.972019770553743
2.659936080832267
0.16208763191389153
0.07546130975242704
0.6846983326249756
0.9648874966078438
1.0136077241186285
1.2325363032432506
0.7744276287048706
1.18917508971208
2.5293688639212633
3.5801703462711885
1.5594438645857736
0.9658468916968559
0.7174295348740998
0.8810628289720626
0.004756467838888057
3.0058508372239885
2.376499231890193
7.406656486207794
0.07779818960261764
6.813491079148662
3.9540955830088933
1.402767734216468
1.8020808465225855
0.7214364786996157
6.357780040838406
0.8868772102650837
1.0848619513853919
3.1963172323812614
3.34013348735607
5.346158949912933
1.1247690209929715
0.6869935778086074
6.065338741456799
0.17971221289917594
0.011486822601000313
1.487530771191814
5.0433373658088385
13.154500997356081
0.2682834402221488
19.491452474350808
3.376548606371216
9.81291273124225
1.3765341874532169
0.4347719941069954
4.135069757583551
0.9096388933176058
0.46610909719311167
1.7692453341296641
0.7541317996292491
1.825849860884773
0.7286443835837417
1.1802093725491432
1.7149927807186032
0.8604367167063174
2.1567043878894765
0.30926052562426776
0.3060926724501769
1.2390027088331408
2.2715734648081707
1.6601451693932177
2.838277134753298
2.120364473106747
3.1067489182023564
0.42495474059978733
2.7772622185584623
1.9504123826991417
2.0975409649618086
1.279517379720346
0.6968269549324759
0.027634151090751402
4.889260676878621
3.808947272133082
1.144657537159219
0.7002945178755908
0.3248982818913646
5.332556398301676
0.07743016370659461
4.660119465079333
0.019621892810391728
1.5601880586036714
1.0636554919474293
0.08744932585977949
1.4764384843656444
1.0121553277786006
1.1766350647667423
0.10494478902546689
2.6086308342128177
0.20944557748589432
0.24629073703545146
6.100836929123034
3.0209209348104196
0.7726988701688242
1.9903206997623784
1.567200951911218
7.972628441202687
1.7393410416625557
0.12370959443069296
0.20913096889125882
1.77954426722863
1.5857631556791603
1.8948662307739141
1.247012217529118
4.377138869269402
0.20771247972879792
0.12665137070871424
0.4811848570316215
0.12153726026008371
3.8847246754085063
2.3281988953094697
0.24829890210094163
0.16215165440371493
0.24159508724551415
0.014476536714937538
3.098866575404827
0.48876650637976127
0.024818931124173105
1.2002967086227727
0.34240775537182344
1.4795083142671501
0.22650159654585877
0.5684120967198396
3.311333876757999
0.4763953874062281
0.6182501410294208
2.4540002778958296
0.8587922279839404
1.3700536969990935
2.5221694239007775
2.75631443963357
2.6159836814404116
0.6081905235987506
0.23366422828257782
2.410543576326745
0.2545223043198348
0.03516845087870024
0.31998309420305304
5.144356251817953
0.4241684181833989
0.27536471968051046
0.6318558161656256
0.9635434616357088
4.426441324780171
3.4898224124553963
1.6900018312517204
0.19415155582100851
0.1300128684597439
0.1854923815917573
0.6841547983640339
0.06608387263986515
1.1013344897146453
7.069158872283879
2.5785316800975124
0.11287310675834306
0.5750443204451585
0.48665758143761195
0.19702781340311049
0.6188173561822623
0.7421677078382345
1.1120859885486425
1.4238616144066327
1.3707223663004697
0.5229259627230931
1.3907927344553173
0.3974010242091026
0.24709287498990307
3.336329444173316
0.7122131626310875
0.32162847618747037
0.08395202028623316
7.400709348017699
1.1383177119423635
1.125476651111967
1.4546085612964816
0.211888484787778
1.7963027093792334
0.6892575249512447
0.2622401164917392
4.209123892629577
1.1419721583588398
0.03372058874811046
1.3352903234845144
1.4160078758504824
0.9322906352463178
0.5857386198331369
0.9514655297316494
10.024415899832093
0.025192298613546882
0.32470330985233886
5.144359114332474
3.0323934675980126
0.4597302031761501
4.707001004600897
1.6126079782188754
5.857332692437922
0.501721734093735
2.134608968248358
8.876569798754645
0.3843410494446289
0.5564587817862048
1.7812479774802341
2.614790544808784
0.18682855011866195
2.0327564237231854
0.38962673150672344
0.9573353514133487
0.29113110660546226
0.8428542008914519
0.1104116107308073
4.007784836932842
1.4785093155514915
0.41791889746673405
0.19039169886673335
0.42592593174776994
1.665449679021549
0.5654994944343343
0.9556332144566113
3.017371501882735
3.4184032899938757
0.3635868979472434
1.7609547726242454
0.6602890104841208
0.6722203594690654
0.19867171523947036
1.0119491274526808
1.5742167244607117
3.1107827185478527
0.1532183150484343
4.418873922739294
2.0252072413713904
6.703625831985846
1.3491278424917255
1.1225351934263017
0.7999873394219321
0.35300769235618645
0.5451425915962318
3.2327250472517335
0.26301267039525555
0.1525079002167331
0.5301568370632594
0.2430468974998803
1.5104645875035203
0.5720541969494661
3.7600955650777905
1.1984525013758685
2.9286184192969813
5.481679832475493
1.967092905935715
1.929847729683388
0.15959516069415258
0.23486034772213316
6.7911927025270415
3.1326809746824438
1.421731963979255
2.7688789739186177
0.010774776776088402
3.8417938531856635
1.414951433216629
1.5466220889938995
6.573163516142813
2.9998674057715107
3.86911413128837
0.25365221873653354
3.8928371989022708
0.31915873146499507
1.6210398870098288
0.5703907939750934
2.060107402219728
0.04906738115096232
0.9957827498656115
1.4028630204338697
0.21847691910079448
5.185469289623143
0.7943531882410753
1.5777887268850463
2.12817469980655
3.213119845742767
0.029524667777877767
0.6800879306247225
1.5824466573540121
0.3576907654351089
6.248987564104027
0.09319462860003114
2.633564640003897
1.0792197551272693
0.3868656858248869
1.9909858614773839
1.741329239681363
0.15703496291826013
1.7482501585109276
0.05577388824895024
0.07394067910354352
0.062148298100510146
0.8885468431035406
0.13984503625397338
10.963414210280462
1.0439690869534388
1.001583723074873
2.080064329878951
0.9452896174043417
5.140628559951438
2.8100236154568847
2.4994031549576903
1.6044314730388578
0.5697758942769724
0.31429386593663367
0.37257670710096136
0.23727231512020808
0.03605155316472519
6.00520217155281
0.4956711386766983
0.5707264494776609
1.2668361390533391
2.3948717070452403
0.8847608540309011
0.34722507909464184
0.03567403087799903
0.11744226448354311
7.137811792257708
6.635611168079777
8.145299313684518
1.1937126471311785
2.4899590487621026
0.5409667163185077
0.41450411854020786
2.960201582944137
0.7780912316738977
1.1066971765758353
0.173221806937363
0.5795602361831698
1.5494010576367145
0.10251951982354512
1.1026598165626638
0.09238941902003717
1.5261525514579262
2.2992365282334504
0.6701801548479125
0.9446126510447357
1.7468792241852498
0.6265071795351105
0.05823601226438768
3.4600966262514703
0.5525048376366613
1.8970868757824064
11.89830760332552
2.561172317007731
7.6448687156589585
1.768323388780118
0.8566090901367716
1.7343538558779983
2.342584751670074
0.8775703616483952
1.2178726543061202
4.806562751356978
0.13432688078319188
5.534470885359042
4.033889803875354
0.6569979065097868
0.03431437792460201
6.57682920480147
0.33703531966602895
0.694676797495049
0.47036371324793436
3.347599432672723
0.6336319506299333
2.075994449063728
13.402873324048414
6.758237326313974
0.8551633484676131
0.040090565649734344
0.7569953262063791
0.9871725489283563
0.6425030354002956
5.285230720677646
0.02291633788991021
2.638710044127947
3.4395881150994683
2.010778206989926
0.742476839441224
0.0962318996535032
1.9674033493356546
1.2430381437079632
1.5905648303523776
0.3133006301650312
0.07115584021812538
1.8432680511905346
6.317956909530039
0.11028267498477362
6.589813721460814
3.8984670466161333
3.2995647243296844
2.1831864803898497
3.8629555295265163
3.92268093435996
4.958042963546177
0.2983400868688477
0.563610176279326
1.0579406777615077
11.612371845978487
2.6038442347198725
2.908446965571784
0.5527763536956627
7.246134586908738
4.350893992901547
0.2845094408112345
0.36213798499375116
8.585162302137178
5.076832498911244
0.6632069728584611
0.3269279251471744
1.3358882703614654
0.9754650621907786
0.7051410806743661
1.3951715263465303
18.086721229818068
0.3235487136989832
0.3099639524007216
0.7590124446141999
1.3376575108704856
0.8002932685267297
0.5809707726584747
0.06166207769274479
2.179991187695123
0.8806673592625884
3.501624057927984
0.39026797131373314
3.5430343201733194
2.164348956430331
0.6447022781721898
0.04380380281509133
0.8082920718370588
0.10723322501871735
0.21334183790168026
0.12619473943777848
1.5437689393293113
2.012366829920211
0.1416239115933422
0.4199700152457808
0.21466571110795485
8.323671567020938
3.952436188199499
1.9345997674536193
3.740955389745068
0.18756322785338853
0.0905148200909025
2.3730967707379023
1.3733927662324277
0.3515303457243135
0.24595712304289918
2.0259217769125826
0.10199096865108004
0.01115000629943097
23.48029269286053
0.39928852903540246
7.6190539705057745
0.35582935838465346
0.5145829524772125
1.9127292354169185
0.867689823404362
3.754121984602534
0.2797496508137556
2.0130882269586436
2.8148793679720256
1.811552056846267
0.22739211669249926
0.4707661115535302
1.2893655151565326
3.150091582989262
2.0773584016933455
0.4797585470805643
3.6196781210092013
0.7135929432333796
0.21878548055974534
0.2991896197927417
1.9067790226836223
0.10669929278810741
2.219236919125251
0.009874049908830784
0.41428639429068426
3.2064986901023076
3.311476155402488
0.05800346731120953
0.6808858952572336
2.1754251827806
3.2809328957664547
0.01825451491458807
0.22207094066106947
1.3890834889170947
0.6456280308921123
1.2570346408247133
0.6296957287122495
4.744846309913555
1.2499917602108326
2.811958461345057
6.040993188216817
0.6606177592693712
4.651905749298749
0.12058752384473337
2.9060291312271147
0.5757233604599605
5.432663999417855
1.0828770291773253
0.3827806873669033
0.5018195238735643
0.12668321561068296
0.2203783667719108
3.001423488203727
1.1439873470080784
0.16768663261609618
0.6931014912770479
1.9281069169810507
0.03369208124058787
0.47361077242385363
2.329527059358952
0.7466898600177956
2.142285511152295
1.0397901705873664
2.0158712832126184
0.7005408726618043
3.1542947745329
1.3001854849862866
0.571738096914487
1.8663427668871009
4.660282278804516
18.278144937714387
2.5668279353849357
2.427793312286667
0.012370548232865985
1.7079277480152086
2.5683554819770507
0.07753589456842747
0.5750952908856561
6.249495382857276
0.5606505938703776
8.353740005462896
2.090457377511484
1.8965046473458642
0.19245170227077324
0.2495014654195984
0.07067761542566586
1.860764685749018
1.5436657536629355
0.4569160988103249
0.6191742314040312
0.5519079418590991
0.12711883161682636
1.1428948891625623
1.1564027918793727
2.449898880564433
0.527413518371759
2.3697453194472473
0.013493206854036544
3.5951213688385906
1.6338689420299488
0.6479869313334348
0.18549425407400122
9.319540634205623
0.7674055937095545
0.3645553472597385
14.102387984850793
2.1463709214731352
0.5694412810480571
1.0457481010598713
2.442856204645068
3.571758566882636
2.580407737128553
1.416898607451003
1.3298182374055614
0.009485459158895537
0.9724566731820232
1.9237242985982448
0.5631218670241651
1.891662509413436
0.501099040513509
0.7258183284429833
2.2728427632609964
6.029267255224113
4.8952632323344005
2.446518571807246
3.8108709955849918
0.6372301393639646
0.2804872976994375
2.4017840020969743
0.9841775337190484
0.8998329981404822
0.6309218964233878
1.1833692897780566
1.8222146301559405
1.0280126235520584
0.8900973159106798
1.1914761656153132
0.10800649457087275
1.151748992553621
2.208421742085193
1.518936113548989
0.11277787562721642
1.847549954385613
0.8659658832402783
1.8021395585383289
0.6970349579351023
1.2337521476001712
1.2071739011080354
9.55517280461936
0.643068922960083
2.566615237039514
3.1809229565478745
1.630099372305267
5.0530688142898725
1.5630189649455133
3.193148894875776
2.4907851152674994
0.19027569969330216
0.10271459240902914
0.22354604401334655
0.09637157506949734
1.534688369516516
1.9010814906650921
2.670223019522382
2.6033985191461397
2.141814927563246
4.492687455000123
0.26984969560726313
1.2391979772219202
2.4202516310324427
3.252563990521594
5.095033873723878
1.8109254196169786
0.3211996115351212
4.687896328141505
0.036081605656363536
1.4676867189918994
4.140886906279775
0.16792446394538274
0.4514766809588764
0.7510101497682626
0.6296044654009165
1.9931713107944233
0.24465770232927753
7.465698386957229
1.0277435054231319
4.956045591876318
0.6641582213051151
1.7621532323537394
1.9855812764071743
1.5728158354322659
4.128642155446869
8.332940763204533
1.085733172862092
0.2350281625185744
2.104193710089021
1.7352378888172098
0.6201748215025873
4.887208675609145
0.2886731323742424
2.574988327367464
0.8216786677730852
4.535609365797427
4.335176025851979
0.9469213169650175
1.6809955538192298
0.018895862333010882
0.9048021351991338
1.214491047852789
1.6277042706351494
1.4493811926804483
0.5284521683206549
0.6154088731855154
4.313631227589212
0.013624965911731124
12.61005849816138
1.2333733336417936
3.4313655696605565
5.639237757721276
0.020890691987005994
2.7313428201014176
0.034562062297482044
1.1684039038300398
0.8434855801024241
2.8641078828441096
1.0605811714631272
0.44974276080029085
34.06548903504154
2.1025129729969194
0.4602134225788177
0.6529598591878312
0.2268410213800962
3.2193713595697773
3.1238444773553056
1.1298166020933422
6.2485835885454435
1.3876790512149455
0.6566717690511723
2.718088718407671
1.96926291139971
1.1377687045896892
0.46108781295333756
3.754214183318254
3.9229133750486653
0.00939898107026238
0.04976969709969126
0.47031323229748523
1.2159128603161662
1.6679339837428415
4.4309930816234555
4.171271506122139
1.4994373768131481
5.75149559944839
1.863033729568997
0.3009848677102127
0.9156342520363978
0.059581778790743556
13.947773258572852
0.3940005243784981
2.353695166493708
0.812341175354959
1.4899533599455026
0.38768894421082223
0.18544331728480756
1.19891360924521
1.3104346186082694
7.142121287499322
4.226521437725751
1.3468245514886803
4.377732944085437
1.682672427057696
1.5264347909687785
0.6987696726355352
1.0989679001359036
0.14472929119801847
0.19654258350055898
1.7754180086922133
0.03965757063997444
1.0829313859940157
11.515050511647132
2.6844964578267536
1.4762948291463545
0.7899373288819334
0.7788830536228488
2.8505039100055
0.3051573500561062
0.008055833415710367
0.16294298329012236
0.30824001780274557
1.7274066381069133
2.9078239313239465
1.2627174807857955
0.8973229171897401
0.29697543218935607
3.0933136613311945
0.11746552594559034
5.23811858924455
11.338192610019178
1.6892079123863368
0.798874988409807
1.6204835069584078
2.289540769823361
1.2960860670063994
1.700426668736327
0.7959396526639466
0.18220840362482704
1.9494005885280785
0.5554930477810558
1.4791165245333104
3.550996636862692
0.1246636485302588
0.7703258119508973
7.727896417454758
0.8878952432787628
1.0965117518790066
0.5564480274915695
5.344193008029833
2.92154393306555
4.888132759253494
1.1808865306375083
7.812875534473278
0.21720030919095734
0.1676760133341304
5.149613278736069
0.23933479292463744
0.6995176958735101
2.0722349005154683
0.9941846957299276
0.5772876053524669
4.973217845501495
2.065486139676068
0.5389282769829151
0.40401692067825934
7.736332118263817
1.4825038067356218
1.1030520494678058
0.49406191777961794
0.6093089568457799
0.47610141737095546
2.3070218106004177
3.544303730763204
0.5563454741859459
1.729698953582556
0.8125452816238976
16.751836666204326
1.1489265721465927
1.9870375325917848
0.8351145342676318
1.8535556660717702
0.17207666149624856
0.6857855849084444
0.3311020268520224
0.6853537002607482
2.472595304585411
2.165188261489675
0.16041573720576707
2.1806333151544095
0.6158526281797094
0.12700380800379207
1.5387896890970296
0.160347491648281
1.5238330394713557
0.6307285020011477
2.1404665063600987
3.6785744368098676
0.15090969680750277
0.13150923349166987
0.3160519897573977
0.5838916586144478
2.9079058348288527
1.8509385557626956
2.2967440470238216
0.12226207005005563
1.2999189904585364
1.3210088927371544
2.2708944625628646
0.4851020196074387
3.116220779986179
0.11918610496650217
2.7119066621453385
1.0329753253463423
5.289175910882477
1.7352187168289674
0.3715121724671917
1.481796936954197
1.4055787252655136
3.981273395358585
1.068847245463985
1.1449894620964187
1.513654472080816
2.8637310947087826
0.2933817751763854
0.9703243281910545
0.69420505965536
1.178412134257087
0.35627349922287976
1.5018767726287479
1.4762880491034593
0.47050102274806704
1.001027576137858
0.06925888865225716
0.6513570411334513
8.684850268400623
1.6857754362863488
0.830853175946686
1.8167508380211075
0.8470077662568656
1.6853315575208399
0.6277072441589553
0.48496644838451175
1.0589752393279923
0.5999507464439375
0.0936533205822343
6.996723623618891
1.7753224392581615
0.45381417836324545
1.5718311421805993
2.4118895653955406
0.4110928129084641
2.578618685962283
3.0046272067338577
4.359415809616621
7.538891217765922
1.8097179639371461
1.1356315110970172
3.3257160029461375
3.8578828322788468
0.9089619269943796
0.27450565352046397
19.842022155527957
2.1372934998435085
3.200422023975989
0.4327029530322761
1.1827572030524607
0.8056879977448261
1.2605651333578862
1.1952230730239535
0.6524887461200706
2.3314479849796044
0.9670796516802511
1.775767403007194
2.546087267342955
0.5153938722069142
0.04611858867428964
0.42997471582202706
4.2283378398788045
0.6089008070266573
2.7587597836754867
3.5461088684533024
0.039971333630091976
0.8794781604810851
0.7047105607416597
4.149627930361021
1.220202573669667
0.6053226126241498
0.10119769432640169
1.974816673558962
1.1319305278957472
0.8156210784145514
4.495537171031174
0.5444362678244943
3.1840530576228048
0.5318785807103268
0.24773873110098066
0.8094260360230692
1.3073643215320772
2.6170769961099722
0.28420330659719184
0.27255263989354717
0.5969237344470457
1.8605345226606005
1.3113033345362055
0.23833223283145344
7.59355545714061
1.2345708152424777
3.8220528106830898
3.128065244454774
0.150649008101027
0.5154848209785996
2.6308840992714977
0.6126110067489208
0.2549909274530364
2.289860221084382
2.146973699251248
0.3859120358101791
2.284384026985208
0.4768641132977791
0.5847419257188449
2.778426179596863
0.7817223711972474
0.8295019342112937
1.0607474634234677
1.3697740581192193
1.8598690630169585
1.9181903999997303
1.7373499712412013
1.2884855697629973
0.11249982004665071
1.6158637507833191
1.1531119343271712
4.3999333990504965
0.5833209043048555
0.65349579762551
0.35390417605958646
2.45036577071005
0.09121737151144771
0.6971721212685225
3.70826826980192
1.8961222472717054
1.0378804450738244
0.24356897552206647
0.08627303424873389
2.9116539630194893
1.069833749497775
0.7144180931791198
0.1332346665149089
6.752198961679824
0.3223199466447113
1.2356503832124872
3.2755580526136328
9.888450972968712
6.836049194636871
0.019402559039008338
1.7698875234273146
0.3127013240082306
0.8112092464798479
0.85583202898124
2.557264218230557
0.29809924898290774
0.08640858231956372
2.2672949164843885
1.4458867838256992
0.41123580976272933
1.4326390140704461
0.37538162232522154
4.5996288331079995
0.003846328312647529
1.1124676689505577
0.4574664444589871
11.782484710143763
0.4207443823106587
0.47392063528241124
3.903958407303435
0.44499810332490597
0.952586741608684
0.8601493794922135
14.443612720664532
0.19077427149022697
6.538115785209811
2.2574666209620773
5.430866150971269
1.9827565173909534
3.4921112776137306
3.904813138571626
1.159953133246745
1.790164903330151
0.4208095110152499
0.23176370646251598
2.9801371233261307
0.20519520891684806
0.22498922437807778
0.23790185407415265
0.356351889873622
0.2046271582803456
0.0446351433347445
0.038311240656184964
1.0276626198974554
1.1034803349903086
2.0182013722296688
0.3931417606654577
2.7019675744886626
0.6692446586166625
1.131322351830022
0.024014374605030753
1.4541001728139236
0.1767855562720797
0.9459560227769543
11.121866935689468
0.5611053474494838
1.5819922134905937
3.6923851159663172
0.4912818542215973
5.1151210822717985
4.12666437880398
2.962080019620771
5.318991171268863
0.09273012453923002
0.6457051213874365
2.07224280655646
0.4013068338826997
0.7926590139177279
3.567799819917127
1.4009317619129433
0.7816439401140087
1.697591982963786
