17.559256194166664
8.68043077659604
49.7448865498518
2.2246549072333437
25.337795667521277
0.045028566873952514
0.7995235759262869
28.571042032806872
1.2291328700375743
13.984666921838652
6.378627227113611
2.5561613015706826
2.0776050919885165
8.24224239927571
1.3741268907688209
0.8475243394168501
4.86567312133775
12.262789320313459
21.641521248100617
23.655636646224593
0.01448055294531514
13.367815547881037
27.198031894375163
19.242342426681716
9.224744223374728
38.69915852059057
0.6471378670285048
1.042228830850945
0.8431776734360028
3.291247244869737
0.14813060969026992
0.9815752396389144
14.4597139847574
0.5869651725915901
9.609940016012843
1.0029113518794475
0.09165439467687975
10.547316629701527
68.8772149588076
37.27677359644804
29.618213170393574
0.5547923487138178
4.148178588569863
7.0115939472852915
4.36628837234457
0.5758591887570219
4.711898912632023
1.1979406270038453
0.42586963900976116
30.190495886465214
14.925561174921313
0.0868616257866961
0.09024075583511149
29.89170154468593
6.58212618943071
13.863284293129254
2.307881496501068
34.938444816332776
3.7492422282484767
2.3489509148821526
4.43401316042582
14.329396814166103
4.1490082821947
1.9427825939419563
2.076983615079371
0.78254434568953
17.9432463925732
4.71105209176676
14.357594791777956
8.857148645252892
10.890069666391355
0.8391361742542358
17.24374575226102
11.62449477379414
1.5375454273926152
3.7189200235334283
4.587576179328607
0.3261418855654483
18.38569825936065
30.77078367690774
0.14200282897581928
2.3659416822447383
7.01346323546386
0.7174471503749373
0.08575527738139499
3.5286183297539537
68.35994480022782
2.9417756561779242
1.084140811683028
24.203522541105485
4.101117332469585
3.1262369003925414
44.440246970931184
8.11698966912445
5.809259786685288
0.23978232091394602
56.24193718035531
13.586223457070446
0.032321943413990084
29.554118424122862
9.215534691629728
20.93437234945668
1.7518506203996367
16.441156797780422
2.5689447341610503
0.20862181238408084
1.5095864007016644
12.908051669208362
16.635789095402288
33.13020955888351
21.91422034025527
13.447008113438642
2.62100908204593
10.524660683011462
7.802413693327253
0.8591256900836015
3.64685016401927
8.435762829198211
0.8187527650879929
34.996263967535924
12.329336897942994
5.7957464596001955
12.176508553297026
33.97973850124254
12.705444635816093
24.149784947538137
3.218231826547708
16.996817939601897
2.712283582535747
0.4811038247680699
17.667488437400607
3.3755295020964695
5.708588282348501
5.8171509103049175
31.38541815075223
3.073036441583099
2.002065333967039
32.1446668923345
23.504291164761526
1.6937811390089337
9.223679206141242
4.349467868119973
4.6495154081967485
3.854240309094166
2.580323338675953
10.489554005820537
38.955031521585624
0.8493209564876452
1.2562162760950741
1.9433779688624782
6.43116985143206
5.281086512513866
48.65739185964776
2.8758758859512454
3.354460346796259
3.1933176427592116
1.0097658512131602
1.0738239992751915
5.6055046619148925
1.555758083362889
0.05414388521967339
1.0617610744884587
0.3511022087513993
3.271111292349815
11.625225027648412
2.0730312239393243
12.76079203754125
62.53359950629965
2.3673360417378717
0.8288644739295705
3.408997873928456
1.2066070585678972
6.796531571406376
0.8548988782895321
22.084538914212317
2.1858024465545896
7.256018514755851
9.728937783220317
2.583342243608058
11.81512657994972
34.82918482706009
0.7483930698763288
0.44607864310819423
0.45563503420271445
0.23671600517627667
8.984348764177412
3.2547246763315343
3.905052958722081
34.062461133922625
6.736821828708344
6.033312861985905
0.6095397497192607
0.30717839685530635
13.539093957831938
44.82513195194406
0.5645719962776639
0.5899642491203849
5.496419655068166
2.2271030360570876
2.3656248163533746
1.983137201917998
2.310660813058348
6.159859967443481
1.5493880313697446
0.07385355741280364
14.915057138983684
0.6782036262702604
2.326456069444248
3.323784977423202
7.444772444006958
6.890341704940511
5.923182133650698
13.704149762081215
19.455500165226113
0.6040047273563687
1.9901549719506875
18.408206783067726
2.48723856399738
0.7068335023323016
0.23797399811155628
0.2563728400673426
0.9056434062003973
0.9756142558289866
1.2831523817003472
0.5012921165725857
45.487180895146594
0.7476325549723697
2.8211922101872915
5.656794160662685
0.2639160739199724
0.957369739193382
0.31756649146336713
3.365298052201979
0.34884209402662236
7.202327762537607
22.104799301407184
5.613386072407593
6.220899181775167
9.381306029477855
7.096505349396466
13.78834149330578
0.23084014770574868
1.1088975943312107
1.6594957048037031
4.1090839407806925
14.814404156524688
2.3009504200163065
0.7333548068745586
19.74958238425461
1.9601431584997044
2.675865096407506
1.023306930968829
4.7319079649678315
1.627717265717365
4.313696906730911
3.7657316702279786
4.8353868824997335
3.003387960332475
5.026107730041986
41.03191788460754
1.8668116413136886
0.41758631762786536
10.280226197915908
11.028326415012998
7.241774621670629
0.2751827548709116
15.159987497816473
8.222090974664752
0.06569174219112028
1.073802472303214
3.878839113160211
1.0254333651864727
5.023100112903194
30.760621190540405
2.838075240535545
27.381831767102994
1.8769948029221268
4.882581876205222
1.4633650965552079
5.028227534141479
3.266950197183178
6.194270771586162
0.96821992257901
0.7425057734835718
40.419719881665515
30.641017994152207
6.000492206636409
0.689585435364279
42.71240755595136
3.040653919964825
1.1545725660580501
0.4975464234157698
1.5700200764840702
1.2727046680702188
0.23916495344383293
8.41401943503297
2.1582376067854057
13.25757914732094
2.816373454159475
3.703439061773679
5.4330611899495125
11.599394359225698
1.9960984940553317
16.612624413835874
0.5182192994034267
3.6723105919663794
0.35271442910743644
0.2451323703644448
9.577651881623751
3.1757163963484345
0.2575477955288079
0.9175863399868831
6.0090901432340615
4.071294853612926
10.909487205142796
8.229282529351622
0.24347963073887513
2.819987015285733
1.185686961915053
9.623518411204714
3.2023173779962235
0.6438354389392771
4.614125147429149
4.0736544389910705
16.92651800981548
3.8082240314288356
0.8704737579173525
1.690421484727267
0.20756763777899323
0.5445529496537347
0.8705994485280826
27.09446973280501
3.3026656797192118
1.5090337794827064
0.04937304038685397
26.628662812356197
7.226687428123114
200.15785025412333
0.22745899338406161
20.876229328699992
0.19257035489135887
0.571625176777161
5.864069799597928
11.060126755939564
0.5988490679446841
19.681945875436213
11.617921570359613
1.1431008297331573
0.5129362700172351
3.2797830770286964
2.5378389857069124
1.2348972105937719
2.5778740770110744
0.2502688068525458
0.25935283658327535
0.44389102696004556
8.244221663509961
1.659202299764729
0.8350115082612319
0.18456631692606607
24.95539033156092
0.506474306464952
1.1491015608844464
49.909927224685816
22.162097735428688
1.0650376401099493
2.0290018153718847
2.6258595270810474
8.458165284548159
1.7447187065808976
4.047100900734222
0.7231448710263066
2.287472007195902
24.324081393995584
1.5045406523022393
3.3000908619833353
25.327557327909744
1.6495481178462796
4.7384803137683775
4.073739966876019
0.9819057455570146
5.345918039954995
10.01697394904113
5.623436061814573
2.6057249360274
12.900123772426014
3.209974361339846
11.573539654043998
2.0011314264775137
4.479322517603578
10.742760621309571
57.790782281073916
0.40046306015210575
1.311044345227856
3.165457174054609
3.5401590656802
0.45072281799366465
2.5055391740352206
11.403453372640797
9.593143908863567
9.127987139847392
2.0229400348907802
3.7888740412163315
0.2409170356550021
2.7912318039707316
0.07663699299155269
0.20699806493212236
3.9169425201216654
0.6449628597802075
1.6099999979087443
2.3344213785130705
2.1743397143363836
3.6817479123455996
6.607441959284188
2.40756478730691
15.834827757658786
0.8033970707874687
0.7429142949040397
6.023854040966398
4.907833882814884
13.083041832207527
0.6656201800506096
5.210844909062871
5.038957189168286
14.673567357516731
45.36363584375067
35.4181328308332
1.7953393973584753
0.3101150261609291
33.937300737838086
1.0764551247521013
6.3161284444904595
45.70106311111158
10.393921138314909
86.36085269425166
1.9935855702278786
25.39165627476541
1.2861895501991967
7.587966844563198
0.6779799396281305
3.5290548211269197
13.730536088078225
9.86233830429046
4.479585104516445
7.208266726305737
1.9894430283820839
1.3509284835963626
14.933155388691375
48.14467696896463
9.488735713883216
0.39856163553122315
16.47836352885497
1.5329280965961516
6.076987127285975
11.55354594246819
0.25495363710069796
3.3031756041491462
7.933940643888491
1.111276730960526
30.056117011899914
1.5337385744242056
5.063517954418785
7.566786137918825
16.841732916735054
32.09487200351214
0.18615800453335396
11.508993511284643
4.570163390864764
6.05011301020204
9.335538658149744
11.066322691756795
3.1245065051771235
4.886294644547888
2.7308247501205187
6.030781454177486
12.505590277185547
1.599462632668292
21.964125320759194
2.8143132424993382
0.5576105908185127
0.1995906081283465
26.461632221355103
49.795822987613064
1.9615629457948671
0.6324686148072942
116.3406503414626
13.668529019181733
0.2538638589394395
20.063179729706462
0.4748935727548087
1.2971302418482082
13.991580908063042
0.20034016915451502
0.21097483981066034
3.415437399162329
0.27997656081424793
0.6095717704629351
11.878225580363505
8.475345824073884
4.496985772791959
0.8729309878290223
4.934236849865556
2.6016931022386416
44.70485751965316
0.7898263533606951
5.5720372945288545
8.531077892585017
25.51243448466994
19.938827527592366
1.087426628186222
4.303606282333931
7.513604584481072
5.703808463797031
118.7932639382052
22.115695247903204
40.5380107359415
7.5171862200586475
46.54532619548627
2.279070505497657
1.0686012342266622
3.2784198985282273
0.5201945784538111
4.670737239794107
5.254661172963097
2.263724108091992
24.6503918667986
9.662598469240038
96.67049222194692
0.2955198135532555
0.38323611854502815
14.32728419288469
9.11790872695201
1.9859993012578343
2.0477896095944743
16.93611161068111
0.8104084783772123
5.7971989501711505
1.28136012518371
0.17156225984581397
7.794329479886073
18.264943281948945
0.8973182086083398
4.230894073982199
0.2693733327978407
0.9628438959371124
49.85811183469923
29.594037694587314
1.2527027350915887
4.397955977216043
2.17955178786724
0.4019289210191346
25.21191038577672
1.138655155300512
1.7214790004509268
1.9341437344774022
1.1384645868565713
21.526361646137957
29.300302832354646
13.825849895139982
7.655205427410692
3.8760636351362336
3.0500353288916813
2.5283554878551513
5.5284057423814374
0.3206220479987678
4.116814717377565
36.13647171305638
4.338060387781297
18.138530283325963
0.33607291568478104
16.284413359186146
1.8585372322268086
2.4778643520112382
15.877407697040326
0.5632087473422871
0.44259236303696525
6.903437553290132
2.744310788319126
1.7001332623549388
0.09222800156567246
1.1904212903282314
0.9040604698602692
0.9611421917761618
6.628666374257591
0.7343384029991284
6.342834606904944
0.4926906755863456
19.460786123378057
3.349258783076948
2.1801906317887187
0.8017561483720783
7.245761656224204
5.219802256891853
6.001463969718316
9.026464445731108
0.2378837288270006
0.5911147625483864
7.372044062703935
6.207861020662676
20.556163573204685
6.97166445089897
0.23848222671585972
51.610971256879566
3.919171423298394
6.48975410892308
0.003610381616454106
0.7544386968183971
20.85809448839791
5.266625865500828
12.766490466707182
3.350515963480575
6.000396032806748
0.07901965318524162
0.07062254472475615
3.789848458196502
0.6869006785309466
52.67331576656943
0.7110644681415579
1.5108455103290908
1.302472467377811
1.1139410554642382
6.971286730746215
24.74196152159857
24.718274602419115
9.85737292394333
1.1704327626321174
2.1620626252988586
0.5782069040687929
0.4130405764117313
0.4060283858743787
5.827820886777772
11.619522674511245
34.787182460411714
8.702128674962296
30.973472321478766
7.379805385324289
12.199368668891111
0.04001751284886268
1.2323852620174875
0.4706312346716004
17.083833802309528
1.804342402403563
28.64331880572354
1.5677353103055793
5.318111520689854
2.5795294662821107
3.7767835935410403
8.405297852499643
1.0361630388724734
25.27454043020407
12.067146257628337
0.14785755323100602
2.8049493874641485
0.08496051924521453
0.7834344791444892
10.042209839783027
0.357752217885718
10.675967734532605
1.9542668832000345
1.2705867405384197
0.5911959516051866
0.012245898120454513
0.6600674461551534
1.0718892217082612
1.730199412730144
5.064687354588386
11.059687525608751
0.05738611080596456
18.440720793016226
4.682692078942637
11.278703198753647
18.500832064190035
12.153132866718806
5.672845416655036
5.9097073447665025
22.9631201078264
1.5253463358567387
4.593577882282261
65.71365749144388
4.202971892736969
5.916354410226631
6.541660495087854
15.988655193174054
11.358887357771891
0.5824972734662879
2.24335450543731
0.19869372518951423
3.3819807080326427
0.029620951740071177
0.8258754810958635
5.60885613510618
2.1732905404533085
6.7151875811650825
2.681770107239572
11.432328560753376
2.8566267604655877
1.4310159016677062
0.06251690422868705
3.4122586083867645
18.171912377238186
0.633827963283693
0.7857447176211281
8.523104536849132
0.22739327888484695
8.187865460800822
12.863559799858194
0.896760771425761
4.373710643223603
0.03780594987256336
0.21382060209361953
7.384158710923657
5.397702240872604
5.328928337465186
5.994691328891349
10.867693465039338
0.2730210741792689
0.35380732862540754
0.3147929054830456
2.690949804135016
1.387243962555658
0.4176781772293907
6.2446301355957985
5.551247363706352
0.7867588472254283
61.9103275337402
0.8153635894377658
12.872653684531542
9.248322878473118
2.9888549170354963
5.396061840932816
4.201864767492225
7.319655717743444
1.547561914248945
0.03265117081537028
4.046910280754673
5.650156475108815
23.73690040415022
1.5985862356938014
14.261294633066427
21.242141735470796
4.0804289738152875
14.056677351531107
9.98704099155293
0.637566127388709
1.5718023452500347
7.834219694410422
2.656259644882084
0.18517539293316077
8.886582224800804
1.336581687006401
8.935791344836616
1.6083825918503862
2.2055421336008294
0.6434565440140432
2.0436690493406786
24.887106386879168
17.53597564959273
0.22242114525215584
0.572648302793823
2.071983294441452
36.565414247965236
0.04922007391724037
0.49359179451857926
36.0560492345503
44.53460120819
3.2995801042306994
39.58502348518596
1.3814005801614258
0.36903230093594175
5.155161310063704
10.293263818919513
6.126034931719914
5.471745115988597
6.626358402296319
14.56006970285307
9.69636543226079
0.9365846349064668
2.004175946512987
2.456731868231145
2.642819736054662
1.0510498871844902
2.0652854947693413
0.8026235608958814
23.128419099877647
21.399389283109485
1.5612263351868023
1.839833133690263
1.4243517723116383
4.862006883147842
0.018221503392851446
27.726325263593026
37.47260760854624
2.698674832339748
7.654946511920571
2.1022201862324437
21.312995904190757
37.71055364768472
9.701292825906421
4.815260031191428
4.542366223915451
7.1317410932751955
9.129030440639326
9.558833407128986
2.740144407889602
3.534244401645992
21.549890469577804
9.699445657639444
0.06940888576718862
3.683753636862093
5.202587514573679
7.428321875213442
3.7415568009491835
0.15871084881291608
2.772264769537287
63.25740589196721
0.6296575005217164
8.616695046985114
10.473283763203654
1.7010178311938944
0.8608717947608966
10.626966357558558
5.587120134940051
5.759562783146976
19.841135767397645
29.099633476096642
0.13110626929119462
10.590382461959962
15.06134502387431
4.715530822395522
4.079701363109052
3.0668122465176566
4.6598726830525266
11.481647950353363
9.590089549335971
13.567054646326142
5.376869991039712
12.372926954569266
10.781846480967943
0.00018865276433643885
0.012638390391657595
26.240087018857594
8.460956653645553
16.630124541323312
3.8518461620842572
1.780406850608415
3.4022822641854873
23.204262880830356
30.130652928000927
12.804223388186074
0.568788158318057
3.5669957689606235
3.087567849077459
4.900429919725866
20.856974557002104
3.0578126519030775
1.0552700164225826
0.24459692262826138
19.316158085472125
2.299193347655091
1.6534619607591594
0.06438135855205473
19.974335984006757
0.7159924951811263
8.771984635914123
2.261718428002496
3.589795882864564
3.5492155583924614
2.2066256303951377
6.011348590745911
27.634725443956995
4.9801905800632085
4.474922288885864
16.27120990419644
3.495830781481345
0.4484196818229975
9.855056839904137
0.7523210797189677
1.0367324500002724
2.1911969387692807
1.285244473892817
1.7950598157549393
6.1168199479689065
2.7062606753279397
1.6828093250223901
6.219732850870059
4.3744787029172585
2.0127848117554095
2.089973072615976
4.168608202278847
4.29974499500895
3.479313450272457
0.05635781047021737
6.962703426615917
1.0941495298866357
0.19576614815741777
1.0346386806413648
34.39966496300622
20.468382598206517
32.703074501994706
7.258718445747945
17.93612636613034
1.1520600104377081
1.2092619432078209
5.696813543672761
0.9390059203979035
11.664070241215086
10.54785333192558
6.11759527671893
5.054296254784276
1.1342404622846516
0.558650649174524
0.7696356704509526
22.213162999942142
7.537794395895617
1.0208018250887108
1.6305313929406111
7.520763735643413
3.52351551852189
4.197185435812571
9.856017486501514
2.077280030352995
10.285908652240323
1.8966912551186397
1.8679754967706685
9.346035721060616
0.45796262064686744
2.38206925769191
0.6920388038124656
20.217227434804954
2.1213942621980095
3.2294178992015077
8.426423989687464
5.002040736024355
0.12441671964916168
9.96822658756355
13.388548181268561
0.5835872564421152
6.555845211569249
1.1572242566362547
17.81756919307736
4.004507145389653
1.2533625926080276
49.34165405944077
14.62872226458785
0.007358995826507453
1.7297159808003926
7.573427534647635
2.301550239069911
11.9768026487327
13.41241123267173
14.922501397843007
5.16421070107026
1.946200380793016
20.121317583198106
6.04549098215648
0.3026038122989121
76.9143939510468
0.5109138625266496
1.056601570599014
42.07060059121795
2.4716875719204836
12.795742580619844
6.285026520570682
11.003603137658502
0.6889770694615436
40.089959810851724
12.179292881937727
11.338039582220517
3.124232013906294
14.186970825307071
0.3330707649474789
3.845591090634116
10.21251149163436
1.300945540977409
6.007425752166455
5.317309253732674
1.3170769754360663
0.2893589694831462
6.949200023518642
4.920687055859162
2.5543423435774457
0.9829835943201033
208.72727535607555
33.40586073086524
3.6955849325167947
1.3133755393682804
4.001221768121468
4.494263491156744
74.07291669967526
8.81451727163585
0.7332264548203966
23.584181679827452
2.4265353016417066
3.3573762661944784
12.304444843557576
3.4510870773046918
4.003893184406479
2.2384441132271604
22.914412717684172
6.986962368173408
1.7070731348576373
0.7618784398982825
3.8321724636116414
0.5880433140846435
7.881001461824781
3.2977619812154444
1.3849731040791085
0.9188509080231597
1.6767929036650457
2.9047488151809375
69.29043999037094
8.634973502754292
15.476521234078973
6.095685131236678
16.023584341139212
0.05281679978361353
1.8564759478977066
1.357669710789196
32.07967484515029
37.3982529212044
51.077043910787324
2.1951085866276117
0.5732019849529024
1.409722829277598
4.198124369693687
0.9452488276147051
10.031959726547939
1.1795696519766352
7.36119861977204
4.7558153566133115
1.1078473752895661
4.541629865838331
5.264211672467354
4.386062247245718
41.405263445449236
0.5907932155059825
220.05309315985141
0.6902798530027212
0.19945102480778587
8.01557924365261
0.8360205916142149
9.91473306206899
24.00504226977864
2.2996106290411262
0.03008654049335746
15.740443011323805
8.0663924239052
0.3180609628179809
0.3208938946518174
3.7862921740561433
13.286276850478316
18.577377659541526
3.143442116168444
2.000719952968211
5.9060369737235305
100.45922395831803
0.15245813318688306
9.27976480835423
1.0591361127189884
55.367010788868356
0.0646800917784276
0.05508093117532553
10.542953294123436
0.0760964482469717
0.2320624600215524
17.83095517169204
8.741460528712196
4.074757150803634
0.4523000732915534
0.09084977243401227
0.44870400703075575
3.2311710673566267
0.5406910016790789
8.423913770548097
18.04709609894053
0.6763996530025906
1.4305618301950744
2.511006460954377
0.11619179888293729
8.303616469471308
5.421226625527197
4.091838028030907
2.124386713396234
10.205842275227042
19.18377404398052
16.449273807258578
62.90123128088453
6.2115957460373465
0.9352103387536772
7.7767775524516765
0.651442614136613
5.402996674201859
6.120901029276865
0.24502155984009732
20.198547924148443
50.17426337605866
0.6480274636414833
10.89246233367885
2.10309614038124
4.469231733659399
1.8326005985800293
13.852009679132607
1.583483722213714
7.520969644403522
2.9720777515831287
13.087993150122202
5.1554558232783165
21.46010953874793
8.128490849539958
13.16341574006583
5.272701343361405
9.970516234938259
25.055416205290385
10.939672155378503
1.0429811149151647
1.0882632588327397
5.050527754257928
15.460502206595265
1.3072361369377177
4.624901494131336
4.396775575070933
3.9636541852996743
0.5714961504017992
3.316049341538019
12.678093996772077
6.189760383920657
0.022350037197611528
0.5424958069415879
3.4897067197453
11.852245191163092
17.65372504770494
1.8912679206005123
4.565343444002792
5.1647350858474965
7.05237162479898
1.2664371920836857
2.7746650139670237
9.566457351407735
6.249413408571854
0.1540501909366867
0.43998058919532923
8.324323353510408
42.6167161340054
1.4355507036125346
3.036128068692051
35.21251351220053
1.0808412680999027
17.76795105526253
1.4299066196908825
26.81280137475551
9.15922100343596
1.616022134450759
3.043755979000707
15.241190216474934
9.856348908757354
73.8683641830612
4.517274524583627
0.9484745567497157
10.112818334819167
4.598887813226611
13.205487172359426
3.22436963709697
6.123529433796648
1.487227940633602
5.064263162606949
8.60223451485217
7.061088120623026
11.038570833039557
19.66673898602312
1.5881707937114697
0.11982110599637963
5.01404443971478
13.798217262545222
2.1986902878270485
5.711246159586153
7.406213708465657
0.18934774511581054
23.414776236117177
17.81773228450038
1.5166865139544825
8.075578586300253
10.10621032799827
139.38780467612014
1.8930563843277923
6.863099460482772
1.189238023795042
0.003229177676985273
4.123433917091461
6.544431710772187
95.72224548102531
4.896310929096217
1.755697818218323
8.811818921734812
3.7872172458555724
42.760681494877645
0.942842553689843
20.2322709507971
35.07188926033632
15.649511053783499
4.05842894941452
1.126339691614703
3.4184987884909788
0.5122660588858707
10.859681656773319
5.578796503486956
0.23199319456762169
4.069706979807961
0.18557532248087227
1.872551091852074
7.893382040980214
61.27612581522408
6.81054349403712
2.083273028201802
6.405527585699019
3.539129511831561
1.96319433136523
38.54663769365288
0.46459751857764786
0.5515059882091009
3.8536616979254177
4.521169115883822
38.43745720145307
41.91469436497573
1.1222192267741775
2.2108061697799712
5.51620904810261
7.392065170413844
0.33098352927845553
17.16141369439356
1.3468850555109384
6.889186243861332
0.5982322077907156
2.8186289318618947
0.38691761870722985
6.169242482188565
13.621689632778725
1.5256218055837962
5.999929883128061
1.1126595403948158
9.543776328351669
10.034049132427754
9.204144895436912
0.20571595552246436
8.908196043885255
39.35373579169391
11.042909536230582
15.539074505184544
3.3272616511021624
0.4790372481875238
30.97491203834943
2.432757599726756
9.410123735277011
0.42953507371930755
1.1166496662408463
33.247270477066195
10.854221771856828
7.438476406947302
0.8992132994426356
5.053356471351435
3.821542361347383
11.136781151537434
3.1976087707407714
21.16381034292135
3.5302640076442913
3.164568654858158
6.610658396279177
4.156065895283973
13.666962080260419
1.0060459312699095
10.503484150729491
1.4508422079707088
2.483782359809993
1.9083457908964192
4.2512315492203925
3.7602837456688576
2.4846519117963908
1.5274286782441777
6.3388209040494985
7.786778341385798
2.9227413521002745
1.9457626227813307
1.8883661570289405
2.7305207932040503
0.08761520627740538
9.20007597836593
6.300422251861164
0.19673325455369195
5.736734775109653
6.6021657413111825
6.969920085030026
2.0956537524980376
1.0857203742671118
0.20630265021463856
42.31478430306379
1.1211733352065494
43.570087721484015
11.6365885193336
4.458293616364244
8.454141749683913
0.07036837837586063
0.7137420335384377
5.218260509103857
0.14854314920739853
19.453164157319407
0.7818054000053962
20.898395857329888
43.46599216119648
6.075016794791736
3.5144998437244794
2.308909859828418
53.73466310228832
3.1415158013369364
2.045053804584313
5.7372110510659695
13.981818091331661
3.1965432733522903
0.4545246141497046
5.186236724082846
34.28204720287613
5.120520986009069
3.6738457961182576
3.942877557121392
0.6875269302909146
0.009355377631436568
5.791754812693398
4.4162285178972525
12.535334239360964
1.8995438116580772
4.392618596510147
38.03944716720798
6.329016733161552
0.9949554422710207
7.442313672916498
3.800292130199523
0.12607075447886018
13.172460515965213
14.84881432835391
18.59448766416972
9.727068430071085
3.1679386647811043
3.7568264582041593
0.34536269407180953
1.1482942589791492
18.48068668882479
128.59738395588283
0.4792727168132842
33.22163893959805
4.1421120832746965
16.684146410101675
9.185693867249938
16.346410006808583
0.6310311101769912
0.6443377600371605
6.446263066241954
2.4474318650827627
1.2212702831711795
0.38733408143161796
6.895386447067722
14.713311660081672
1.471304319682531
15.592747501934355
40.64788656058954
0.28110443274636054
1.260647047078237
0.7329160032568325
1.0294909043332154
2.3223819868362625
1.6500775407766923
4.8737832041151705
35.43483882184955
46.69797457306777
4.739467232931929
1.4058173550874926
5.44492422798794
2.2539341921001323
2.0472069952011225
1.1802715171506861
4.339573746077804
4.320772864964965
8.438656738995633
6.44622783957675
0.6565268450030999
3.1304924341093283
1.3467615257359284
58.463307924364926
9.116014580333285
1.0458697817230131
17.835420776980754
4.974284257183172
11.84452987783152
4.978182002145331
5.811149963315984
2.639100896401942
0.6997041209688177
0.33037146212518564
2.9214787431046716
45.3627860771885
5.754707503001555
1.2935864871578815
4.309271675494529
0.1119096598631586
13.387503625112004
4.899263082093967
8.03049441703115
5.380155444134289
0.36810801221145084
70.81402092567077
2.078286362131621
5.614256453511189
7.956032437825343
16.284853274770285
1.919067497310607
5.16619196953252
4.574944736534235
5.206963488006295
16.94239783107696
32.69532467627869
1.7366661135238246
1.63402005840544
6.556492731688195
5.458371587450529
11.113646953435818
31.128045178156754
45.17587051518058
11.288699346026988
1.267711683518428
1.256288769778621
21.36331080153832
0.7572952841946972
1.9696633928942902
4.449045389275852
0.6436277410793991
3.197345552227489
19.027162163936737
1.989564791558223
36.41885511845612
0.6110772659667418
4.619201853176492
5.99769174062385
0.16212851043019327
1.2695314133270585
8.072198930949526
1.9147193288154085
4.542772857388627
5.127950990940008
4.110141289005696
0.9715098463675531
13.700240609101456
8.749385645893199
1.0087215448074858
1.0758505985868396
8.267792581995309
18.58093142771031
3.768857875791582
110.37213006985257
4.636847175697767
18.67815432556381
1.508072817192442
0.8497342349364772
1.735630469625903
1.6186948904432938
0.2846355592373584
2.6197075160707755
0.5002344194726902
15.439131682509469
22.42458859267208
4.733440421048726
29.264439236594626
18.111334307559446
5.088657259435422
1.6202965613265405
10.400573295417416
1.841125198352529
0.06612257091910578
2.8882000265402894
28.788302009303152
3.734360694725183
0.9693846515983751
20.40625895489211
4.22179974802566
0.10242202246445231
8.366642690903973
11.530946813596529
1.9868454602292331
0.3248781463589694
0.09093948350346182
3.693614607258496
0.4463383211332257
2.106406262584642
18.4494170493781
2.9196844235339086
1.4244340311015549
1.8899588058920926
0.9833851949078962
0.09505118361630593
5.680763868025679
25.091226138210914
6.620240497712075
27.225915449544118
9.373720256553497
16.024679281093995
26.735761707685015
3.464432056007354
17.512774376024026
0.022533764171384973
8.610596757775056
1.9814526128902799
1.122993970544485
23.59960737104484
1.559471057011251
2.3237753966022865
25.05652952694436
0.5982277986186091
7.1250331667215505
14.791109388985205
0.6147142829213408
18.533168878009747
17.379434903370566
1.7537425975606311
4.678123315276025
3.5039484491171606
12.71027849516031
3.6988921578449663
6.067961317959998
1.625015035380784
10.39108330964882
0.0969717059051618
8.678970548779034
8.30361309249929
0.9704401152484934
1.21509581825012
0.9647064439996029
1.2568312334187794
11.047598523098713
2.0447645545391424
4.510934034060483
4.016134026871441
5.334161864655471
0.2536253963553463
14.780754390121729
3.917159794793406
2.2433492544514593
4.038672553124343
16.33055006658833
3.7263132654152287
2.1156014475745906
0.4799772265214415
0.08044753308786312
0.7477070847671712
2.0501828196211136
2.378246049847803
22.12200364774617
31.095013410391402
3.75549219244931
14.903702439256449
9.240785167847207
1.4208987936581252
69.35592638870366
11.941582047929842
1.1261512734054122
1.9292717210955743
10.84737872016558
2.5779823848315573
13.634563713971147
2.077913963563333
0.8508318068124936
0.14506370471281116
26.602643096037355
0.17213321820963756
1.95247996897524
1.7290774415960186
91.36922352257534
10.175103281329939
5.084389338549954
0.23259716562461108
1.7191292473544308
3.538866688737471
2.210274136130465
1.9311680507271376
37.92499804828185
16.528304885618127
8.041270312081906
3.3448056668567006
3.58404881311435
4.325935222506814
0.7158454045420513
4.770897541118757
3.714346270164242
1.01185958964561
1.781264724486391
1.2522098142326286
0.6705753447640745
2.6001295835594647
1.3644097962824162
7.75458804376467
7.3850648089028255
11.169442634309235
33.792536433727946
0.5675213147114846
19.104066782587324
6.407050420235464
3.102089206346136
0.8608996654220391
61.35923736455152
8.848211238298973
25.14590755330937
0.23267361413309118
3.4003780229722906
13.36709562546821
15.905127724770864
14.295211084365292
1.0872741482962738
3.681637329780642
1.4484080049442127
1.3768309431907255
1.0808921717907651
10.288348699978087
10.744346854211472
1.6509597136282537
3.9626398027685354
2.1091404447906825
23.41180464583158
7.545069783791405
25.79921277480389
8.701019721967896
4.94480253567599
31.412062791478093
1.5826105115374958
0.02204597328818636
0.9129627668226021
0.194410950945894
2.429136510621902
30.778410179023922
0.4291602705125115
23.00901871493261
4.0007191572622105
8.445192176892306
2.0406017109817185
0.6069691360062279
6.344921211650217
8.937286057695019
4.207965015677473
9.500325814449752
10.72475063868842
4.163639937996777
5.593548765511514
1.8880521189894353
1.7858472291954968
7.3304301828102325
0.7434250982187223
22.151030736502435
3.6888250298979983
1.4140667290885176
4.576734754900826
6.565796800816315
6.45956914650742
0.07914167953640572
23.445785716510727
8.473106830602774
31.847481145188794
5.140848917504627
14.318554809426132
20.990988229099457
2.32449723055106
10.639671186181658
3.047713372954604
19.302455711189396
0.011419626705901464
8.251403223355737
3.407544475641771
62.77271799052687
14.671473371789034
13.725070822078123
6.335157828281808
0.27447149915315094
16.412261917299475
7.141424518405984
22.529824333159922
0.014591257844585925
37.696200762646185
0.08833765794042847
10.014942883859476
2.3172489883727394
10.802527613686834
4.528260642320674
0.7404760428071313
1.4941129547296441
0.9440164934385393
2.1405506427327055
3.85974272877138
6.193928491516999
11.22649054750218
14.648375880748063
37.19932173547568
9.932487619673338
12.387970028739801
13.004778275771969
0.3311504365556175
1.390206208670861
2.3135994258082064
2.599352804292721
4.768773701835016
7.7609563529113075
5.041791121962888
0.8593048099064617
35.20351444416883
3.956606067982648
3.2287312196131097
22.175640133496927
2.0317612348808325
1.4768152115830162
1.0072032491480059
1.0630368264755816
1.776208198734821
0.9570612574862025
3.949599598232453
7.385001202725107
1.7497240578159108
0.929639188478177
6.262820454307075
161.61646651821502
22.967110094919917
4.42350025192718
4.489935419322137
2.999382812908152
2.706746482010203
0.7478352370490029
8.236615485919174
7.995047043827071
22.571618937217863
53.71494833929319
5.765630146910553
6.80073593452471
0.07956896204632358
2.924293479114567
2.363135833053093
0.518612466603372
3.1223986165314273
69.2859654139138
8.421381496042159
9.266353990464268
23.85848662884382
27.613812520310603
13.367112661424471
0.6104827347153332
1.546543201089662
1.6257018011929176
4.257881523495598
4.596198856084811
1.5474307295444305
0.6398208558421175
4.047295649175794
4.113254405900079
8.374105262730154
2.833697982652666
2.560839655048767
1.3577549721121613
22.27190563894692
32.44951974162541
4.300177777357021
1.4330170808025287
6.89690513471578
3.2301931391702965
1.4996866648143623
9.824089165409532
1.382046681963402
3.6809756116199424
4.8638958634473966
3.206892214155232
9.70562808849354
48.22463585382866
1.046706523597095
1.3382403184150462
0.932787271678535
4.096483709068707
8.738846830005059
1.3942885330216086
18.85297357082527
2.7968376116186846
0.2543893045185541
1.1285160019178875
4.135391747477115
13.549840613719425
30.984503570736706
11.618744022664032
0.8514476658310741
0.4659123424862628
27.60753152795587
5.800096507606213
2.501453847577068
1.9135158203644096
26.321893299878866
2.612524720647343
3.4266151283300132
2.513678193987289
2.7372610177844763
5.240610710905457
0.10570784979790915
18.407832579039678
19.383455567232886
32.883995683005196
1.8382568947308755
9.609385681567801
7.284251289187523
0.73014906928438
0.22104021195991663
0.5085914567389409
5.826896829010366
4.286896747355058
3.4497093794307148
0.6711811481691257
1.1256164121405163
11.426152025665942
95.87869068247892
0.7652734204348235
5.278810466112191
2.912777644341986
0.8997647485630296
3.339691552471777
2.5931435611564666
25.378417498202907
9.064510852516833
3.505092732495541
21.973908203930478
5.291141647383483
40.83506066797054
1.1242828959366307
12.806192845524492
6.661225348390872
3.06272510587587
16.21511850306706
55.520713412992336
19.29695684649778
2.8640939466095006
0.8639031641614565
11.695104012422235
4.599649618026888
10.302453926818998
18.71179221622515
11.29532397685034
0.04574917100399034
17.01657976118804
51.134379805687786
0.7534076842675859
4.354761214970495
17.416353838907526
6.082293364153884
1.2335065824809135
8.47642090611771
21.211969840162055
12.1549280094805
73.76165416421281
0.8742518799226673
0.963119371834182
4.10619717661757
0.4103406943322625
6.8873049887079105
24.385093537788634
17.798246451751766
1.4824255249150156
1.888844520366547
1.2332675763573206
1.0828274297891767
0.10174699878552929
3.4025488069091807
1.9412177587728365
1.191820985655795
1.1866630929253006
0.4930753294211172
10.37733792373183
2.8416429274802795
10.660289622239361
30.22657848802919
5.631539093436004
48.49554112679107
7.881561479382071
28.060813255859102
3.5547397402478964
1.19625462917611
1.7162768733869598
24.979928138625837
8.394998337869765
4.9009728193959745
9.586273590575729
7.372067676980805
4.325933651718515
0.6168423698109109
7.003080566897552
3.2696544271093444
13.824238262892322
57.61007526551839
2.7921311017453263
2.571559805110155
3.1890915309268166
7.0328921028922196
1.0333933875735966
0.15528112524043536
0.9789595439578989
11.934891838391195
44.1734974317842
16.76641706443843
1.7460877248195175
13.034834433263313
0.9553752574174723
8.13351898698238
22.24930435719216
1.1041716754734807
1.2035447593952995
0.006379304140864406
7.285690404696652
4.246756870481477
29.90549652000118
1.0617891146939655
24.079794826728175
6.470761138411035
5.772358758506016
0.1925011925122817
0.008735660478123464
18.02395421584515
4.542591742880177
1.300464388459659
6.389946825674997
1.463662461417698
0.11002910901879659
23.241808898197633
2.290161290085962
23.048217082436167
0.3729507080570329
0.7259774100784853
0.7078036557140877
10.209032345650485
1.666471466578514
0.5458539242354163
13.793332604058378
0.06067967659328133
0.2893224978033686
20.205797131056897
11.29597093078337
6.390440458562807
0.8643817133452103
18.453938021193608
12.635026016134361
0.002904759625380393
15.688151351529086
1.1264443751933868
117.513878138172
3.41204549437316
5.422267227222619
10.828500397041353
0.25115574885785463
9.495471446771262
2.175713916458335
0.1828412690483674
2.448959902052593
0.3266751840019424
44.02559214490611
3.6341221929324092
22.044821350296843
0.0919541533512529
5.203734853701462
7.249297289978131
1.0665054328019323
17.93865107763122
7.509618503489037
12.080628972795239
18.402095927976916
6.893313750533707
2.748007842881634
2.7369503377121873
1.841605934445397
8.310038432096917
12.789236167718627
22.469585201877635
15.265102992303582
0.8582844554985058
15.303762381201523
6.050610424710612
3.35372551119508
59.686927139649924
15.020485198165261
0.49753405082810787
1.0652750060908147
3.366961189210997
9.781236995731888
2.146061363055196
1.065217208069953
4.036345399817947
8.489803183081676
1.0827460630753194
0.15883054447476752
0.2994821490756294
5.536315364697657
1.9295644855155842
6.706590111974947
5.388915497198468
0.532850624553248
16.63354412027911
40.39475499346736
10.601695700537675
5.432654325115436
7.480299769642443
0.10198345638491446
1.200852476311411
2.291328523915581
7.472968467609462
8.634111849933106
10.681521035239712
20.522967330398387
50.18572246879921
6.22237140947982
11.77242290698996
3.9175317033514148
27.713594528555404
0.6525094686439843
9.142578460785444
1.2979460801834648
18.764618487566622
6.098769048141548
0.17389560350420652
4.21174557523409
0.16628264042446972
1.416648503709439
0.22957591723752557
14.566138160316768
11.383765092519752
1.199832317597611
55.97659656090764
6.081496340015292
3.0668789281044155
8.4163972399474
0.21364012082267436
11.446335085136525
31.446788554319937
49.222517407732084
36.367464148315776
1.6158089114906034
3.16196909530845
2.9405790287128184
0.4028565765438543
53.95028193989492
27.211072221667564
2.07917171765439
0.9849810276391509
1.873045307216671
0.3781847351528995
0.47566676932547125
0.18446544247854035
7.754618956900231
7.702058784070687
3.6529419128855807
1.1956455113686388
19.56284458419759
2.9136561403647647
0.4263286273453559
8.102180327285168
13.405322708960739
19.083082994635333
2.79000638425714
8.512487745625549
3.3976685164707305
6.137866233646491
7.060823638883448
0.3616034566730377
9.705806811241928
6.601052493784664
12.399778444239928
33.69691732605861
8.621410646584991
8.89373086762862
39.7758754951501
0.3914148932308308
3.9784301234030863
0.05184661560997483
14.652354426867532
9.141372749338188
0.9318514704027621
9.294134770767414
8.390086697610968
150.90568776054715
19.823361508850212
0.41618483179991017
11.059272035603499
1.0790723456884734
4.2239366949143005
4.404773292615573
2.53301954401104
64.11985116271171
1.7950813487914274
9.00745122168155
10.86301856967475
10.07236956417546
42.37754803544158
63.42725943246478
7.119705525252357
0.031410665844305186
17.233931317747192
0.4235830669495044
0.3196875577668834
11.118768998861924
5.3985654626339965
1.757558228149719
5.162980163448083
12.80849596031112
2.537964112467307
0.5215545669452695
0.3910751418188738
10.03257659242081
13.833377698818367
0.7691383860401402
1.5050300923649047
5.305801560542022
1.2996359267381195
6.702613589830435
1.9377307334179932
119.42900536061643
1.8133144886051014
14.038412836791395
0.8577034331246978
0.486492605163221
0.771925976867351
0.46939132537227124
0.8694118372441153
2.6851408717266168
1.7714275018333865
4.090312374148198
1.033112120047008
37.315271279054286
1.9764013749918377
10.141362814829336
4.142758507274266
12.317868221547542
19.333994751010323
10.78596720529822
8.692268686882016
45.781758900997374
23.010976777470205
16.73271593724712
0.078388205034571
11.806935858305224
10.595344621640834
22.38525325032242
1.052376784507942
2.0366984219544975
10.15911551062527
1.7589741757437878
4.815755192284996
11.201298537478579
2.4120186294749146
8.248106367533182
6.754915481720673
0.26567153525320464
2.1095475051515677
29.12144905140667
1.6038050306415244
14.08980763123327
8.685208300827071
32.25205576215376
4.926315561351657
0.8789413356898876
5.506727351574227
12.357180538769171
27.147480418097985
1.1554559691903705
8.113837977252842
1.5945835901038663
7.729730026669131
0.22307885729969712
20.914340469025774
0.4460525474314636
20.700859757653234
0.354757928638719
5.420797350303474
2.318155953184032
4.451191562118765
58.3848392573891
20.88872077497581
3.4332571256636584
6.6987667475041235
19.920650345025933
24.70843232392872
4.832026270240021
3.0676328856279724
6.642650249264989
1.4666419921304623
12.841665597683459
2.5638617507502204
1.987103930387093
1.8097235867717245
2.884624704820453
2.227491063742491
0.29257088709346135
12.41128668039164
0.7547070065920707
23.82167290351572
4.293384172004153
4.095844955747452
33.91221725655487
6.9619528857656405
4.867823671320366
7.407367998155678
4.669060393112886
0.30630373615349527
0.5688235068555514
14.37026641238117
5.4077827651490225
1.02883669727089
23.95688459150915
13.170165279108915
4.902254051343334
1.5262042353278957
4.795848542173189
7.618001192608062
3.22755775049518
31.224769644199114
0.2511215032573091
6.390789377932379
12.706221760628978
5.229347276264889
0.5018367493939877
6.471288984397688
8.401330720353144
3.989757102182921
1.1347171927154704
6.939594205578032
24.761664615747577
2.7785718275590625
6.702083847125323
5.8148327244962275
3.3245487575622974
2.830376391077152
1.8848265994856774
35.50946211531482
45.70372196564858
5.341955184172548
1.227994969649444
1.1115428439989046
2.145914693843224
3.232368473363749
1.7249259077507304
6.940029422497901
1.3770544460385281
1.842056251160102
10.87812485390532
4.846498119401076
0.6083003297026153
7.208153943331126
0.5487426753425098
2.174921370253287
3.3338894337830425
9.08047055310817
27.50798682583627
0.08246162615614594
2.73749237490847
9.433359552334878
11.44424243832691
1.2368375130245113
4.656476786283747
4.828075722762151
15.013519695708965
3.1621423786746163
6.049744988489692
0.29623380141856615
3.78391602946067
0.613614790563588
0.6447163168086263
7.312462195463013
1.432761941148783
3.272313258086797
0.967743660639826
5.011506679755257
29.361119343855535
14.538430217548012
0.9576752669745474
16.156380510510644
14.42164104657786
2.109386458148947
0.8717317057453329
0.3534485774980567
0.13481302066065837
18.351263930322602
32.419221029180335
24.783706838497892
9.463297061840422
0.28411354045238113
90.05194821962868
6.337997412691038
0.2986585435755842
5.560772296248615
36.58231347896799
6.401879274428211
0.6978388570641982
0.41724293399238377
0.6841520400193986
1.004727047708002
6.874380386234407
0.1823408049531281
34.94623988980675
24.375588652514125
1.8285189675807487
1.9853760518235504
3.8745804949721787
4.264961853812565
2.323512129867595
3.3927900605340255
68.69403533040168
36.19697602920496
10.25804412830621
6.904561465329607
5.246748629670037
6.543740421995608
3.833088253148162
16.729945003829926
14.872192215261748
3.5032600540253043
13.827560738642205
7.842237784669123
2.0744232809738605
10.129199945906294
5.897227352819755
3.017449942886742
16.323186608406104
10.246754598436382
1.7748087245017814
44.59073383871146
13.359178336384502
3.1326560283414437
7.640141884359764
8.966505029507971
1.835484255276242
3.2875036467703467
8.588979194853891
3.5576258976689132
0.6990708186021948
10.863549439782219
1.858058014549897
27.070255367762
0.20556743434281088
0.24632735813429463
7.077499941609858
12.40004344020781
20.802548603773175
0.8985795671542292
2.3935535656601132
15.608441608488647
25.185223988533835
7.928683975620515
1.6489720749596017
1.9898606795941305
15.285987469669635
7.428614696385921
3.4484676797437714
56.48218116600037
0.028587146822246723
29.322806053045497
2.6341869369462074
29.51704875111318
3.953884158796427
3.1840872060784022
12.207247006441321
2.870430603339628
2.6238850048248423
0.7535435650024738
53.811794537465175
3.814667825896322
34.58814535261263
19.458540879139036
31.19272052355882
2.8921503735800798
11.511554134183825
1.3733748717204435
11.556121544752386
1.9121419115290337
2.3694937282671162
5.61101542261531
1.2503888011233357
18.37602239260741
4.350547657151765
1.1699498005873465
5.259695855645987
2.0810417358152336
38.21325714146951
4.007119832120225
1.4230997686245246
0.3242453473540081
2.200618705304805
0.4388083084631944
0.049710118346411036
12.217476764042658
5.2207855460073915
3.9743054553036927
24.30060725185467
1.1437481930879585
1.9258369225499337
0.9069749207628774
8.731836480154016
0.4392530324330437
2.3614523885080416
7.631877938387333
3.1377262186651933
0.3904878476932936
15.659264316789631
23.138108668299537
0.6368354411424662
2.233514493902476
14.347256941513479
0.3418073544125946
0.49007900967262685
0.664933829986694
0.42911981168799684
19.2186967831949
1.2007477803563233
1.8824435115711822
2.20913731323526
10.41189591118382
125.50085757541456
1.324804056668654
58.382814820695785
27.572569198182464
2.171639771939226
20.94810139297624
1.2018457232043147
0.6261049848253606
1.7762322898597631
0.21859098349887063
0.348288563596725
3.9515669424690714
33.94317074695573
1.3385104027438501
1.4330257438887202
3.2958064565536915
0.46800309890750214
2.7592889108491363
0.016527476895134896
16.962556048270926
1.800499763852713
100.73867445295036
0.016626746069960063
0.9968048981463653
4.204639133400633
3.5579637334885774
29.45892717755123
3.580045418937516
4.441189424436743
1.6778670246058027
1.2445153267290152
2.1355663397043827
0.5035069205623586
2.2293848345834704
3.405332467133121
1.0643668693264772
7.93273848498211
0.0871157702349592
1.97431638195485
1.301809395863529
7.397014426111127
8.311756477025483
52.97774375264635
1.8666624959078035
9.503343607899296
17.02828065700669
26.796015837451705
18.121336916621658
6.349331930341577
1.799085593334894
0.639697093210998
4.651914987050986
31.06319372613507
4.368045104060002
2.962101605749922
5.822799871210009
0.6534735834065941
32.26795691642474
9.979907927216118
1.706080077590741
4.200380857073469
24.463720513125736
4.988936137429846
1.076020537500881
2.6185017822645023
15.33114351740005
2.416042126380489
1.5845024024456507
18.88983661909151
40.51692924832241
1.561458197029424
7.883157057589415
2.0000140925731102
0.5611048529717664
9.230942555466754
13.827489865336247
1.1158702952052408
34.51557005770519
0.08131251020313357
14.98294501834971
2.65785959175264
3.3330414476877195
6.206845944499946
2.095364569919184
5.05273055278667
0.42146194832457695
19.211113161079993
0.7560997626569588
2.6454932029737392
3.5772588816726056
24.52849361387416
3.7274406207798165
100.45281633092236
9.206923416459176
6.636986886558589
6.807454412803054
7.728353970389435
7.85629645354129
1.0957316914282274
4.900713220537
10.117395769313589
0.47242561749590095
2.254721221572254
2.417981404978491
6.737838395598374
0.20620468959168647
0.09830506841899478
6.224442758149962
0.26207844979217043
1.282428285201604
4.8982898790090985
39.551586909972684
2.0679574277528445
44.78394355973796
0.37472159947355976
0.03851823518562014
1.0023729316017125
0.4944023049210955
36.89751265702944
0.4511292783099634
8.195440497791424
2.903929278261785
6.9864819770737085
1.1068224739647121
13.026712188042438
87.34346740165347
1.4459320361274877
3.811394139294862
1.2187512769196474
29.591863894598646
27.173778133597807
1.6454902220175427
0.14135148026616662
3.799067579653638
5.267913973810209
10.279578697951365
0.18681242441743962
2.32190342991089
5.086721419451351
0.7160952775848273
32.69311338522675
2.5738217256257485
4.4258485017489875
3.9607618833069864
10.657984317378578
14.247476543689118
0.5123097705982218
6.587817781572085
37.008252264880866
0.4784027177702228
1.6947024402106763
16.42673832420769
38.779661872355064
3.2839235916871985
3.724518922575953
0.16635512587163248
1.9130800289131003
16.581466032363096
41.478961119682936
4.4656573905595
0.016693143097654684
0.4032152056643099
2.6436275707237655
13.532601902395982
3.069241264118318
0.5975223180139437
10.956390968713094
0.9670130847298424
0.5224493979039835
0.7855747729154245
0.371309597252548
6.007933185544971
0.26420130083715776
4.40783196267148
0.37010793186709634
1.8527919304760871
26.443977179769718
11.421044430368056
4.956586598178546
4.4954101476796495
0.18595102918698103
3.5946381526264304
22.332644223366515
5.794685304117593
16.153648923966102
4.771538070875977
7.939558695197775
8.475158488956367
0.46629362153908005
17.09234584834121
60.28949428566921
3.114271542752249
0.1366287161326909
19.170546902423666
1.2119414682892966
1.9022472430478956
1.4688951863136026
4.899997961467307
0.11358941103389952
2.0432784336408076
4.533288899870968
0.6306998170366569
20.33209772828195
1.773372613482934
1.0518813494163624
2.6328516079302062
0.3268446681504429
12.181622577158123
6.788183441400179
3.9239644778463116
14.026449794186192
16.943536380164005
0.9932553322141757
19.084577675064793
2.1799544563982636
3.335224561582436
2.348883918057254
51.29968015324266
8.773728527041385
1.9860890777599707
32.91221542697167
49.11741174162307
0.6990824578861066
0.6950773765820486
15.42558770006508
3.049704847217072
8.477176265783783
5.915160522868973
3.1038736248483474
28.93970058080231
16.583478996712074
7.207249397444684
2.4832059917825973
5.460776169435121
5.315816123635159
28.705278360499506
25.02568419635645
21.870455169868364
3.8750569009789615
5.688847281089693
9.239885708124348
2.349518029979663
1.3722930890326097
1.3216651292714232
8.748351572834508
8.836746113749541
5.232730435694975
6.619147320710908
4.533138070211862
1.18354603566695
6.317139023376512
3.4112193255314196
0.6420168563345214
24.52234726770621
12.71057557808308
0.06271446769096656
4.60921773490918
9.064216338505503
0.4492198026928236
2.565807421120553
0.9881803577118262
0.2787458071834408
3.909822975514544
42.915182245913456
3.8095945246968768
2.346856836673396
0.4587700546035194
10.17702447245756
1.0766567125283473
0.38233951984148007
0.018965663522976683
8.398761819025822
0.09664685983443633
2.409288355062017
9.550930487694131
1.1785120963941154
14.369363853198593
5.890496191801503
3.9764842158692773
36.83483717682975
5.644207325447496
2.2103781252335466
29.737432674952288
8.951445759583294
3.3096219357867085
0.42264750037065824
4.961082263329445
0.6955141962025664
3.1498568137249094
0.746931940986542
6.538597636867053
6.855375660146819
8.492552558942407
24.639794967428315
7.765798221571458
36.86332099759602
18.79803103127415
10.844777212234476
0.030039600242162123
2.85944843280231
5.293129417219461
0.3867676100890094
33.79868432082003
6.823331838771992
6.6166705658361025
0.05365056298614945
71.05200756348859
1.5981644689964014
5.83407596502002
5.313614737871831
0.17675732087081997
1.5473837966201245
5.936264831452718
0.3071149313800561
0.9590541707839293
19.621064000304614
3.9266006706930057
5.09684790632673
11.131027910691046
9.825280305496563
12.1852802889116
3.8911061375692952
26.838715865909762
0.2515775477513671
3.874802651029313
1.2171716796947294
3.7431233694842376
3.7517996095375565
2.713354287450784
11.57795653843641
22.27986951670755
3.6823806626853184
2.724878234534117
0.132185553531599
5.410487708322762
2.264545018213539
2.4154368176568823
16.813588924320356
0.9700604454374115
19.489850708152517
33.049308524347
2.287749299353891
24.037384695500805
6.306613378939801
0.4769212134015106
0.28262170338712167
1.7844933967171528
8.333765754679916
0.7135456654541485
3.3069647736338084
15.647808153407823
2.6138023382118263
4.4875557892301
0.6464997968687385
2.5934332363540307
7.003471519281447
9.370447064356995
31.150306443694717
0.47748399060583324
20.41540159393844
8.692347954438446
1.3239968070738541
6.5416781341155
0.21345390997157665
8.88183418411063
11.453458080755809
20.00624650865575
1.4016280515061226
10.934622300504998
14.148208140748466
7.929938124096225
0.31632437939333613
3.9531084148402442
1.0391653752085404
0.6329944102726586
2.075664913376386
8.119071142449684
4.659097154239134
14.52633892535232
12.939476065668714
8.012366416936857
0.19876517260127002
5.557458625087747
38.27285650774138
2.4078548086472438
0.9438385170324182
1.2220580695284298
77.15467036194968
3.5046493321860908
10.066935322891368
2.2496628666303877
0.6211366850257036
10.959760752561124
10.486066909848887
197.43704121152768
0.13251441971078748
6.311162160101958
8.461032671035355
0.2756632329619606
2.511230338146561
0.018718768831604393
3.2242371491847734
14.47539567750573
1.7799598797537328
12.278328415999567
1.2861606254955404
5.97045013431125
6.595588762393163
5.140424907844135
0.7110931328279548
2.5311353164797765
12.736656980614498
34.08422351781701
41.37692429193339
4.2437134411411535
9.455010013174615
0.31757986517914105
4.496208636785013
14.782509140757611
3.66050826189894
4.478208281696425
2.646224525542493
0.42630771947005996
0.340744784247363
1.8142775982196326
17.898711155990895
0.3655840420833556
8.813170127916237
4.8654177090393205
2.677226895753847
5.762546116733574
26.541959369307733
2.0676344501553103
22.55869709603212
38.6351118310813
1.6319742153718835
12.90846215030615
0.02777586410593358
0.5925617453031009
0.9336375162238255
9.299768771306844
5.302914107487595
0.8663941305312619
7.322134698584705
27.261059582066082
1.908313372372504
5.050360942885163
13.447960937675816
1.1992304181912914
6.276070541654917
0.4570579768223979
8.94450507246438
2.3195895457938605
0.46750914396398
2.3792740682329168
7.696179502090672
0.451739513900975
17.50886594532858
18.361389392925048
5.901282566854206
1.3049134272187075
0.25334113930512103
8.58575814692449
1.5579808094335021
14.051910432361183
0.7853117300801387
30.76833598831945
2.58142344623775
5.227796065326402
19.992386538913706
5.736799493632134
1.1407008079477237
1.461657512052625
12.232478905727476
24.000432737986557
11.712450994593382
1.4379451635613805
8.204231292646
2.270504931489995
1.5082890715748363
1.6301996505899297
2.403982271800487
3.5342087460521725
8.48583763343413
0.46188329524738947
7.50166267944951
11.012069469932612
1.696827393156127
0.36232757997640874
1.8600845479268173
3.3992129254438623
7.4602877909637755
15.101199361481122
0.5307941691789893
18.367722375256562
1.3393525760511693
4.196312010590191
5.727265827878
0.8742718903013156
1.7196344938893162
0.04181409296870697
1.539363025502098
24.759108217251196
0.2932333438184287
22.045190525204816
0.5622555446461774
52.42384522185603
11.816554233853822
0.19471586629151716
2.7985369955531496
23.538873186662386
48.260528575036005
0.05391934927683906
0.2927984674061008
5.604905725940625
20.951576042771194
2.6355907776232925
0.5694087123665668
3.787843273861654
0.16929453871125588
8.794088063346862
2.5573951349615527
0.03229013933378155
1.1082863339870528
4.187864634626749
0.7417425017738424
0.14174169252510183
17.28865806983231
17.192713461830863
15.547456959538977
2.277224642573856
0.6609948500845348
21.30638568042923
0.5431557703159342
5.2681831510562915
24.300766259326338
2.456350038301025
11.514880897429975
0.6600826828907884
3.757216583850095
47.11964611411895
2.27609473355551
13.781097511950065
2.1773775362526067
3.9031757346601808
8.904113965461875
1.6652831033570692
33.62246767034594
66.13749004748752
6.914288312906137
0.12593835048392066
0.8891397776606027
0.06709577748551965
3.694551951281028
3.8888420818657323
18.7399251266761
5.204691514139995
1.5659584783825267
11.31126147136456
1.6689109645958524
116.5491194675269
1.6058513907555607
4.331518060102098
1.353136572335643
4.620118098457169
4.219374260614131
4.253044672725082
0.17263074888978736
4.127096774831443
112.7023837779343
0.9644205450094887
0.3039284254082304
2.3737650031216617
0.9087464702206489
2.1505248262874375
10.051920446916483
2.2494950930595223
7.01767580791784
3.796578752248024
111.21566718904069
6.307629800550785
0.5074031145522895
1.1366276026747073
10.22185568587156
8.456623182119074
1.2770867589242698
5.916451153054368
1.3194222679012455
0.9869722844960052
2.524155165283446
13.364910122265428
2.779876104086725
6.809145937742869
5.87712604900662
0.7492643733276054
3.248734513108502
24.115624331636354
19.046466874071484
3.835318477209512
4.641222256130277
7.520055266817508
6.83757372724358
63.72539533219606
3.52649592508169
4.766231921050348
4.9538238249660935
5.919398331123375
34.81940335167019
74.46657482313094
7.618590689555276
2.140822898647457
0.9913326731984853
12.577269419332879
12.5215068606376
7.172749145061971
1.8096853824572463
8.399491780644894
0.48452689873374766
2.3178519506691373
1.850433728795906
1.7282810171564051
1.7342616646710667
96.83445733024928
19.093172475753818
22.83393103369235
51.59880731925659
73.1038227666977
5.681048454691336
0.8267978472758841
2.1255163608475414
0.13216913352516713
0.31694774555944605
0.439966417481628
2.0520042484422447
1.242986418405053
0.6486526540393243
68.45275525714533
160.93104026586298
2.6570008191010857
11.91915992239592
3.233592952328763
0.5556072089530062
1.7563764751321287
1.4692266794481839
10.763815795122355
4.786190336981235
1.169475592130766
7.139337808028358
5.759750148426974
2.5769761242045206
8.723257068002567
0.9897896219226823
22.357381269630423
2.113687723285693
3.7780510815464368
3.2635666599453543
7.279208611114882
18.1375982875943
0.46561351920172456
0.3303579902894853
19.220258485289378
6.389530926968291
2.5265817118561245
2.658588901565963
0.23877240134606836
0.07423027451295638
2.2632688265621255
0.28822088945889845
5.837474598989502
0.41772935791959753
9.014198279830453
4.977072071415023
0.09516576632449869
1.2194059290850419
2.126542113670439
3.5050821032164095
0.36083814441008144
11.167521823586867
12.318122434349789
4.684311067427188
3.3150903351524903
0.8311826304561691
3.279663233082829
0.5231027757217817
45.34681494315009
3.5875495882719406
0.16602748400327982
21.74900575211359
3.0489975056079857
0.8354169194644783
0.19230372177844401
17.511784406182414
2.7471056277427124
2.4169739203462086
1.2260483136597031
4.001958969507541
0.6770930473430781
6.157540423031605
0.10328942586420453
26.559386344593804
1.8084172641247278
3.3677332762017613
1.544418454694096
0.5253045892168302
4.1214160573763365
2.129542374979792
1.70614365793881
20.11047600958409
4.271924183041847
3.410015783196286
2.2299604346881097
27.110238856439537
16.54250883304121
1.9307293780511827
0.5541437049687374
13.763474909297656
2.205561880964524
16.72828921438122
9.78988630044114
0.28756835432432126
1.329342116983753
2.9683038868461153
18.172559623042616
14.92117441388109
3.2128065632641665
3.0925702495660516
16.88958989785533
16.926816520550346
1.803841048196773
2.32765058412042
44.30539167122333
11.218753225803084
2.3770553338399623
5.086741897404863
6.277670936207869
7.89383506384911
4.349212957560667
2.3100605429099232
4.567177432938479
15.08744392144581
0.7926497957778338
11.629821264992643
2.015064354880451
0.5352615341980709
7.02339330777977
11.22256532436586
1.7022553778806468
5.4892283203262195
2.483026064815931
10.403312163103692
5.620299644258921
5.770310971241997
2.4330345115231466
0.9555383084989444
3.2593308827454166
0.7017485824726464
1.3180374929725076
0.5140488191245822
8.95182182287681
6.047697851605335
0.7681805074462318
5.381141397974716
4.329126349690341
5.131125774343673
3.4167155469149293
1.1969545926040155
59.785656966541865
18.58842384955642
58.134166191848635
1.711557006718067
0.21581909338055993
1.9814025776577182
1.0035289749648655
2.994037665936048
1.1972946123496513
20.14612030286662
0.9337901330691238
0.33757448563119397
3.2148581638721225
3.2461153193980863
0.2928269751428161
3.737566374169546
7.8926903211649915
8.802502890626783
0.965803225109994
5.258834303524054
0.8058240722093615
2.71492267388021
7.158224910781428
30.96692282297954
2.730696754530072
3.1070990321968566
6.58296220343982
13.991073854591377
6.280959546958911
1.4021995236398652
22.72831080047763
7.781995747071051
2.3092103016788315
0.7326792717649369
16.568482599519484
0.5395327367332357
2.787513177823712
3.833367256396741
1.9864363158776541
5.652188973170269
0.4561799003604392
0.6397289126471151
30.72031943393813
7.073010312917177
8.7686474154616
19.781905127594655
20.307681265177962
11.463319172467891
3.2282904137682635
1.9417969490896212
1.64540912024313
3.5736765359470155
1.0012591310696735
0.5760941237058432
0.10992444328439888
1.2973897078591108
3.304650427216984
1.7038924828339077
10.638422787156742
15.254950992850354
12.854190830155858
1.7674967617058428
3.338647648328333
7.471042170876899
39.3180444320642
3.7160907881261664
56.275711076476
30.596567937427608
2.180669319801382
17.40441923808976
2.8408259531970543
8.699992717214627
5.54191635080133
8.066976429676288
6.878331546809932
3.250166541791259
0.8636523613859026
9.607146094735072
5.038603559998592
21.473271327682596
13.843241727412533
2.6291357434274687
14.043314770740835
0.24839367399181356
2.2515797507912794
2.8914307449122134
40.58198756069032
7.913398379463615
6.033662331294181
18.782775257190224
1.9401149697114306
28.401702740575274
7.80536618433689
5.700935986187687
3.4155870738431986
1.224487010134908
4.23552857784307
0.8944332449609647
0.6434043880362879
13.910740256440477
6.637426705852704
6.2690568089310545
2.165257679127535
0.49464999883275595
16.966750802072056
6.384520325093035
13.513415887140582
1.0156544726341963
7.525803484328208
1.0829699728019477
3.5089551230194047
8.795705233656918
2.5556064278280246
1.904232385884825
2.070028955316957
3.4568872503368766
1.0450466889378731
1.855012820680713
1.1243416328688909
12.480703795605223
2.36961586729376
0.15483438559022034
15.45116977806174
6.670729207504337
12.053560489141091
6.006245969052543
4.694098230491363
7.115846028016676
6.052253685615142
10.932641597726615
5.699393405826413
0.7635373239318142
4.673509282318264
3.974155815631093
0.502830803496181
10.900474971072981
4.153463022554206
2.3924775274281274
0.17537005072517786
7.313166357951559
26.264460942031292
10.287749679111585
0.9875537856096344
28.274702906182938
12.13026539236671
10.578949056671263
35.24972536675705
4.512450923248252
12.696786349766626
1.007804056385794
8.284937791660923
22.84142538625747
16.636919069667783
1.6913494179898407
3.9643918213077995
19.123840803218627
16.040119554658304
4.226956013302697
8.163928709280299
2.9594777326856274
0.1992745416064281
14.510091658365127
0.9184936508827377
30.38294332598889
27.683047856844496
0.10684995282645104
21.14190153926029
0.29168831344577484
43.34885170241978
0.48474150687252404
4.039364510885207
1.7861083699062874
3.765916331220069
0.5590893026710546
2.905218470026739
0.8619343492064218
5.337079074870417
4.43970318144784
0.9933574050264724
40.436149296878284
4.507233314590849
3.5750524070099345
1.5545030077410047
28.051756031560217
12.121409094273986
4.170660820862395
4.491424881915009
0.7964632102812175
3.8579629615924205
2.36997849841282
0.09522790576738771
4.706186029157834
8.638144684005965
14.825531005593803
20.500715269852662
0.08276203892455669
21.20286135520655
3.422702526928333
3.530438155943557
9.874688328360207
1.45848200697219
17.21999115787912
5.057137898089422
36.21668031115769
8.437558116409491
57.608147704922885
0.3804658961707901
2.8839152210093744
14.328532437331887
12.565057498079113
1.938551677911164
0.15493645316382754
5.59246098328731
0.6751010290718114
5.037573585945211
8.405498947322485
1.9476734202362422
5.1047107568410865
1.639788461576245
1.599496904960688
7.570660072789906
14.260156847405597
3.1528722936818667
7.913249442259257
17.85257202972207
5.736059581395239
6.596370933002618
19.3149352906039
5.5189773026395414
12.840785800082813
0.3607423506255145
2.5151813712800504
2.6052899651549524
12.76967999335102
3.756701539386995
4.85980640987691
2.7106277880557172
0.29460440607726923
0.007514626151532866
27.0798007074045
3.025316629675217
11.10265788284596
21.935764952173486
9.40514496459582
3.488271171332599
23.997149309892848
0.2724790509782906
3.741220230673207
0.8193450776307145
3.47372628253288
4.349985419805307
24.556730338215857
1.6612339801322378
1.1726794124551816
0.9757859276614909
3.886509787003888
1.2882999749854207
1.143101141879015
18.342629314258375
11.196492574119475
10.959628377710033
3.0930008741270285
1.711560569707217
1.2320284279740008
2.6150095277189394
1.884398565875017
2.4559548551769694
5.164446068367397
1.6833926209910715
4.861504745535058
8.191618193148315
3.84136458552166
4.196627673347393
44.39904871038016
3.5228619541630906
18.503322173175548
4.547702058378491
7.118102794636798
1.1017701004420815
1.7658486056679976
1.8980376236868324
8.770776848377864
8.964005209076277
40.37725999248869
8.383150577490596
2.637498292275268
4.609678357424855
1.519444184115855
4.480345485942962
1.7137962331980816
5.990825204167777
1.7927188610265148
3.6151593221620715
79.09332775852818
0.5853952891375229
2.069378026146296
53.7782820148459
5.346115179738263
14.014041803584405
6.308951344526577
3.9744104157762195
9.926141416020982
0.2640656606236007
0.30696397727297153
0.268971022702317
20.240267840701563
28.20163562993912
3.206744479623012
3.116251501352963
31.660645342515636
21.957120207323896
0.7521516600500036
71.60085692102075
11.93313980190942
29.13811038426138
0.18748509926444967
6.684119722853211
25.48859037423972
0.3214896815188695
0.8720362593194295
9.959587810801168
0.6604191664519021
4.940095308778837
22.03338048786827
0.7616915942526248
5.161643660918344
0.393519639983424
1.4598850335351017
23.956037255076808
6.30046711009345
6.874535746042966
1.6620399069652194
2.69200597685267
11.092177102840651
7.219780000814353
5.084675981750479
0.0754686242871685
7.973612351881457
0.706561001996306
21.47575372087158
31.6988255066899
9.635617573268974
0.17503875319380313
22.14005168323274
2.334323999722983
9.649716018953768
3.326090313716122
1.7901032533773105
38.52173827171646
0.4419444601808209
11.651660189880204
1.6493112364114495
1.7882136706321035
10.687732047314057
1.7935711244754202
12.81554539035642
4.331851002560143
13.443988637740404
4.412100652294612
7.062077423310257
18.017873201013572
27.65855407561685
6.127926099936303
5.399840899641276
1.7177764262523851
18.44440929097982
36.64186883192815
61.89799115927235
13.043614331756544
1.9209005728116608
5.063169747907523
1.1527631177086732
1.0498058508856047
2.795196111783298
0.7407357812808186
19.97812815180805
1.6958206295457785
2.6230784318613587
0.45256772201901185
8.389021641320141
52.77973372386623
10.017954355545953
26.09699038625331
19.241197108091
19.040126667332515
0.84083505948729
49.457557528112375
5.698762501466263
2.4907570422510616
0.8289414432983904
1.608021313779318
0.20429936880100286
2.3473832049312477
12.172143169154879
0.9648586627299665
7.642867882041173
27.868409255053848
18.419880749359436
8.394549657412426
1.0097532967811276
0.5460509550357528
23.082926200615475
6.503985279294284
5.006975044867431
17.630251145994407
18.337124864447105
27.883520193507138
11.230408517723845
8.524959341561043
12.788613219985564
24.003694909679325
5.578155412160413
0.5754812402337848
6.578136032734619
7.008060762746027
6.566392575314239
1.0809499442984816
3.1939423868316226
0.9325148551251914
5.13520566565785
82.05424668697378
4.0312096561647195
23.525980566682847
1.0980130339630705
1.1767803544353228
2.9355908228608314
5.896476505557075
10.86724143774336
1.4901972870939062
7.4723934166868275
8.352349121716543
60.99430224925163
13.9466493658947
29.277470568071294
0.838348374432826
18.027214641755563
0.1264932251033315
6.6823378816770855
3.9738947756559355
12.257150177189033
9.890481819929846
1.6200357515190262
0.12213508916102
3.4985520099799032
0.373015421871969
6.7751302605101955
11.199284779559093
1.7761609834051342
10.19529878359026
18.679609294456895
1.9206898415432079
56.12018057858222
0.8642467708777986
2.5036222512972017
4.413394314153265
20.40611337824521
0.9216900993269519
8.91715777661011
24.084156250257365
1.1838944470764545
8.610646065251785
36.313535969351506
1.814291036218492
1.342552139009058
7.538745487363485
15.403857876626716
4.080011534857476
5.871834198685974
16.155922781294066
5.513003668478632
0.013395274098002119
1.0815380660023948
44.59503598393712
6.176770928777842
4.526942451142531
0.16810670867198496
7.008085967336228
0.05032550549003645
0.7376418319508957
1.1914085072421585
7.118815986908885
1.8978264678735286
13.686255705775693
39.03103451219431
12.54378238285426
9.008997862831166
12.444947273728758
7.6949740170821315
0.6115211213364091
1.2085073741836823
12.30191721895244
1.2718866074828838
1.5220079065402388
11.815539238908968
4.399986744716443
4.420623377216543
0.9415893768309616
23.76298027925077
13.222777813862194
15.063258564379794
5.566581147646502
3.737905281697749
1.3430557612955454
12.108658675420884
33.76442130453506
6.8799263940200035
1.7576238831825322
2.0593870723459986
6.862384845120687
24.82731484514079
15.113221190120385
3.354371402423567
59.42370751495764
6.994131542607647
20.47843861025467
0.4788047188631026
7.524750153435889
4.016724330591387
9.498775178373762
48.224084851408406
0.8609892872482305
53.800434501965356
2.784394892587443
7.705087703241588
0.17950019856289146
0.171484657585097
1.2825383986055385
2.725510485288396
16.902503853230883
16.23282857594677
0.27546857887500664
28.661240406843717
9.991118185924279
3.7420859946359997
80.14541365869809
13.655917505580874
46.06203038426247
4.085201194866386
16.715701656437886
0.8670399349139188
11.614077935442765
5.7949497842855635
1.5110311972530326
0.05613780191561091
3.5967389436227677
26.68458915983865
3.230932133479655
15.892760554404958
5.006390363239916
2.394304624685901
36.995608205084864
4.981510284655087
0.47472473464222276
0.15554971014717012
0.022886146765813464
62.70425276696187
0.1853406063564762
21.053628254427167
0.4610274294500414
2.004137608470046
11.047693445972982
0.948685357485374
83.2803736844944
10.225719508096518
11.181460973792127
0.39220348079834366
19.80107569980828
10.286011493586557
43.548387672006356
0.6999039177426312
1.5492003101062437
23.040678117686184
3.640878225582128
20.601659585412563
23.207483450758446
3.2537674508312193
1.021947300330794
1.334054956336331
4.567638372547663
5.70322037859296
8.691738817356963
7.559098866258864
0.8274632886459585
6.785887887450372
6.770038737769937
10.103269938215817
0.8234577033217647
3.9414486137757194
0.37367229763549403
3.6775656844074547
13.982735701141792
4.723826513207314
8.209759707322519
0.5523952275361808
9.702746190196194
13.40239058082443
2.263296825654834
3.901124384767172
0.10522849444896565
0.9037857640396396
31.50376976604457
4.729827995884989
4.843239237849048
13.819956225408532
25.834736314856855
2.8989757495364756
0.08824249995086575
0.06935914566929569
3.4308216227509547
12.152286494387226
0.7378692797283293
1.552860205541947
3.9816698715985694
6.631115607819083
1.3060830060348962
3.2574899991486745
1.53790100074184
21.420367677219474
0.848878178607265
6.850655500184075
23.507988183122507
17.795604558923515
21.42644190051942
0.8959434775642876
8.149560951835156
6.312180777400499
69.97899597928699
4.316655643146078
14.584528684772522
6.341862125031184
0.47710432085659704
9.792453999074496
3.470912491764466
0.22904347067014896
53.08007223589084
1.5504577694337058
26.793209759664023
1.719743043937342
2.7471761753040482
29.565515053360286
18.10468547407072
2.680992787485593
3.3219052207532513
16.07101616244472
1.3436306178264203
35.43768681342408
8.84250149080981
0.2605776240998239
5.6821306582933175
5.294178229931276
0.049624487561231945
6.911184975466313
16.469556520562037
5.807476647893054
0.018461214891431155
1.4778188745294756
0.6231449648257694
6.876118603471696
0.9327543469917146
4.43673079754808
31.616368680552114
29.215903994572727
5.887622909078345
18.870219317072042
10.895206145964039
4.643667781259865
0.09213214956616866
7.466574449234031
0.4621909912348201
3.8115562689599756
0.4987013079953613
0.605883019274188
0.9967953385894361
11.521988468790369
1.7859701216730173
0.14027935550620896
25.49410660614376
1.790395832304057
14.345304030928673
2.040387616139924
13.941523258243251
1.4731490172052872
0.9760189389016887
7.098576868585951
0.2780639509182947
7.944440377516003
2.9334218708136177
12.711399145751784
5.852586323799187
19.535092170437565
0.12877543925424106
0.15139389885007404
7.702536902113934
10.195849608797289
44.03780924746752
44.364685473501595
52.85602946898143
9.215280884487584
9.04113006839907
29.474427970311808
5.1674525448652275
0.5944818221651076
15.596009168744786
1.3534477287321351
2.1349820273426303
3.7459713415992155
1.4067306679680769
8.485393190763716
0.34233957825927064
9.716886561622232
1.6197787088349287
1.4055925498360011
45.89672236005572
24.62982013257715
4.753399997272936
4.169742607031367
0.8387090653122868
1.79558456405357
37.605166021770856
0.7595588006843172
7.648022535049677
1.7738004755410657
10.722838252706424
4.131873636266391
21.423260570711136
2.899883124831831
31.095590714201535
39.273097553832486
0.9914571405679453
14.309784247168864
15.695944666233117
1.7970134270181006
1.9990395573877322
1.4268097904023307
12.570632073759043
5.064342914687586
1.5393867593120376
4.158429244034778
5.240091687730455
47.41475350887413
0.6164119021959777
4.218473777727922
4.0300245678845386
1.794480754630058
2.1883895861319616
29.428822907637368
0.7313971243638662
0.06125686263112584
1.2080357277809526
9.942839549519704
0.3691140223418188
2.182732306751859
14.458123510685255
1.8120127264373878
13.076510507180501
5.52555003409725
0.024162692516256357
2.429918077061302
18.64509001776969
0.48640547940522083
1.3187246556808532
15.690646438466501
37.04609033454108
26.478877565161383
16.922319074608822
1.8630577989824815
2.514578052490833
4.184221680396149
16.313427061573748
0.37997938793705544
25.76397712241669
7.055152884066047
28.935621153326792
9.298018823054008
59.07433427981596
10.579577734562918
1.338231054643984
6.4613004117236414
7.343821000187745
17.736348826965695
4.135186731316935
43.80003109042809
0.2157221252855379
21.607247914180334
4.099615114122571
4.6194129990144575
1.731907141263946
7.798741559276095
5.4669384990447725
12.263292983057909
0.07779818960261764
16.892192450512084
0.27908389729782357
2.062290668487549
18.824863911886496
9.901055692240334
0.6962727083191567
1.4507322750068852
2.7378566340157704
0.3040377448887739
6.123664123853814
85.04597479428048
22.430074820007576
10.557089354715572
7.597379112434282
0.17971221290281392
4.412568717612885
12.255610181349766
26.34033303724209
5.803936606072966
5.4989504272489285
46.4981021583626
16.861676112632267
1.3361482602922479
0.5299777506370447
8.854123532008089
22.413572913119424
4.278352311408526
49.047745647221745
8.95230295440706
1.3227278550257324
22.505869401982636
29.292233677973854
5.641230161028943
0.6822753610831569
4.122261141685158
12.474041764973663
0.516849424369866
0.31714437510163407
11.45215538962293
3.669209830564796
29.195232395872154
2.883266811229987
3.2704686722318
1.9768162550681154
1.0306565573664557
0.5092502855222847
2.57383608609598
6.262080128493835
4.271511203500268
3.1962029262394935
3.136947759448958
2.9136037432108424
4.03313570269529
1.4532889781112317
1.0242124909054837
13.835763086124643
36.523465457252314
3.555581469576282
35.19645350049541
0.01962189280675375
0.6293882817626582
9.25389552879642
0.46363534896590863
8.081259054797556
10.851339269491291
10.624857210004848
8.110277172014321
3.6537376705309725
4.218643441916356
11.159089367723936
15.177416699760215
8.964380813140451
11.923105333611602
7.297818255217862
0.8687991852275445
1.7789621362644539
3.10886425253193
0.12370959443069296
0.2091309688948968
1.7795442672322679
2.874141799420613
2.081503928588063
35.620647975880274
3.0707114735341747
11.439279695139703
0.12665137071235222
23.300902421317005
34.125184823300515
0.8508456666604616
9.617236234837037
54.34853889057922
0.1621516544073529
116.82782580131243
0.36353024199343054
0.29142415100795915
0.9327868632717582
8.500494851032272
1.1724585594092787
14.069877908252238
4.464675310769962
0.26253090332465945
5.706676812511432
1.355545723457908
0.4763953874062281
27.986659077527293
9.475874535753974
0.9915916354148067
15.229779116605641
82.35763827584378
6.1240864085484645
1.1995025384385372
10.139640482342656
1.697215976750158
12.394952096168709
0.2545223043198348
2.5239191770124307
17.49638859712286
0.6956235522447969
0.4241684181833989
15.833294181142264
0.8624202421633527
0.9635434616357088
2.021561904504779
1.007610084652697
10.562891449102608
32.006125902207714
0.1300128684597439
27.21157593721
0.8493792124390893
23.006752769673767
1.1013344897146453
2.676887483547034
0.08066290146234678
35.201607948074525
16.371705615252722
6.907406758982688
2.84406434178527
17.107887943649985
22.81907572273485
1.22713156833197
19.202942725420144
2.6062629840125737
9.729952999849047
1.520923295403918
2.574790958013182
32.23601393458739
1.7869138582354935
6.377560080105468
3.5352103415825695
1.0330547473458864
191.47586200750084
7.195175500070036
1.9438080131694733
0.17089048901834758
5.4494082260425785
72.21668151572521
28.91969991107908
28.595712949601875
57.25591059814906
1.1419721583624778
36.30847404198357
2.0536683245045424
0.6147320350173686
5.739739363296394
4.596541460625303
0.3022302004028461
1.570811265395605
4.179671751920978
19.773344092554908
7.9189183291382506
8.242902447393135
26.082068385003367
3.3445570409603533
0.3951103634099127
3.554311288677127
23.38855885609155
2.1488925642224785
25.050460110978747
0.4957052894314984
13.710021374117787
0.8773997150383366
15.360437030780304
1.7352043622267956
3.5557548854085326
1.0511788459552918
23.2229477934452
84.87022873690148
1.5436005860901787
26.807310401181894
5.403141461632913
36.270203965192195
4.602641928970115
1.3360467420679925
0.5680750932369847
8.765434998204
11.518196969376731
0.9556332144566113
11.32338377017004
9.68604257032348
3.0337254808764555
1.4215057857800275
2.95409706465216
1.1673950976291962
0.19867171523947036
0.9913708354833943
2.4661393825299456
3.487076979876292
10.202721149897116
7.976419958595216
3.972596025272651
120.23460818155581
15.940267293393845
19.65774338486881
17.857687322000857
0.6953606129645777
0.483044494605565
14.885472576952452
19.23143638843976
1.1879332194694143
8.055294582161878
2.795394161319564
3.682144427581079
3.0624376604901045
1.2118924385431455
11.020627843456168
6.375793261846411
16.914108203600335
0.021845757251867326
6.740336647388176
0.21314073709072545
9.781652597586799
23.108612875075778
3.1326809746860818
6.1353677632287145
91.72948643223572
20.879874914047832
7.239322231889673
6.098094637382019
26.510547119654802
0.31773933630393003
2.9998674057715107
2.9808697176013084
0.019951569262047997
1.2550937127452926
10.971324373662355
2.5570597032638034
9.631923316035682
0.12655026108404854
3.3394238151449827
15.924568760707189
0.8612618629922508
2.0350733759951254
6.786609450944525
0.7943531882374373
2.730180550199293
24.350860967821063
6.708378113209619
13.626965684718016
0.6800879306247225
4.981620292590378
16.7364669963099
49.96120815033646
16.69573930957995
15.24180551025347
2.62646675396536
30.538841457302624
13.977903694700217
3.9385946336951747
0.0363895805858192
5.553550421082036
0.5447835932536691
16.539336558234936
0.5071505011292174
35.44995787585867
0.7597183025245613
26.392093928130635
68.12401478400352
1.001583723074873
0.09772187055932591
2.9238399882087833
2.3397690387464536
14.20528901909347
10.906373310623167
0.40693824905974907
1.151955820256262
7.322150886673626
9.730630149650096
7.438383170181623
3.5387734979776724
2.935929215309443
26.694516771316557
30.824026091500855
2.4290712401525525
44.134048556315975
101.82732293642403
0.6221512189695204
0.03567403087436105
29.29027053832033
2.7643796357442625
11.248872639818728
0.3132654986511625
0.21240510504867416
0.657937978143309
0.5730655564766494
0.45386357075403794
5.837396491911932
2.0697046147761284
8.965577490143914
0.911050864153367
0.6137868615369371
4.259854822576017
42.8950921909709
7.389332438851852
10.772771824311349
31.005509258277016
8.320572746371909
4.795013621649559
5.449256365038309
55.88770238993311
3.710700450465083
0.09643528568631154
4.692381863591436
6.914041123556672
3.200357853620517
0.37660875606525224
5.0901689891688875
20.22429305242258
1.536942517006537
25.40818428921557
5.774542385923269
7.043429296390968
12.474179503882624
1.629633136340999
5.7308044398378115
30.44297396737238
24.811210654868773
20.61312344336693
0.14365500147323473
3.5955955588797224
0.8229163406358566
0.5358173720051127
3.696019028517185
5.9135216362192295
0.4394605620545917
0.6336319506299333
21.880899223364395
10.543174598416954
2.540597562881885
0.3684970797148708
12.50894525196054
0.1360273130594578
1.1111432500911178
4.551653365237144
7.710971339394746
13.045834218239179
3.0159794750907167
2.7472195302325417
3.5516519442717254
4.853998214632156
19.21479127469138
10.648775854901032
3.5385158490244066
8.529886012813222
5.312491478918673
1.4352679621770221
0.026370819312433014
24.128344621905853
4.160351831524167
16.22909028928916
5.345108707784675
18.12870583115
3.069062431804923
2.593896113212395
0.4092577066621743
18.07822488517195
8.563862490111205
4.921494022040861
4.598705961547239
30.3263834274876
7.497996685855469
1.56043159145338
35.66796831654574
16.853660857745126
19.08827743709844
5.471913848996337
6.127138102281606
65.8764143353983
1.0574091151611356
2.098622593730397
0.3269279251435364
0.1927941463436582
0.9754650621907786
3.4801147766374925
2.88349059900429
6.5964133243505785
3.995123343753221
20.95884824659879
1.5315653791694785
25.431270359364134
3.888439400423522
0.5809707726584747
17.597653677858034
62.344057496244204
24.5739326231851
15.15905609976835
1.1137835280242143
2.5575457958329935
15.550069715751306
0.6447022781685519
0.9421623684174847
5.557756235964916
2.0091263021058694
0.21334183790531824
0.5232995068108721
3.72519925949382
3.024495772104274
1.43633511149892
19.504247142962413
34.469712433827226
8.145212879608152
4.459570024104323
1.5510533133237914
11.025616072096454
3.360214863150759
3.5438846506476693
15.87252382369843
1.3733927662287897
12.629385752403323
35.69845708111097
7.350218904706708
0.10199096865108004
5.341412004036101
7.295627963718289
18.104125796304288
0.5658939293025469
0.35582935838829144
9.757906284070486
12.485740538919345
10.410851981981978
2.980587183537864
1.647289805841865
0.6582850102458906
16.13037940126378
19.369111600852193
0.22739211669249926
0.4707661115571682
5.582027008294972
28.429238606728177
8.125805443964055
1.8253903630611603
0.9979681874938251
27.82065910214442
0.07390847346323426
11.644650311412988
12.048387954473583
36.00422671942579
3.079589889417548
3.4569571069623635
10.909695229755016
9.071753121566871
4.734074178792071
1.139120478037512
18.915282168942213
1.937454118851747
1.1307954954063462
35.995851446576125
24.629716518080386
5.9157931771660515
1.7719187232105469
0.9200227510191326
12.152297536693368
8.534231638772326
5.48695819853674
74.35155014894553
31.008166556715878
23.118986818313715
2.106284829962533
4.458900824742159
22.55494907862885
8.563713762618136
23.052192469873262
2.329548309156962
1.567265352805407
0.511428794117819
2.043882052636036
27.290321923512238
14.657685064034013
8.474415664204571
6.90011711371335
0.6931014912734099
0.712827887829917
6.950563217953459
12.229529692485812
6.518207619039458
3.1876130535929406
2.5511559885708266
2.160968213393062
0.6810347780083248
0.7005408726654423
58.895443167712074
3.0218601011438295
1.057237646276917
2.4027563459858357
18.74524932309214
3.863649439481378
7.727413484706631
4.867693774340296
9.611565889324993
5.129645069107937
3.9653691140520095
13.446758454774681
0.2742201806831872
7.797939752814273
24.54195992201494
2.864451739969809
22.079145966548822
5.614792476524599
0.5726307255208667
3.4500452819338534
10.33935221439242
2.2453721731726546
4.596266171829484
0.4569160988103249
18.57050024675482
0.6855621359900397
6.661645310316089
3.416977302651503
2.291134318413242
4.75235004073329
10.82432353810509
10.70286480066352
22.434655873526935
0.13459610669087851
1.900195082733262
3.6150598327330954
26.486232752034994
2.407648841577611
10.611690219124284
5.997935812512878
8.55746895708944
27.990021588771924
4.70458631103611
4.382173009238613
2.9311855252490204
6.526178423231613
4.205402709219925
1.0906705399575003
0.4778127007193689
2.7795421707705827
1.05419331914527
7.906047838307131
2.6084673594632477
5.4330682834443
5.99557271500089
0.8673971044227073
2.5603244664380327
12.766833595294884
10.619672681143129
8.724481052293413
23.05600244134257
3.3726317765358544
1.145654826254031
8.775594285576517
14.518479106205632
10.202184799301904
43.82052499609199
14.03975040352816
1.5692150509021303
0.4055292078992352
7.099958681825228
13.294860598183732
0.8652477856594487
6.9697542905232694
10.785229681070632
7.742440987381997
6.347326191371394
4.2007953576612636
2.7160040828493948
6.4346678887086455
6.801870326664357
22.219146687490138
0.7690855797663971
1.774234532553237
4.228305400280078
1.7316888226450828
22.52259601120022
36.408670842480205
0.815109238432342
12.657972107299429
8.039540447349282
0.44921377572609344
3.0413185254910786
5.756492399439594
1.2258344978799869
0.09637157506949734
2.247076313036814
3.7201131859510497
0.8570746304430941
4.832126885867183
15.061670038234297
1.053089231292688
30.128515069282003
1.7422594033487258
2.4202516310360807
36.65648608782794
1.010877458818868
3.5261716468485247
1.9238379550515674
2.5257588343156385
2.0898399179459375
0.5334798672702163
55.26027110893847
1.080994230669603
8.597815945675393
22.53837304566332
9.554033341588365
88.48812993361207
45.895292021472414
1.0014696626276418
17.867997939723864
1.9965539440891007
7.763180361755076
2.8285628613375593
28.521105419182277
1.6215775530363317
4.557071969109529
12.494759507917479
1.3880967202530883
2.970007358420844
0.5080205836238747
10.568533541270881
1.7974540708855784
6.73747815149909
5.065047200765548
3.4746164844182204
0.8216786677730852
4.9869432989253255
4.307086487966444
5.253535999774613
23.95647415206986
8.895581732580467
4.370753086110199
4.533451327512012
5.5422703572694445
1.6662334718967031
3.8110633259711904
2.145078136742086
4.955486656006542
20.54122979912063
25.513622861133626
2.357788162007637
3.023000167475402
1.1230988602692378
10.11193725161138
1.3648192300570372
7.378200921666576
13.411181859391945
3.0913076533252024
2.507216700894787
54.03532911309594
20.028370286785503
12.782018372337916
3.707442586422985
13.547973850490962
4.605802347199642
0.987089863170695
2.279972393953358
1.9300087140909454
0.0597269831741869
5.531264031902538
18.46743624625742
4.187295981540956
9.162639468820998
9.095372102798137
41.57564413968794
3.5822919990423543
0.024138900298567023
1.5221262837912946
8.069820196553337
2.747256922939414
0.47031323229748523
1.0623710767431476
0.3862165295613522
19.65812380096031
22.86834988485498
26.152588195684075
3.7486173528741347
2.271333874305128
1.2115246470966667
0.32829002828657394
0.05958177878710558
22.55189803290341
0.6481060298137891
6.669566049531568
1.4424666630475258
2.108781701128464
4.7256422026403015
13.084963339944807
2.260334391849028
4.0688951900701795
16.35855633805477
17.975438573328574
22.45214811446931
8.268952723996335
4.805069078520319
58.23761128381739
0.8784457255460438
107.33317459938189
14.041285114577477
0.19654258350419695
27.90254513703985
2.969442469868227
1.7405740445974516
0.7565244916404481
14.530347593085025
13.29355231880254
0.7899373288855713
15.499066374937684
15.656189111083222
1.795127976405638
2.1061683475963946
3.511026130945538
0.12137031396196107
1.6667959164988133
15.684969706886477
0.8313335680395539
29.98508987387686
0.663705538619979
10.823806496828183
14.638525928734452
5.052449143688136
10.604852852564363
3.520571534118062
23.317898882138252
2.0661886367561237
8.656564111137413
7.56924683035686
66.39115450187091
47.93532951723682
10.86859718705091
3.489303008595016
1.3816996823006775
2.9615559040685184
6.320763840092695
8.441917986274348
18.59738762838606
0.2886124950600788
2.6389171555420035
1.578471775388607
0.7464785415249935
1.4242917525516532
5.102671110351366
0.3580139115365455
59.5251365480799
8.30011118242328
21.559752322365966
6.903654839898081
4.392246684696147
0.23933479292463744
2.7870392928889487
6.7115405660442775
3.9892223666211066
0.9157504525137483
3.0359255225594097
58.884771522869414
34.79235832511404
3.0255593721922196
10.353911859125219
6.603069038268586
2.953551328253525
0.41175656649284065
0.6093089568457799
18.67121905924796
8.547645073347667
4.974991611379664
44.88556825814521
8.65021170921682
2.0283884252967255
14.995638756608969
7.676027233115747
0.7516951329052972
1.659536248920631
0.009057613875484094
0.525690025609947
8.832468344317022
7.782033607974881
7.871839227147575
54.474628892767214
11.909075811348885
35.7564781594192
2.2806995960781933
1.5478788256732514
40.8436576620843
2.189684610286349
2.49310702596631
3.0902909461401578
0.12961530898246565
23.306051117942843
49.8709868504302
8.722687883622712
0.5837561667649425
1.5441153729443613
32.98385373771089
33.10198198298531
1.8509385557663336
10.946204263214895
1.9519392172987864
6.321435118847148
16.08298241344528
9.569208825618261
10.678246681549354
30.641644033832563
5.812526835648896
6.883635337941087
1.0329753253427043
43.72590666092219
1.8908066569529183
1.5997265740734292
0.671959661609435
3.03147520578932
0.9793760400498286
4.588528808679257
2.085028438617883
1.924743699881219
0.017847679537226213
13.158029977610568
65.57753262103142
0.5177692378711072
21.328577372074506
4.966112763398996
8.15597897436237
0.9813066969800275
29.48271668991947
4.889099484509643
0.41499683778965846
0.985296240534808
23.97370980804044
0.9213928925637447
34.48292668080467
2.428569391839119
1.3212830871598271
2.891565367586736
0.6277072441589553
260.1406363272399
1.0589752393279923
8.466886051086476
2.747007631973247
7.808164832400507
2.4095788655358774
62.4107755074765
67.62123038716891
0.6461147812187846
0.4110928129084641
4.269469064412988
0.8650630642732722
8.656780999946932
3.9750579898100113
4.57908238087839
1.3515866053312493
46.66450578164586
10.043471574892465
6.618207365878334
21.535528597578377
42.18397612222179
5.3050399107414705
5.111484602173732
0.4327029530359141
5.371342170001299
1.059258521116135
1.5519733935288968
2.1381122361053713
2.885224518504401
4.11039298164178
7.358277308740071
5.346360055656987
17.343910241062986
1.2437855619427864
22.05941841089225
0.12588907917233882
5.862322429969936
2.2075947227604047
4.237558929027728
9.997979613592179
11.669213254783244
2.921836164830893
5.759873701503238
4.090024103086762
2.431520482801716
4.152905084327358
0.10119769432276371
7.2254780616785865
45.455386854599055
0.8156210784181894
7.398908844759717
0.9745896012063895
15.892488193996542
3.774015652372327
8.16164354013381
11.040765276116872
4.515949128672219
12.015792283345945
4.505469671774335
16.93441189718942
0.5969237344470457
10.150658339374786
1.224851587183366
0.08772977288390393
11.189114107961359
6.806118805190636
1.3478166237728146
1.1007275475203642
0.150649008101027
8.459168706198398
2.6308840992751357
2.722513754008105
0.25499092744939844
35.683040501073265
3.0256204044562764
10.835377136903844
2.197226499323733
5.652888342850929
0.7174895514326636
13.542824925363675
8.07740243585431
6.5066217736311955
6.897744373742171
2.6811303200374823
14.106962563764682
3.173586462820822
5.445773133960756
10.62998448775761
0.11249982004665071
23.681575608654384
2.5739325134272804
2.752263061982376
18.242814335098956
20.519776848872425
27.411284998088377
3.772878986248543
5.288759579631005
1.3870214757189387
2.915416691383143
17.661894043954817
7.642539649586979
2.491903670848842
0.5770644092845032
0.8638347883570532
1.1580059081097716
7.624785816249641
2.3685101763767307
0.10318929604181903
71.50261721793504
6.363617452185281
23.296115175864543
1.8476631881312642
1.232419606356416
3.215945751609979
9.013643647063873
5.066797418465285
0.9074534455976391
0.7546630920041935
2.1406605600532203
13.763245619193185
4.415162188113754
3.83954958070899
2.715461483490799
183.7923432789903
1.5169173661379318
0.3753816223288595
12.313791756139835
7.237916144658811
4.075014814701717
2.2048546182086284
5.1730281372329046
12.821186778601259
15.409696166221693
7.4513268919727125
1.6734853704547277
46.711079530607094
7.557325003694132
8.732492716419074
0.190774271486589
6.039449812884413
10.80185161080226
12.143210508740594
0.2987156879535178
0.40663559440508834
0.7051079470911645
2.9324042428088433
10.634471087167185
0.4208095110152499
18.586212939633697
65.18257857272692
5.757284682793397
26.905918792479497
0.23790185407415265
2.423018106732343
4.191459913490689
9.679073413837614
17.798795876173244
21.78839905989662
8.280250657284341
5.1261387806080165
13.43440617484157
1.762489821172494
7.752423897014523
20.539778462476534
38.32820360299229
2.6082250528816076
0.17678555627571768
4.3842386263895605
15.675100435168133
6.340843391692033
19.926246582290332
26.42124611964755
0.8340005289719556
12.807954998675996
18.499431431551784
5.424053057377023
10.65372397613828
5.092081805243652
0.6924014035867003
14.017450625789934
12.560997761909675
4.077461310513172
9.804092378624773
6.944311181501689
16.127397387877863
8.367912093453924
