2.3338150161434896
0.2687699958041776
0.19501709037285764
0.27122464109561406
4.522442211920861
0.07073600727017038
0.7995235759299248
1.1337172803177964
0.16138317504373845
2.9556270559114637
1.2501920775393955
0.6043354906723835
0.0913311666372465
0.013014927113545127
0.7084640022076201
0.6320840044645593
1.7928997784038074
0.3064596196054481
2.3677112080476945
0.08604733691026922
0.01448055294167716
0.6406846741883783
6.345591167511884
1.7378516747849062
0.14781054013292305
0.4510244992998196
1.391162768661161
3.3315137679310283
0.22398290943237953
3.1682543227652786
0.5819660632696468
1.444895861131954
0.7260212557303021
0.5069586947065545
0.03073564988153521
3.9176895507989684
0.09165439468051773
0.21506315263104625
3.5841634986863937
0.3583666329504922
0.14496743833296932
0.5547923487174558
0.668305698025506
1.4985337427351624
1.6395756226993399
0.9990393424086506
0.0068894016585545614
0.516935111998464
1.5451239079411607
0.5788903163920622
3.3174306137370877
1.1054233194008702
1.7479451322287787
0.4378821713180514
0.851441093836911
0.8104152752348455
0.8259108248457778
0.11189811764052138
2.545832378498744
1.2688319899170892
0.19242764843511395
3.6708912670292193
2.1838081203459296
0.8173989987262757
0.39494057462434284
0.06973308626038488
0.38489260751521215
0.05869628548680339
0.27658757343306206
0.3113643436372513
0.09126559029391501
1.3654105319001246
0.21820540583576076
1.4206707751436625
0.8431377597153187
0.0946509113709908
1.3602838592923945
3.1404363373003434
0.2456632471003104
0.7592957269953331
0.1420028289721813
0.6815830582781928
0.9764221523801098
0.7174471503822133
0.08575527738139499
0.830334139536717
3.2492252701777034
3.267481251517893
0.9994914382114075
0.7402066341746831
0.8960265837376937
0.0019509061676217243
3.136127893696539
0.4827017622301355
1.589695985414437
4.114612353092525
0.2045630948705366
0.615236531230039
0.032321943406714126
0.3489342892571585
0.877131471366738
0.08145589886407834
0.8386340074357577
0.18856031571340282
0.16677357463049702
1.3216570750373648
0.3190770577348303
0.07644147060636897
0.6714780989859719
0.2543649796425598
0.43305003207933623
0.9814620010729413
0.7271706456085667
0.5302134463127004
0.4162397445179522
0.12001994393358473
1.2622061423026025
0.09804366894240957
0.2293073135515442
0.30491855238506105
1.6274269741697935
2.402847781937453
0.7424098537740065
0.6866859819419915
0.4968667450884823
2.4562596569012385
2.688261365852668
0.590893758679158
2.0424424853845267
0.4811038247717079
1.376009242652799
0.7370309726829873
1.6942837276728824
1.6386752193939174
0.0025231652980437502
2.3581339438533178
0.00529999312129803
0.6016373748570913
0.7387209151638672
0.42075363562616985
1.1103554708824959
0.090241497833631
0.2194274465146009
0.680636110206251
0.01470135647105053
0.10305576577957254
1.5842862675781362
1.636645972612314
3.9734208771697013
4.068293020580313
0.13172703942109365
0.07378638503723778
2.536305970788817
2.6565592115512118
0.3322285173635464
0.6004844585550018
0.04057517249020748
3.5273520594928414
0.535736483099754
1.4063386603957042
0.23484718799591064
1.580379481165437
0.5862441082426812
0.4293245837179711
0.16406205800012685
1.8672364317026222
0.4438903576810844
2.6771904384804657
1.9866195421782322
0.3274583590682596
2.2769292956218123
0.8577588482730789
0.5425518853880931
0.9085700558644021
1.9681469816277968
0.21810449847544078
2.089306082081748
0.0003229768335586414
0.13997019390808418
0.00032104244746733457
1.7536377109936439
0.7483930698799668
1.009992217135732
2.0059904854133492
0.23671600517991465
0.1976446385087911
1.7284856231271988
0.033837529277661815
0.673527715873206
0.09736216202145442
2.186031557575916
0.666693169347127
0.3071783968480304
0.4940191907226108
1.3300683296110947
0.41788232962426264
0.589964249113109
0.9414025269798003
0.17783270370273385
1.455626943090465
3.7883790577179752
0.9308350670180516
0.7202518490812508
0.1154352052253671
1.7139687518792925
1.211413727447507
9.556251903486555
0.22543406994373072
0.71556360978866
0.03635057002247777
0.48390006422414444
0.6105956918181619
2.3008729061257327
1.5250936656666454
0.5508249727427028
0.7127077697368804
1.383970359544037
0.018943916787975468
0.060843727478641085
0.45449647220084444
0.2563728400709806
0.3311531617655419
0.9756142558326246
1.2831523817003472
0.12256614796933718
0.18586088842130266
0.572292636599741
6.845584320704802
1.1017012523516314
0.2639160739199724
0.957369739189744
0.31756649145972915
0.5665661121456651
1.2604775566287572
2.0408236411749385
0.3237221802264685
2.7699085959757213
0.10631454827671405
2.8294419823942007
3.172233847915777
0.3876636797795072
8.802537444673362
1.1088975943275727
3.7332836942368886
2.947830852746847
0.6230949886230519
3.9941181346803205
0.7333548068709206
0.0661144319747109
0.8980224359111162
2.2605873365391744
0.5845346526621142
0.8881459734257078
1.1819519260752713
0.1383711902453797
0.12371936926501803
0.6362933948112186
0.15715886525867973
2.9219075500732288
0.7081984077813104
0.4329413615196245
0.12959288578713313
1.369343431753805
0.11754862368979957
1.0394653680268675
0.27518275486363564
0.34890588784764986
5.390746803590446
0.0656917421874823
1.8052667150186608
1.8402782273769844
1.5357208144996548
0.1553936326672556
1.0697121655539377
4.007249714864884
0.43581627612002194
4.538624141772743
1.32136693476059
0.977872015311732
2.232155437464826
0.19871385596343316
0.6222660297935363
2.0714433224784443
7.930137043396826
3.83703482610872
0.4055714899295708
1.1953721176250838
0.1651769569289172
0.5498914539348334
0.5367352046159795
1.5889771927468246
0.6413723633304471
0.6537912508938462
1.0754766722820932
2.0577184559369925
1.5123225103016011
1.2567314106272534
0.5053696415707236
0.07717051907093264
2.4502647656190675
0.29186805634526536
0.37091397267067805
1.0318257288454333
1.1160663518676301
2.061807964244508
2.2201353668642696
0.3527144291001605
0.24513237037172075
0.5058404938608874
0.025600056556868367
2.4014926454547094
0.8397262747457717
0.06781482600490563
0.30233615745964926
0.3228870650928002
10.817807703904691
0.21598479691601824
0.1268064285541186
0.43951701564947143
0.9229158202651888
2.0725049810425844
1.5853788409440313
2.106887209127308
2.712051075868658
0.42250574167701416
3.803157199843554
0.7668292883608956
0.5268476296623703
1.319425311870873
0.5963523500104202
0.8705994485208066
0.420062732315273
1.366770588894724
0.9446725348097971
0.11798426462337375
0.4610637941659661
2.5059690263005905
0.2559920305793639
0.08500711609667633
0.0491800889139995
1.393636856955709
1.1355880250921473
4.411621664708946
0.18937241767707746
0.012641609224374406
0.5588722661486827
0.35153268912108615
1.0012075205158908
1.3094571585243102
2.3185196269623702
0.13591140932112467
0.490176006409456
0.36262977178557776
0.25026880684890784
0.051759439607849345
2.417366644847789
0.10886477630992886
0.01405936670198571
0.1722362152504502
0.049090836007962935
0.32291711775178555
0.5064743064722279
0.7139704937726492
0.09919689809612464
1.8116125990636647
0.3719690734578762
0.3463547600113088
1.701064522814704
0.9370099525549449
0.7201400595949963
0.3676818130770698
0.8604624303261517
1.8733345073997043
1.1513821556873154
1.41067600241513
0.12044221718679182
0.1862862548296107
1.2896818763692863
0.19732110376935452
0.19119247983326204
0.9819057455606526
0.21361754689132795
0.11366434718365781
1.5214332340838155
2.574471876898315
0.08970641490304843
0.515106659498997
0.8251609007129446
2.4427608390251407
2.4706373005756177
1.2552679260406876
0.48451386445958633
0.866380605410086
8.176287099777255
0.6852074232010636
0.5604731099447235
0.43265329900896177
1.7497028996003792
0.16521670312795322
0.11268313342588954
1.8238415846135467
0.678911022900138
1.4866774070833344
0.2409170356550021
0.65659172978485
0.07663699299155269
0.44925878588401247
0.924388064944651
0.6449628597765695
0.11813438273384236
0.12707741676422302
0.21882326129707508
0.8183370003389427
0.5311534532083897
0.3515668306645239
0.35759250550472643
3.6953379100887105
2.1147548167500645
0.15136862341023516
1.2484366011194652
2.798159859055886
0.6656201800506096
0.8445018769998569
0.20681984745897353
0.020381213325890712
0.971622625584132
1.3628728114272235
0.9520668171753641
2.4899540858896216
0.4298369304742664
0.5481683897378389
2.063843390074908
0.0745262323616771
0.14719682194117922
0.18927591208193917
0.03551849999348633
1.254726288621896
1.1333309216715861
0.08196248160675168
4.607510435627773
1.247982275992399
1.3227354658738477
2.251776749486453
0.36671556849614717
0.9727604103973135
0.02480797452153638
3.9557344478962477
2.9136846984765725
0.7512875013198936
1.962354757808498
0.2982454499870073
0.3166563397535356
1.1456895054870984
0.6674318888399284
2.135965085879434
1.6457130683993455
2.7112583251146134
2.8106025827582926
0.6900328541669296
0.08876128021802288
0.6060515912540723
2.3346928666724125
1.952421749549103
0.48816810245625675
0.9025313532038126
0.18615800453699194
0.4362699370685732
1.1415561026369687
1.8086240656120935
0.6549614118994214
0.47665733013127465
0.131910610027262
0.9892668799730018
1.1994996548455674
1.622480729885865
2.069228752530762
1.2430827485077316
1.4248557348473696
1.2736708775773877
0.3913688865286531
0.1995906081283465
3.281403670072905
0.11260840567410924
1.5943919034762075
1.3691659526957665
1.0124048944417154
0.3340830372326309
0.2538638589467155
1.6671829322876874
0.4748935727548087
0.7668853456125362
0.6177908539830241
0.7843179557239637
0.21097483980702236
0.017105450824601576
0.11589975560491439
0.6095717704592971
1.8931657177745365
0.47720012147328816
1.9435979697009316
0.6155029724468477
2.0376044939475833
0.3089973297464894
4.019108267370029
2.2905385802005185
2.6202448452968383
0.08761827669513877
0.4537185895460425
0.54474204411963
0.5170329976972425
0.3398684517160291
1.6793442837515613
1.6490344414487481
3.6032104814221384
1.3339580106694484
1.0034530654957052
0.9141797462070826
2.0393893028376624
3.2264281090028817
3.598201666769455
0.04605474321579095
0.5201945784501731
0.15169688004243653
0.8713635717140278
1.4356831908080494
0.5375651998620015
1.0021265928226057
0.19869640190154314
0.29551981354597956
2.5951335812569596
0.21535741255502217
1.1993619449349353
0.9026757959363749
2.3377968870772747
0.36792558795423247
0.26942819259420503
0.9576052863558289
1.1070707910548663
0.171562259842176
3.389864463242702
0.8648970754729817
0.871462892042473
0.35948569113679696
0.1693518015090376
0.8690541743999347
0.9562685310520465
0.28654738880868535
0.5344047505350318
0.8776185234455625
0.15297180238121655
0.036379269338794984
1.9568584620428737
0.7927477130724583
0.49420914822258055
0.11833187147567514
0.6134794997633435
0.40989947043999564
1.3547016289958265
3.2250018670747522
4.15114637518127
0.8788246653566603
0.38379136673756875
0.4837688772531692
0.20470769576786552
0.32062204800604377
0.4569422379427124
0.06319133480428718
4.258819716327707
1.0975950644497061
0.33607291568478104
1.7489625795569737
2.2743571525643347
0.35694603991578333
0.1983140972442925
3.1302460285805864
0.2795608025189722
0.8963815529277781
1.1408690617390675
0.25813274065149017
0.09222800156567246
1.1904212903318694
0.5393232967908261
0.16538932725961786
2.542176975592156
0.7343384029954905
0.3633039703126997
0.4926906755863456
1.3131266615382629
1.7539536416588817
1.908476187090855
2.4358591295895167
0.20997341340989806
0.5550993720244151
0.12186636666592676
0.6426040428632405
0.1640095504699275
1.426729702114244
1.6738204347202554
0.9996564110333566
1.5790788708836772
0.040043739369139075
0.2384822267194977
0.6851927554816939
1.160178579390049
6.209359909102204
0.003610381609178148
3.2995227025676286
0.637011098820949
1.0066189078934258
0.4478855529159773
0.11149208719143644
1.2577387246419676
0.0790196531888796
0.07062254472111817
1.4283631371654337
1.0371576932811877
1.848816698169685
0.7110644681379199
0.2225903899379773
3.5683687209530035
0.6497750092821661
1.9970716321113287
1.7081237467937171
1.3457167720916914
0.01539795464486815
1.6928232915815897
0.7345808775862679
0.5782069040724309
0.1123868839640636
0.3618109199014725
0.8100229475094238
0.8544944575987756
2.0535517205280485
0.6647491699259263
1.981866793052177
1.8005026002647355
2.112509192098514
2.8524091844883515
3.050416599144228
0.1942263911041664
0.3269086732179858
0.23162746289744973
2.5320518969529076
1.0115511133190012
1.024033368070377
0.16919299878645688
2.488371419836767
1.4594864785758546
0.32672483373607974
0.00947629135043826
0.660736900230404
0.688713432115037
1.4885043770482298
0.38252517594082747
0.06098899523203727
0.8851987657690188
2.340030476800166
0.19052358294720761
0.3948175942496164
2.583293959905859
3.605437276637531
0.08398689185560215
2.079649726525531
0.17190578392182942
0.8452099113201257
0.45944665957358666
1.1319704217894468
0.057386110798688605
1.5583586653519887
1.63104260613909
1.2903177278058138
0.41029547971265856
3.844985181611264
0.7715451659314567
2.22339275086415
0.029706515866564587
0.9810753531201044
1.8777685786917573
0.6880889526510146
4.8613399298046716
7.544740352095687
0.7657362197787734
1.503330110834213
0.5084125231369399
4.433166988834273
0.07241911398887169
0.1986937251931522
4.229686033402686
1.400520660507027
0.2706008501991164
1.9641175388678676
0.696938913242775
1.2766942425078014
0.6619688811333617
3.153172286620247
0.28949564971844666
0.7897796493343776
0.22674855291552376
0.8891134207078721
2.7887092213350115
1.5326516842469573
1.3648889880423667
1.661263694986701
1.789391626167344
0.8732039586320752
0.910860640622559
2.165652517825947
2.4294987432222115
0.026078178081661463
0.21382060208998155
0.16197896187077276
0.4345945578679675
0.26133359008235857
0.2098946953919949
2.119749532226706
0.27302107417199295
0.6321764672902646
0.22867040176060982
1.1755211788986344
1.3168172990554012
0.41767817722575273
0.01338053542713169
0.6912251414323691
0.4845578744861996
1.9678632165450836
0.1090720598003827
0.004616909587639384
3.988692051367252
1.4830512302869465
1.0691116629604949
0.7097778691822896
0.7268908875121269
1.471074025539565
2.9078949572867714
1.6102227992814733
2.297187752177706
0.15947442592005245
0.19499525346327573
3.645750267620315
0.1062116778921336
0.34665598715946544
3.0735998437012313
1.188726453212439
0.637566127392347
1.5718023452500347
0.6800880130322184
0.08929333867854439
0.3152237674803473
0.5073523541650502
2.1595744537044084
1.4848436839529313
5.006083335611038
0.0019380651647225022
0.9964638099772856
1.0619165110838367
0.5730838953313651
0.11497226600477006
0.17299935943447053
1.8704777019884204
1.1032746444398072
0.252482410724042
0.10963114714832045
0.9633167371212039
0.29134639256517403
0.4495196477655554
0.08791245936299674
1.0945728865626734
1.488707180847996
0.36903230093594175
0.32920052550616674
0.5651496304926695
0.030417600471992046
3.169578727101907
2.621902556886198
0.0292003481881693
1.7160041498282226
0.7653838947881013
0.2266965009184787
14.63405068537395
0.1024298521806486
0.6568802013061941
1.1151750512071885
7.544185130667756
0.24911353499919642
0.5081947950966423
0.975927508683526
0.3502977785974508
0.2521754868357675
0.47684291723999195
1.5625148162362166
0.030157467379467562
0.5805609512171941
1.460179791189148
1.9882858966011554
7.364626577982563
0.8631454881833633
4.411219975561835
0.7605747411580523
1.309554825842497
2.4224640316679142
1.065539323433768
2.723378109294572
0.570577122780378
0.11641926674928982
3.7060251409129705
4.721547288019792
0.47932299600506667
0.0694088857708266
1.2065676439669915
0.1748759361653356
1.3840731884120032
1.7768551258050138
0.15871084881655406
0.43828536638466176
1.4507815680990461
0.8490298714168603
1.9149554614996305
0.8875045845779823
1.4803178070142167
2.9654858502181014
0.6247024104086449
0.9568548857205315
0.5653789671923732
6.6171003535273485
0.5446632394014159
0.6514335280371597
1.345848423166899
0.479310389913735
0.022582509234780446
5.610850107099395
0.017563802233780734
2.9675493770919275
0.8125118021998787
0.08457639763946645
2.2014247355546104
0.3074894310848322
0.3530205046554329
1.4649358340684557
0.9593593975296244
0.44632387461024337
1.0009985209035221
1.6830964714172296
1.1024529365531635
0.16466030625451822
1.1597096926852828
1.4217001198267099
2.73548772992217
4.396153566412977
0.10555497246969026
5.334084667149
1.600662061086041
0.034235621336847544
0.3147274683433352
1.524011380141019
0.4032603437663056
0.6219703309325268
0.23288913175929338
0.25359539096825756
0.6520309358893428
2.8318114364519715
2.5131694919400616
1.6372626056108857
4.929182322652196
1.2322690904256888
0.5762449820904294
1.3616362123866566
2.915465026671882
0.36806151214113925
0.35768191670649685
0.6750775731925387
0.20607744439621456
0.16545475584280211
0.9015536666265689
2.2522475417208625
0.22562295409443323
1.221856513642706
0.18716983668855391
0.5353485616360558
7.530370313310414
1.271981813799357
0.8455244413053151
0.24337787632248364
0.8487832253013039
0.6017781687696697
0.9731691607739776
1.5631610581767745
1.3964827034214977
0.9626840462879045
0.20132734400976915
0.8165908908558777
0.04507463698973879
2.538571358381887
2.3780058262782404
0.7425694705598289
0.19576614815741777
0.725968138765893
0.9431507281406084
0.9413696063711541
2.0610009198717307
4.4932128242071485
0.10258444341889117
0.04904963031003717
0.7287032223684946
1.1615312234062003
0.593295980754192
0.8697119653661503
1.8384161864960333
0.3465166969544953
1.4786381261365023
0.2286962894286262
0.2507622537232237
0.12260938380495645
0.2565114664903376
1.1483834463579115
0.05905664767487906
0.8099886711133877
1.4329398105473956
0.39989250811049715
0.4166373989864951
3.0799818929226603
2.635568188110483
0.3777482201112434
0.13211246285936795
3.062749966920819
0.614000051326002
4.027901801207918
0.46736210196104366
0.24967612685577478
0.7963131809810875
0.7919155963609228
0.8016164709697478
0.5219229356443975
0.7157815165410284
1.34725176707434
1.9656118784623686
0.6704778676503338
0.3820718433125876
0.9557576154038543
1.1572242566326167
0.4829307099134894
0.46970603401132394
0.656207842665026
0.8631961322098505
0.8336679558851756
0.9067500277014915
1.6959029672580073
0.24660264735575765
0.9485416141251335
0.6496585232089274
0.8139550276537193
2.858696553055779
0.9238582349935314
0.21841885782487225
0.04565655910118949
3.9324070727161597
0.0386153419240145
0.17976408457616344
0.0922799631516682
0.2645653476502048
0.08239780817530118
0.09374074802326504
2.9393218081677333
1.1760896961932303
0.973264776126598
1.5080056831793627
0.16211640037363395
1.293462409536005
0.11502378671139013
3.4699015583173605
0.4559810578793986
0.49161923919746187
0.05564403970493004
1.853902485629078
0.5716387941356516
0.8761543127038749
0.571178999991389
0.04738223255844787
2.385939790503471
0.7881304823094979
2.794537918380229
0.02631574118277058
0.8054034530650824
0.596759180582012
0.8198784373380477
0.13488059781957418
0.5477136235858779
2.6290678916411707
4.837281040119706
0.899743902598857
1.477929889690131
0.6464635329903103
1.0231040437793126
0.1684223246847978
0.31713316014793236
0.43812803599576
0.9012614785169717
2.2941798987303628
0.3420854712894652
0.049291358940536156
1.2660601531970315
0.6329549567744834
0.7302472141891485
1.969609592211782
1.2956960423762212
1.3069187772198347
3.0938033992570126
1.3849731040827464
1.5414842351310654
1.3063964199827751
2.032345609710319
1.1545733351522358
0.07372277822287288
3.1782810758886626
2.287858863128349
0.7053142998483963
0.405960806645453
1.0176516369974706
2.347135465897736
10.199500566421193
0.1940486951643834
0.08199812559178099
1.368574648964568
0.7732190281531075
0.6561040709348163
1.314896164331003
1.1043470096192323
0.026087289457791485
0.952297235984588
1.071528797299834
1.3096359738556203
0.5975195071659982
0.4994018624856835
1.7734401024936233
0.9021478753711563
0.46623736538458616
0.5907932155096205
1.344497885729652
0.1431184381362982
0.6919278649293119
1.709907493495848
0.028077850060071796
0.9649983313138364
0.0881440616940381
0.3470571944490075
0.47870611656981055
2.1902342588437023
0.47357164064305834
0.11052374284190591
2.1268879125418607
0.05075374343141448
1.5679141405125847
3.1412051921506645
2.2312012869952014
1.4198235674848547
0.6586632542312145
2.235982521000551
0.15245813319052104
0.1973032654786948
0.2634625370847061
0.6944582742871717
0.8993611325859092
0.2685021540237358
2.150993291186751
0.1283933558879653
0.23206246002519038
0.0574767837242689
1.7911776979162823
2.2390238047519233
0.27771486093115527
0.09084977243037429
0.1786249439319363
0.05423932586563751
0.45984647067962214
0.16938956652302295
2.9374011341133155
0.6328581425186712
0.7909331028931774
0.27983384212711826
0.11619179887929931
2.00890269363299
0.8564777083229274
2.7279262526426464
0.15544411665177904
0.042105884131160565
0.2259689670318039
2.1640416332083987
1.281774359595147
1.4991979560873006
0.22070818017527927
0.23838970105862245
0.07093414726841729
0.01824407091771718
0.03320724384684581
0.24502155983645935
1.2322019146959065
0.49311781862343196
2.922271293689846
0.5680958992161322
1.8773954731295817
0.1488699997717049
0.31341213002451696
3.252940619175206
1.5992108165082755
0.7822839546279283
7.456046305713244
2.14373818434251
0.4017021364852553
2.7436607175477548
1.412655753083527
0.5051954718801426
0.5740611558576347
4.531556607806124
1.8835216017905623
1.2489988028246444
0.2710973635985283
0.40677573697757907
4.236395511194132
3.950317254246329
0.186682238287176
0.5854488373006461
0.4203510205843486
0.009504141184152104
0.3723137665656395
0.6294510153966257
0.3202050818945281
1.9998198975226842
4.335562885928084
0.5424958069488639
6.08076966147928
1.1486475756100845
1.4682947664987296
2.7111229759902926
0.07136562834784854
1.6443697149516083
2.7158045468240744
0.9455492389970459
1.767821654342697
0.2153266268869629
0.3579510458657751
0.15405019093304873
0.3574191484367475
0.31878573348512873
0.3982382400718052
0.8388528160721762
1.9778448849974666
1.4265323046129197
0.7393058585003018
0.38625796101405285
1.205181713332422
0.45076500200957526
1.1453303408488864
3.622782200400252
1.121618281234987
1.2098761590168579
2.3796259549999377
0.4144519720284734
0.8560211297881324
0.2783287298225332
0.03516110629425384
0.9618024414667161
0.6710248275630875
2.0263656322058523
4.28997592626547
0.8447756602690788
2.4112483105272986
4.707709708323819
0.6701710913475836
0.19946442784566898
1.7554398442007368
0.05753557395655662
3.7968538978602737
1.0694550480693579
1.0125734913453925
0.8099551428022096
0.6667607411654899
0.2779103934299201
0.1893477451230865
0.4124629610887496
0.9698112236219458
2.3167195973801427
0.7126496179407695
0.6178613431984559
3.114099813712528
1.1016943342692684
0.0175706836162135
0.5040874279366108
0.0032291776733472943
8.284106709907064
0.19062002228747588
0.11173585602955427
1.5310811844974523
0.4385874855215661
0.20113286093692295
2.5278699829796096
1.0787856177339563
0.942842553689843
1.3794296569249127
1.0459118460858008
1.199405989202205
0.4169202568446053
1.3128838730917778
0.5724897936306661
0.18121842421533074
1.3943643105303636
0.05584940017433837
0.35015542090695817
0.7731050374713959
0.5415398245386314
0.7492666646867292
1.1575012406974565
1.6951436865929281
0.40269181328767445
1.288430014727055
1.3265057594690006
0.5718994644994382
1.2167159709933912
0.5978675233927788
0.4645975185703719
3.6904802311764797
0.5809934586141026
3.488358422109741
1.087495461688377
1.7738441846740898
0.27550497073389124
2.129886451017228
0.8167876463267021
0.26983576227212325
0.33098352927481756
0.014891910017468035
0.2693383582663955
1.0182369755784748
0.1699193644890329
0.28375498739478644
0.2095913744851714
2.0386276309000095
0.047914087408571504
1.421560981994844
0.891409163872595
0.4165090173482895
4.854803492024075
4.017097293763072
2.3010511167522054
0.20571595552610233
2.896448539730045
0.3097967111534672
0.17775615549180657
0.07492369384272024
0.18982278298062738
0.47903724818024784
1.0716688939428423
1.1897403784823837
2.0827127412630944
2.2602991443272913
3.825988580560079
0.25363026100967545
1.327128276359872
1.0417068460519658
2.6152048696239945
1.1275379101425642
3.6165626964502735
0.2716921829414787
0.6730999820574652
0.08705606308649294
0.3020807583234273
0.25268294438137673
0.26103029258956667
0.9223508952563861
4.164273667905945
0.5912679418252083
1.255731743920478
0.6143401798472041
0.288074574113125
0.1812433238956146
0.7986849225853803
0.5558451122196857
4.367894825336407
0.3519283025962068
0.9382687670295127
1.803300451982068
1.9665120978897903
0.6862374230840942
0.1259810348856263
2.3397496221441543
0.08761520628468134
0.4090532526024617
1.0865579656820046
0.2962863540305989
1.4675700074003544
4.004556757441605
1.8086843327037059
0.43838503483857494
1.4438366316608153
0.46605421080312226
2.4908383583824616
1.967847490683198
1.0198031560285017
1.029782639729092
2.677255882663303
1.0144879041035892
2.144432322587818
0.49137857362802606
1.9593575561593752
0.3373906828201143
4.910332461236976
0.6626665518269874
2.9223747314244974
0.24156940319517162
0.5679109796619741
0.14398628046910744
0.8551333761279238
2.330261391820386
1.4751156578277005
0.034829530195565894
0.6535348218894796
1.9359056376561057
0.8501820640231017
3.2027100515115308
0.17743961022642907
2.7849953868135344
0.8329768600815441
1.1604313897405518
0.6363449063210282
0.6653748703247402
0.38459385573514737
0.02179776641423814
1.3705444844672456
1.2533825916034402
0.7013495441497071
2.3719505826738896
1.3051228277327027
2.196323477139231
4.5745605622651055
0.5413082414452219
5.983710898843128
0.8509255922108423
2.2418421194306575
0.7387437269790098
1.9631815875618486
3.068886680455762
1.9667004545917735
2.5803669921442633
0.3453626940754475
2.180584141315194
0.7024486319860443
0.7810846227948787
0.1623944409802789
0.8997464530984871
0.9741005208779825
0.4411931867362
1.5673930489138002
0.23177622823277488
0.6310311101842672
2.474555237480672
2.0788622895342996
0.030823873399640433
0.7299327148648445
0.2922711434948724
0.4227541399159236
0.2489387652167352
1.0310090146958828e-05
0.060273721974226646
0.2708056828851113
2.5760397827543784
0.08072742031072266
2.203344688328798
0.20352556683064904
0.836585346260108
3.4246902139129816
3.818427624370088
3.5251010242209304
0.09916440820961725
1.6544364923611283
1.758900716318749
0.911812150865444
0.24569088309362996
0.07813937644823454
1.1802715171506861
0.9579081959673204
0.3100621015910292
0.22433687011653092
4.293318004289176
0.4757877340307459
1.6269715541857295
1.3467615257395664
3.7154615584295243
1.3647747457725927
0.9798824913741555
4.537326653735363
0.18480909717618488
0.11250512454716954
0.8165277454536408
1.0334015824482776
0.9828528786019888
0.5448107191477902
0.3303714621288236
2.5989051049255067
0.5248111303662881
0.987677196128061
0.7530510171636706
0.6464409375621472
0.9196445661364123
1.0016231270128628
0.2750143418670632
1.213756160257617
0.5044361751934048
0.3681080122187268
1.5836332104663597
3.057470286861644
0.577899688258185
1.1132382318028249
0.13256251758139115
1.1250306673755404
0.35919774949434213
1.8077240761340363
0.9298107637441717
0.4381406126485672
4.898404211504385
0.055180709838168696
0.8034174818021711
1.6258354989840882
3.3029047953896224
2.583102974720532
0.49666053263354115
2.319515467999736
0.8334784097678494
0.8621877728583058
0.6819235877192114
1.3094268222339451
0.7443710085062776
0.7454525335633662
0.5409652162634302
0.6436277410830371
3.1754707783838967
0.8581111134117236
0.5650647050497355
0.9152881827030797
0.5258539009082597
1.4811026120587485
2.030754722407437
0.44577979047608096
0.9451894058292964
0.41959721202147193
0.31527241293224506
1.4698224781750469
0.14361111499601975
0.5590939922985854
0.6913354234129656
0.09510148227855098
5.352031243775855
0.45054513338254765
2.5104371480701957
0.2083786047733156
0.1092470706498716
0.3632268974761246
0.1608911038347287
2.7527537266432773
1.7130908632389037
0.3344884792168159
0.5963009303668514
0.8998142723285127
1.2552344010473462
0.2846355592337204
1.5435289893648587
4.6990214266843395
1.878731532866368
0.20988759375177324
0.8194057257351233
1.8781204678234644
1.2564872537041083
1.1436318584746914
0.4665542247821577
4.653429022713681
4.761444389208918
0.7622266157704871
2.86426094698254
1.29598782028188
0.2826404770166846
0.7973224905872485
0.7408303640258964
1.9695114578789799
0.570914145981078
1.0410034607339185
0.06570515097700991
0.28308349383587483
0.32487814636260737
0.09093948350346182
0.24713847156090196
0.35373355851334054
2.350177831147448
0.3651350095315138
0.3013068315049168
0.4269536919746315
0.04465095516934525
1.8563410261558602
2.7920935880974866
0.410353426457732
0.5164087443699827
1.2613268313143635
3.071489113426651
0.5827983805793338
0.07777461619116366
2.791931025349186
0.5340385793679161
2.946688762283884
0.022533764175022952
4.491739461387624
0.9907869501475943
0.17811414595053066
0.245990611059824
0.809211757092271
1.2519962873047916
1.0995524191384902
1.8386218709638342
0.4671458294324111
2.221650058447267
1.4935748429707019
0.060047061459044926
1.980723496642895
0.10021449958730955
2.0254082884348463
1.838010805513477
0.5270966789394151
1.0461514988710405
4.270486624765908
1.253225337000913
1.004274098741007
0.087673448244459
0.4780570641887607
0.9211005437973654
4.6430990027147345
1.215095818246482
1.3461386822746135
0.2855390400654869
1.0183364548283862
1.070808457385283
1.7593145929131424
2.521127911124495
0.9920268636196852
0.19365339918294922
0.47300757966877427
1.5162557135918178
1.2374263180827256
0.11790672186180018
2.730356998043135
2.3961221415083855
0.18958944201585837
0.796939452571678
0.062397439338383265
1.3112506627221592
0.8694852713524597
0.06921757706732024
1.1496610196772963
2.8213715438905638
0.3692132359574316
1.3015810407523531
2.675400552980136
0.1468503312644316
2.61521011943114
1.1825263003847795
0.09133947080408689
1.9292717210919363
2.761872714952915
0.3020502526196651
2.676802264963044
0.009411239647306502
0.4586843474971829
2.204352524204296
0.3997155469696736
3.26624143756635
0.21574001188855618
2.492149669487844
0.14739392994670197
1.6848762551962864
2.6490793097909773
0.23259716562461108
0.20718899073835928
0.42649520833219867
0.19392703702033032
0.01792976463912055
2.4678470995277166
0.1323382675764151
2.494903739876463
0.11861053941538557
0.6560329972417094
0.3669375429453794
0.7158454045420513
0.418779862797237
0.6426463117968524
0.3522839529759949
0.05551828182069585
0.16197756133624353
1.2691898190969368
1.2703049516276224
1.962079616743722
0.01083174510858953
0.5117990548606031
0.8379737847135402
1.6190245455654804
0.6804054832173279
0.016817273834021762
4.4503979536675615
1.7204903117235517
3.688376278645592
0.6314080538722919
0.27868513739667833
0.4362193670531269
0.04853684541012626
0.47632239674567245
1.7472199271287536
0.071029857834219
0.6686728401400615
2.273751124215778
0.04687740789086092
1.0563625034264987
0.3687741561589064
0.6387938105908688
1.266647543394356
2.2176630205794936
1.9737917475576978
1.265746996490634
0.8114044973481214
1.5585088990192162
0.42806125595234334
0.2993268238642486
8.833600677127833
1.7483181283896556
0.5628997175517725
1.5826105115411337
1.0496873319789302
0.9129627668298781
1.8904068371048197
0.5111877177259885
0.3623524034919683
0.0069612554216291755
0.5817200885649072
5.421764098413405
0.1446602673822781
1.7517912323819473
0.7065315989311785
1.6950081215036334
0.33836382439767476
3.750659451325191
0.40696124703390524
0.5237468015839113
2.2550273888919037
0.3916330696520163
0.2228653178026434
0.4134922587691108
0.42493850950268097
0.6157047059532488
4.185980003356235
2.197957383628818
0.0850029058783548
0.09483899532642681
2.8701140523626236
0.2743464379600482
8.478034727828344
6.115696112508886
2.5585248147835955
1.2077525189088192
1.362246119606425
0.03386763558955863
0.19635252060834318
0.12423993300762959
7.416996856525657
0.8198040993884206
0.5845316850900417
0.011419626709539443
2.3595064231485594
1.445129755025846
1.9684306091075996
0.8568702613265486
0.7897986182942986
0.9078047475923086
0.2744714991567889
0.12488062598276883
0.5459527872590115
0.762540394833195
0.15338107841671444
0.028938754010596313
3.038540167195606
1.5032683207391528
0.40423879894660786
2.7643529982160544
0.587992703425698
1.3485521550901467
0.0593892619071994
1.163297740960843
1.8018748010217678
0.0029411257564788684
2.0799579423619434
0.07080938506987877
2.24236650072271
1.9408835708745755
2.034167599354987
0.0333266827656189
3.424721884803148
0.3311504365556175
0.6703901129076257
1.7949645046610385
1.103584312935709
1.865445068149711
0.20055523287737742
1.1701740228163544
0.5258147412387189
3.2255144713271875
0.049266297384747304
1.1386523355322424
2.461134518045583
1.085596993129002
1.7525104116793955
0.05761564677231945
0.8142092531488743
0.0056075667816912755
0.8478070468117949
0.5754289452743251
0.011270807677647099
0.5832839346840046
4.864111714457977
0.22729295240424108
0.865034114496666
0.35211405834706966
0.45943725408869796
1.8799923956248676
1.971453704245505
1.4506449306354625
0.20743649442738388
3.791168986732373
1.061427820692188
1.9241769401414786
0.3651224567875033
0.6729226045426913
1.4084972983255284
2.4607064621377503
0.22919905179878697
2.598429836129071
1.3471715698688058
1.1935005679843016
0.7791055718698772
5.380931315085036
0.10026503409608267
3.547654196328949
2.3908476368378615
1.0126836171548348
0.49553637858480215
0.4262496577575803
0.2994944350939477
0.14738604552985635
0.6362084755965043
0.07373019518854562
0.815822878445033
1.6109899979783222
0.771066339337267
1.2303639891615603
0.8058890397078358
2.627387423781329
0.2567778586380882
2.099273471205379
2.2135276245098794
1.299723843607353
1.1065674283890985
2.18477675243048
0.04564096975082066
1.5016356112464564
0.2769640384503873
4.4873856919730315
1.4166466047754511
0.015712517080828547
2.6178590119525325
0.08557121924241073
2.309200207426329
0.48633715337200556
0.6571013396314811
0.45511555632401723
0.8629758333554491
0.2038750438950956
2.3905081635020906
0.5422930817439919
1.1614679702179274
0.20532551418000367
2.8903893938841065
1.1477533569122897
0.045678127484279685
0.1723384585493477
1.2056744820729364
0.20122703311790247
2.6964616231562104
3.063675771962153
0.8199614807672333
0.6414699550077785
0.4080488309264183
1.3921924297028454
0.8533040829788661
0.02657613104383927
5.89627864684735
1.6748433724715142
0.7938740526005859
1.1129386403044919
1.834543164804927
0.8312614347814815
0.5855334815132665
1.3753351435589138
0.4334254903078545
0.10275242110947147
0.5185725991759682
0.2210402119671926
0.508591456731665
0.04668667068472132
0.026081591393449344
0.298381730215624
0.02947116002906114
0.9312063557590591
0.5982802954677027
1.4859670572332107
1.0457547271653311
0.08318727748701349
3.545190796285169
2.3356940218654927
1.1512807928520488
1.092726643430069
1.665228438709164
4.898185857062344
0.6535836981347529
0.5763912481343141
0.39023968009860255
0.3814178420288954
0.36272064172953833
0.3501488811598392
0.26344870272441767
0.02492761061876081
0.5462552386015886
1.0623922212253092
1.653507208058727
0.6938087123126024
0.519088599117822
0.259752087193192
0.18884979934955481
0.28034321482118685
0.4227194254635833
0.3736729911179282
0.0457491710112663
0.29325249799876474
0.901055183247081
0.48117033118614927
0.4353094655525638
2.830667276211898
0.4881554396415595
0.921817546884995
2.772142607544083
2.7287213210802292
1.5525378917664057
1.7220867725991411
0.5861931175168138
0.15021067549241707
0.6564051691093482
1.4426420764211798
1.6764446438319283
1.7317679810075788
1.891833343077451
0.11374606446770485
1.0124517416552408
0.058353916072519496
4.310686989556416
0.10174699878552929
0.18421496356313583
0.8437269406858832
1.6207993772841292
1.3773355701123364
0.6592189965303987
1.3213455123332096
0.6113716059335275
0.023707376822130755
1.0727230858901748
0.7249691006581997
1.3512689459166722
2.3291594645997975
0.1914276709285332
0.8939028281747596
1.8451093297771877
0.31825719034532085
0.802635991727584
0.12200456572463736
0.4799957819341216
0.5095076751895249
3.8382706636039075
1.4239603378227912
0.6673088169191033
0.2589902288746089
1.3145168257906334
0.7325060754374135
0.3112784007535083
0.1012711681833025
4.829107205834589
2.232799760749913
2.012073665697244
1.0333933875663206
0.15528112524771132
1.735264895381988
1.364662912019412
3.4317622221569763
1.6842527757398784
1.4623164892254863
1.3363357179187005
0.9035534441500204
0.5914783295593224
0.7637644996430026
0.5132806266483385
1.6139074765524128
2.6235122349171434
0.47952653098036535
0.04910253173147794
0.5436708360502962
1.1189494562713662
0.13255176485108677
1.7564766320138006
0.5332160691468744
0.19250119250500575
2.040202444564784
1.2991694842348807
0.6145250496774679
1.580316540566855
0.30639933540078346
0.7448380854621064
0.11002910901152063
0.24212119620642625
0.18584882233699318
0.0749254716647556
0.3729507080570329
0.22164894691377413
0.09911103967169765
0.024219571743742563
1.1148548987403046
0.012157482065958902
0.08727587033354212
0.06067967659328133
2.175227630272275
0.11756246225559153
0.31324983370723203
1.2123849267372862
0.36672535091929603
1.0959836622932926
3.5160812598187476
1.823729445663048
1.8930093477538321
2.965997444858658
0.3677215595089365
0.19276542695297394
0.5128137019783026
1.660486422071699
0.2511557488614926
1.140190017016721
0.030379774500033818
0.18284126905200537
0.8894512093975209
1.497924584808061
0.021831760357599705
0.45428348568384536
0.744257182785077
0.0919541533512529
0.45752951070608106
1.3341073957417393
0.4806400731031317
1.0577680409769528
0.22162228958040942
0.4512422734987922
0.1675144624314271
2.4688098755286774
2.4517866074165795
0.011533965356647968
2.0853835699963383
1.8176430898165563
8.50180928579357
0.14895276284369174
1.3518079007189954
0.2783220908168005
0.7499635001440765
0.21688385684683453
0.06534286087844521
0.46029984185588546
0.5408782049780712
1.4033920840593055
0.351142713916488
2.500762699288316
3.017656861557043
0.17600432605831884
0.5776148491713684
0.9752805635507684
0.5137733726587612
5.001939964597113
0.8954674623528263
0.9575575658091111
2.753228265893995
0.538762478492572
0.9119168112956686
1.9297836334444582
1.922606638079742
1.5631734661001246
5.648604082132806
1.4671874440246029
0.7885343900707085
0.06950225806212984
0.06347427306172904
1.200852476307773
1.763277578385896
2.8497785569779808
0.7201822498027468
2.0941332639340544
0.28647517767967656
0.022035590212908573
0.2762415215256624
0.19464664172846824
0.18937995115993544
0.905746132339118
4.117994544067187
0.4999310547573259
1.2578780521580484
3.556774814729579
1.1619172906939639
0.5542184212827124
2.499844648918952
0.3522857940697577
0.24715060004382394
0.05829522106796503
0.39077381741662975
1.5361738626816077
1.0420963782235049
0.7338775022362825
0.5601064724905882
0.24513313657371327
0.3885394204262411
0.6265618953038938
2.4327126238058554
0.018524078172049485
0.7022317796654534
1.587166980287293
0.9581792958633741
0.2428682532045059
4.341280233275029
1.2685055728506995
2.6152779577678302
2.9514596124354284
0.10252386498905253
0.5306630789709743
0.7424170266313013
0.22208913584472612
1.2910264358361019
4.033138788101496
1.5612871819466818
0.7378734496887773
0.14407220367866103
1.1956455113686388
0.1762059855827829
1.76853427986498
0.4916445259732427
1.3928425513004186
0.32529561323462985
1.0404589531681268
4.756122952399892
2.484192596079083
2.7784436554502463
0.9406324194569606
0.8576021637272788
1.6599101885949494
1.291057967406232
2.9059718777571106
0.18720985695836134
0.30457707750611007
0.9591079324163729
1.736025385573157
0.9938964427128667
1.9975308532011695
3.0485480163333705
0.18578132899710909
1.650432958296733
2.8641128707531607
0.8707656594051514
0.1749671629659133
2.826603990208241
3.5557921315776184
0.9668824835534906
0.33659562225511763
0.7118359872547444
1.0790723456884734
2.9846685479715234
0.7076322648063069
0.5483975044626277
0.4736393884086283
0.43372244166675955
1.2669342444860376
0.04604502867732663
0.029412946998490952
1.0573272331093904
0.12192556139780208
0.18048950539377984
5.801943610611488
1.1733297402824974
0.4235830669495044
0.8542362709558802
0.09743991287541576
5.316696623980533
1.1032942410674877
0.9937634400848765
0.27563921334513
3.117876735428581
3.7049325141560985
1.0107605162484106
0.46023838843393605
0.24742901846184395
3.633165679886588
3.1829790922784014
0.09454033338988665
0.934716322037275
0.8694274950976251
2.0286155053181574
2.0989675664313836
0.8571869374572998
1.6532539468025789
0.7550248185871169
0.39449577337654773
0.01634326526254881
0.46939132537227124
0.8694118372513913
1.0218317626859061
0.7929678522777976
2.8352508252719417
0.030310109199490398
0.49512019734538626
1.9764013749954756
2.895272457652027
1.735457995237084
0.6275646897411207
0.8322307392954826
0.812696681721718
0.8911743319622474
1.8071779425954446
0.291725646937266
2.2261733151535736
0.07838820503093302
0.9582325230294373
1.171562556817662
2.3428710835287347
1.4999168298381846
1.5164491863688454
0.13002875228994526
0.836348286975408
3.0042679594043875
1.618862277813605
2.4120186294749146
1.1175096425868105
1.9285808092245134
0.2849578809837112
1.7398624099296285
0.4657670761080226
0.07347712991759181
0.026926646154606715
0.27963767513574567
0.15549171081511304
1.7906025610864162
0.46004663094936404
0.4277649755968014
2.213835100759752
1.1043964758864604
0.32818706829857547
0.15511657198658213
0.9783163085812703
0.18241741073143203
0.22307885730697308
4.4999719631741755
1.884936654329067
0.378911961481208
0.2731043785897782
0.3765976592840161
1.4008396479621297
0.08146320001105778
0.7278353211877402
4.373582575761247
8.869631485446007
1.1673549370316323
0.3393855842296034
0.9932637281308416
1.5232246631057933
3.172545429202728
0.39745482450234704
0.9869648244639393
1.5103561128198635
3.46390342740051
1.1232734480581712
0.008520091301761568
0.13788908046262804
1.3468720993114403
3.8975116321526
0.5959504232159816
8.916458707797574
0.9493523837882094
0.5645886650454486
1.0232254277798347
1.0991689622605918
1.125014447097783
0.8934033283003373
0.08273257357359398
0.5073169993120246
2.435621171243838
2.0593316183512798
3.027858944158652
0.7268544642138295
0.048664378497051075
0.8956890780682443
2.933434333797777
0.7950502895982936
1.5262042353278957
1.7938561517221387
3.2726024194416823
0.057868801304721273
0.08237168952473439
2.3504111809743335
0.5312596799049061
0.841132107147132
1.9994706083962228
1.1533393924182747
0.6448236487485701
1.3790684882114874
0.18106141580210533
0.8156536075548502
0.6591797285072971
0.46301917983510066
1.6803463654505322
0.661035244454979
4.5516231345100095
0.3482035025663208
0.11526644788682461
0.5913300406100461
3.4017470668186434
2.370445545471739
0.8218393885181285
0.3833945067890454
1.3867113982560113
0.4821713730780175
3.913831280413433
2.20041539358499
0.7724488111125538
1.0977882300066995
1.2331685310200555
1.663069323883974
0.1574941205471987
0.5781660409702454
1.841400617864565
0.5487426753388718
0.500819172069896
1.2765761695045512
1.0250894386990694
3.7078219986724434
0.25907427485799417
2.007173020072514
1.9573106496973196
0.09707460203208029
1.2368375130317872
0.20982604549499229
0.35285832319641486
0.32469113133265637
0.3574210398073774
0.8797292294475483
3.585717907495564
0.7653296427597525
0.7230097785213729
0.6447163168049883
1.9479083499172702
1.7341237014479702
1.5960205784795107
0.5263060280267382
0.38559058782993816
3.404423737563775
0.052515166156808846
0.026663655968150124
1.4585383088997332
2.404839269220247
1.1452572545676958
0.6923084838490468
0.35344857750169467
0.1811293695209315
0.31385006486380007
0.8765749148296891
0.4387357238883851
2.228527173603652
0.7602299361024052
0.0617495198675897
1.7322709509753622
0.2986585435719462
0.4893684003618546
0.01660270753200166
0.07662873147637583
0.591833329614019
2.335852917894954
0.6841520400193986
1.004727047708002
0.9375687448919052
0.2651621775148669
2.0260867769102333
0.4808052433800185
0.2187556559802033
4.943302590618259
1.0885594851861242
6.908464767606347
0.9194502443278907
0.7852165744407102
0.2882727068354143
4.750208362514968
2.414941518291016
0.7132785317953676
2.127175537374569
6.114024031776353
0.2979528401774587
0.4919119336118456
0.4523745105252601
1.7313377379905432
0.06092223568703048
0.604552232340211
2.2920936158043332
1.4440415436256444
0.30872890682076104
2.5227609305729857
0.06358419441676233
0.08891326271987054
1.497932099213358
0.27955481874232646
0.39364182551798876
0.9284987974097021
1.777144803883857
0.913728175801225
0.6296017590502743
0.2993860017013503
0.8299086931365309
2.306473780728993
0.6560601843812037
1.761645264690742
0.9951437547715614
2.006404415864381
0.1540920577244833
0.006287196432822384
1.41349841018382
0.23847603119793348
1.772304353027721
0.5513528863812098
0.04097300165449269
0.3077336450951407
1.385069908996229
1.3112404083221918
0.9760444673156599
1.4016312500607455
0.4888948842562968
0.338308697741013
3.13976418285165
0.2529368691757554
0.028587146822246723
0.021770080435089767
2.108233343111351
1.1167146013031015
0.14614641037769616
0.39214620598067995
0.33199290350603405
1.2039402322552633
1.3512761508463882
0.7535435650061117
0.040790209925035015
2.1769850362907164
1.769325051442138
0.43986386868346017
0.02950043129385449
0.05836375728540588
4.330269162499462
1.3623083320562728
0.017791189326089807
1.9121419115253957
3.19523873658909
0.988159372456721
0.8022428966651205
0.487339331273688
2.17265370899986
0.9762183618004201
0.2938647322007455
1.447858074621763
1.0230574114975752
4.362567706222762
3.8552233469235944
2.5294171730492963
0.2796824887773255
0.4388083084631944
0.04971011834277306
1.166845593819744
0.8315352094796253
0.08331277045363095
1.0408196688513272
0.4367673080705572
0.6890696594200563
4.647730944896466
0.2127516412147088
0.43925303242576774
0.5048986600741046
1.1179834916256368
0.4217658673878759
1.0243253975349944
0.04903984340489842
0.06395856753806584
2.365704020645353
0.733665049134288
1.2578658164129592
1.2687761211855104
1.433594571382855
2.492153939223499
2.151281018203008
0.04273776306945365
0.7726700931525556
2.3301150830084225
2.320928227476543
0.7531588792480761
3.25074411946116
1.4854911182046635
0.3297038647579029
0.906602812858182
1.4775007438001921
0.23304178567195777
0.19851218805706594
1.2375354594405508
0.45489387211273424
0.21859098349523265
1.971765114387381
0.9504270500037819
2.9142246902629267
0.5811213023844175
0.4764660478249425
0.5092131304991199
0.44968059213715605
2.468565716582816
0.2310349258768838
0.8170768940035487
0.22123838475090452
0.18229432818770874
0.34437443158822134
0.9968048981536413
0.8939200507447822
0.3977100016345503
2.494291353330482
2.1772607187886024
0.516276931957691
1.7887692902731942
1.0966400599718327
0.7899647034646478
0.4745081360451877
1.7048901921807555
0.349266668810742
0.4923581535258563
2.385318384069251
0.0871157702349592
1.5304292717919452
4.940015032829251
1.6451258245942881
1.2720332030730788
0.5017961256380659
0.04872935762978159
1.0993515700101852
0.5313191128807375
0.1387786236446118
1.333389141538646
0.11821673592203297
1.1063981407205574
0.271561487854342
1.7182898408937035
1.3433159859851003
0.004786154662724584
0.29083321506914217
0.8605834739573766
0.6534735833993182
2.105889043523348
6.9785843025456415
1.2648375749122351
3.869978538379655
2.253399734836421
5.346861536541837
1.076020537497243
1.896743488352513
1.172757393651409
0.034570950374472886
0.354082384481444
0.29574600752675906
0.1955050826218212
0.33268682268681005
0.7987767470185645
0.26403108052909374
0.07530512833909597
2.338258461211808
3.2563698615849717
0.06270168586343061
1.8075686810479965
0.08131251019949559
0.03869665472302586
3.323728508941713
0.24448266041872557
0.5826283817441436
0.6436984348256374
0.33096147059404757
0.42146194832457695
7.928739600247354
0.19166863766440656
3.4426173919200664
1.8142495227075415
0.11957540296134539
1.090963493770687
0.9533683002664475
0.3813575739332009
1.3615233749878826
1.067473541785148
4.138624586514197
0.14429984836897347
0.4256780107389204
0.8110563320369693
1.1647171741788043
3.556878406641772
3.6473143914336106
1.5658588450605748
2.176572493670392
1.9137045354873408
0.0983050684153568
0.1633886696654372
0.32516234841023106
0.13306374863896053
3.174553935867152
0.017569623756571673
0.8085244214889826
0.5107554246205837
2.0007477911858587
0.03851823518925812
0.5982983592257369
1.4941292005532887
3.349350008444162
0.4511292783136014
0.7825032449618448
2.7056766255846014
0.939192545687547
1.885623694601236
2.4855492838541977
0.31543509221228305
0.5006528906524181
0.00658710120478645
2.9471257105615223
0.462287630449282
0.056447291921358556
1.5012391579075484
0.1413514802698046
0.37966908849193715
0.20967603972530924
0.6961191342124948
0.9991661476960871
0.08865171553043183
0.06700838735559955
2.8424870782910148
0.6932818413188215
0.5690866216027644
0.17460775891959202
1.1234261620993493
0.3057749920117203
0.26805865425558295
0.5123097705945838
0.023261973168700933
0.7183227912610164
0.47840271776658483
0.4443030770344194
1.5899204645684222
1.8554401155706728
1.3723142587841721
0.06615129199053627
0.1663551258679945
0.34887031649122946
0.48764994443627074
0.641559881521971
2.552427986593102
0.016693143101292662
0.4032152056606719
1.0128932913357858
0.5303715569898486
2.0152415316551924
0.5975223180139437
0.13925413355173077
0.8705077312915819
0.5131575577252079
1.2225678827962838
0.37130959724891
0.0783927058801055
0.5960075417970074
0.22977888060268015
0.3701079318707343
5.830419359481311
0.07468277413863689
0.050640819274121895
3.242634831913165
0.20936994462681469
0.18595102918334305
1.1755155802966328
0.6497310608974658
1.0908742159517715
0.9487071944167838
0.42762869865691755
1.017805318828323
1.71136260961066
0.1672844140412053
0.5064719521178631
1.881871625155327
0.19984153936093207
0.4403136221662862
0.7995792068977607
1.2019604092201917
2.1474129581911257
0.4680456630012486
2.374959986846079
0.11358941103389952
0.46701870049582794
4.697010867253994
0.17249679400993045
1.2761635421193205
0.2648682746657869
0.7124181581602897
1.0437349035782972
0.6770951160870027
1.3721553513751132
1.2381912610289874
0.6704370341903996
4.763401930555119
0.07612086889275815
0.08233264504815452
6.752431363929645
0.5815383810404455
1.935253222094616
0.47193111026717816
0.888094373367494
2.3966497429355513
2.207301704576821
0.0022433317644754425
0.7932795995293418
0.7821122167515568
0.6950773765856866
0.20260752785543445
2.7148214416811243
0.0111058393958956
0.340072088787565
1.7900434948678594
2.6813734392490005
1.1964178329217248
0.7329339727002662
0.10133726686763112
1.7709509180422174
3.855949462435092
1.638769546378171
0.22184088245558087
1.0154587200231617
0.15823799183999654
0.9227176850108663
2.719978315421031
3.168236131677986
0.1859025024168659
1.3216651292750612
2.7051233862293884
3.0066681410826277
5.863050373780425
0.2646653082338162
0.120445232882048
3.768541368248407
2.895927335761371
0.07456822073436342
1.309602442124742
0.9662949649500661
0.6166941425180994
1.8175517390773166
1.9573270560795208
3.1979322633123957
11.75034986854007
3.6699706849467475
5.337071658286732
0.2787458071834408
2.820840864951606
0.9654339304252062
0.09314275678480044
0.4462068121501943
1.1115195543534355
1.609634700420429
2.327039510506438
1.2323891753330827
0.01790871491539292
0.8066994075197726
0.3836119879561011
1.7873373284819536
2.3858677108510165
0.5103648718795739
0.2420632917783223
0.08753172318392899
2.442086026945617
1.6813708468689583
0.4266187983157579
0.13009325406164862
1.3478203181148274
0.16661371654481627
0.13832055994134862
1.540413985872874
6.9486594497429905
0.4875883853965206
0.2482229768356774
0.13397679534682538
1.3135698428668547
3.592809531284729
0.653177785265143
0.6123650257795816
1.0438566344673745
2.0556650906364666
1.8210737510380568
3.3300170217553386
0.030039600242162123
0.7048960377433104
1.0236187692498788
0.7621943387930514
1.1541297640069388
0.7730218447686639
0.4581721237336751
1.0536242290545488
11.602024222753244
0.7199622742045904
0.9445791540492792
0.42416178168787155
0.176757320863544
1.2979941995581612
1.4474051994038746
0.19473599740013015
1.608854637001059
0.9780309518100694
3.530892565220711
0.7134595884126611
0.9956170905352337
0.7320003640343202
2.3542009013035567
3.8911061375692952
0.3023360702791251
0.2515775477513671
4.726956953090848
1.7001584391546203
0.12008716155833099
1.549170275015058
1.7761586331180297
0.5429923962510657
0.1065109688352095
1.0915244192729006
1.0808338763017673
1.3137487119383877
1.2187881417339668
0.4009637912531616
0.5830130475806072
0.13428230729186907
1.199376946024131
0.09532617776130792
12.312690849677892
0.7453512859938201
1.6938755233568372
0.05493664156529121
10.891449520131573
1.2078281577705638
0.24687678407644853
0.6802121994551271
4.113395837062853
1.844026346487226
2.0853963656554697
1.404107754919096
0.27716053639596794
0.9842057740024757
0.023335809775744565
1.74265248249867
3.43412147226627
1.2191478382446803
0.981888860129402
0.17250462695665192
2.318643828839413
0.800275959976716
0.5745059937326005
0.5540053797303699
0.49969458411214873
0.6197280039341422
0.07605412344855722
2.234138124535093
3.2456079022667836
1.331339860058506
1.4580954890407156
1.5415166075836169
0.2682014237798285
3.25834280916024
0.36907973140478134
0.2127909564442234
1.01808677749068
0.13573465624358505
5.597792398097226
2.418819625498145
3.709711385279661
0.19876517260854598
0.6552840387448668
0.14094763543107547
0.5098182771762367
0.964916301498306
1.2220580695284298
4.525598362466553
0.21374646769254468
0.38777217602182645
0.05791959566704463
1.1298790355067467
0.39942787420295645
0.4585512632475002
1.331623335601762
1.6114422534737969
2.643680949229747
1.8164248289976967
0.27566323295468464
0.7899496323952917
0.018718768827966414
0.1523667780274991
1.828593843660201
1.5207026765856426
7.449130030552624
0.5728592015948379
1.6001214979914948
0.7345456332259346
3.451222658783081
0.6470682894578204
0.9452579369681189
0.9893724593857769
0.7692626276839292
0.3498263837827835
0.9457391884498065
2.81579975533532
0.5158209856745088
0.37252172677835915
0.4800771509471815
0.37634715394233353
0.32853896531742066
1.9422325848572655
0.4263077194773359
0.8041748424293473
1.6873785509669688
1.134621138422517
3.5020803400111618
0.5002322338405065
2.3587145628553117
0.18008235484012403
2.6516020942508476
2.0152014381455956
0.2790412809845293
0.5195853340264875
1.5042910485208267
1.4710297221317887
0.7846102749463171
0.0277758641022956
0.7380123073526192
0.2683689436817076
0.3839374408707954
0.28460428418475203
8.489542450770386
0.48667799154645763
1.2223575846874155
2.1318314433883643
0.6399588036292698
2.9608352819050197
1.1992304181912914
1.8195350485912059
1.964355447445996
0.9036477287882008
1.3677007794904057
0.46750914395670407
3.5926771469967207
0.16175942154950462
1.4927976258040871
0.07601506833452731
0.2914646492281463
1.2704915798676666
1.4333237905520946
1.930180687471875
1.8854864401073428
1.5579808094335021
0.24305420347081963
0.00772461605083663
0.6985945490887389
0.19654049594828393
5.175588000987773
1.7494133849831996
5.216630825656466
0.7733816062827827
0.5282967376842862
0.898951184382895
1.695935045630904
3.1507462455774657
0.8069316425244324
3.059937389494735
0.7159109079948394
1.5082890715711983
0.7248995826375904
0.31427624564094003
0.5007956615299918
0.8327103953051846
0.4618832952546654
1.0503859886375722
1.0347624873829773
0.9671182269376004
1.526761637403979
0.5823687500233063
1.4577359181275824
0.4706093819113448
0.314644075682736
0.5307941691862652
0.018450605377438478
0.08334305863536429
3.3068322378530866
0.5079336685012095
1.2050530019041616
0.05478270145249553
0.04181409296870697
0.4368314534658566
0.2628420222608838
0.29323334382206667
3.6693142279837048
1.6284376026160317
1.975009851390496
1.4104936452349648
0.06134406506316736
1.4497657922183862
0.05989299110660795
0.031201167366816662
0.1664471331750974
0.29279846740246285
2.4556809424975654
0.3948028734885156
0.0712667808693368
0.3986716075305594
0.57409904927772
0.16929453871853184
0.247247371065896
1.6135122960986337
0.6367915396112949
0.6836181971011683
0.39542823085503187
0.5704587294894736
0.06233779797912575
0.6768172229931224
0.04797215685539413
0.8990628922765609
1.1256827878969489
0.6165314182144357
4.773868419128121
0.2851195918483427
0.8324312110926257
0.9901108002813999
1.2660727876791498
0.5619032420800067
0.005726316318032332
0.8007660562143428
1.8965947479591705
0.5206870276160771
0.2905280441773357
1.8837468404963147
1.5676380271906964
0.3258723640756216
1.305591165801161
0.07737174631620292
2.42739782728313
0.7094805207598256
0.05148462767829187
0.8891397776606027
0.06709577748551965
0.9356365616695257
1.8010537672089413
4.584376554965274
1.1601989302725997
2.523822913688491
3.2039738798775943
0.8998417875409359
0.34893127730174456
1.1676206060947152
0.1627151589782443
1.010621040710248
0.48008775172638707
1.670213121396955
1.4864784045203123
0.3121308094850974
0.11091685593419243
0.557102587481495
1.0224106929526897
0.07831997715402395
2.641333965177182
0.11953773036657367
0.5500299083505524
0.7898731428576866
0.5428489204059588
0.7964633735391544
0.648719820092083
0.39852496511593927
0.8966156435781159
1.9092508753819857
0.7081579059304204
1.352310855378164
0.6015221146662952
0.12441342957026791
0.5109099146502558
0.5965175687306328
0.13283506206062157
0.6957550361985341
1.0037472750555025
0.32075968947901856
4.003090950878686
1.914416424027877
0.15335062799567822
0.7283178389916429
1.5376340786169749
0.17888160875008907
1.5549496280727908
0.005755454287282191
0.033578597285668366
0.5052092540863669
0.1304882345139049
3.2909695348498644
2.9867592775117373
0.29668659035814926
0.5040074513526633
1.0366314375860384
7.674045525534893
0.020651581915444694
1.2966288022580557
2.5065940840140684
2.126833073562011
1.302222000711481
1.0245509023370687
1.5407445051387185
2.9360572898876853
0.4845268987410236
2.00622341959388
4.942408419970889
1.0382621225726325
0.35744873258227017
0.9628405290713999
0.24113229176145978
6.219242179795401
0.05112485964491498
0.2609272857080214
0.04890566579706501
0.7073558789852541
0.4011536728939973
0.13216913351789117
0.6943412482069107
0.5039661048067501
0.4506506870384328
3.350266261099023
1.9072811290534446
2.988861960649956
0.8638291435636347
0.19719103710667696
0.04219968704273924
1.4631535954831634
0.5556072089530062
0.4005406463256804
0.8963292345724767
2.6253706099960255
1.0574016760656377
0.25040310152689926
0.058240712562110275
0.8630114743573358
1.5832188237836817
2.3224755158589687
1.5145641059207264
2.179066692086053
0.7899538933706935
0.43435749372292776
0.3236577625211794
1.518197981029516
1.0478089139214717
0.08934863668400794
2.2531650402088417
0.11229796672705561
1.3609539211902302
3.63845174794551
2.7379428046697285
0.18561736792617012
2.030025218598894
0.038307449329295196
4.394645395848784
0.05389816551178228
0.9019578272855142
4.928680833487306
1.7742803101718891
0.09516576632449869
3.012536456430098
0.592071525650681
2.4045946505793836
0.2101663670182461
1.0041048919665627
1.0073295368201798
0.6298885398282437
7.003728744835826
0.8311826304561691
1.0955608458607458
0.5231027757254196
3.2456562423467403
0.6263646487932419
1.7854812932637287
2.993993500000215
2.547415493580047
5.876911582017783
3.766972202123725
0.12067453023337293
2.2067684790235944
0.6238122240029043
0.023633082208107226
1.4938771100569284
0.4471054268797161
1.5315427370805992
0.013029190711677074
0.4422575516218785
0.8293728150456445
1.7963056152366335
0.1723106303543318
1.7543565235973801
1.6094536987657193
0.6516004375298508
1.120095973397838
0.24636058900796343
9.180849921147455
1.1033004857017659
0.43110806155891623
0.09142005415924359
0.07333934503549244
1.9307293780584587
3.0356227306619985
0.30283074780891184
0.8680348565831082
1.3522705864452291
2.730654726969078
0.28756835432432126
0.3785403209767537
0.44414192358090077
0.4090027992933756
0.06586150857037865
0.3080846431548707
1.331836374476552
1.9904543294542236
0.28556268983811606
0.01495352057099808
0.025235009496100247
1.240132085251389
0.7373255344427889
0.4155541223153705
1.3255136509833392
0.9451144800696056
0.11728811016655527
0.5902765614300733
0.6516951845551375
0.7767023033084115
0.20290905378351454
0.7793294904549839
4.806882510893047
0.7991802662727423
9.192948669020552
2.108245278359391
1.1339783542061923
0.7012552752275951
0.8757598597585456
0.1903424514166545
4.322511403763201
0.9189028795808554
1.0307083856023382
1.537600257259328
0.9172860372927971
1.878735287275049
1.5159316526260227
0.21287722229317296
1.5752258830470964
0.07619426229211967
0.18086505751125515
1.5215030816470971
1.033893055820954
1.1010867223958485
0.3085269876901293
2.0253450216259807
0.5071838937728899
3.15844766421651
0.45514187311346177
0.7707920694519999
2.6548694931989303
1.3281191157439025
0.6885125406988664
0.33605740769417025
0.6698328404308995
0.07478394190547988
2.8235314576450037
0.03495194726565387
0.45399178536899853
0.29092387680429965
0.2770577869960107
1.1501869395724498
0.09417366499837954
1.746120803974918
0.027865271156770177
0.046365652917302214
2.029784169208142
2.764733412215719
2.9184497594687855
1.9251231440139236
0.07359894765249919
2.6289825006970204
0.9330566509015625
1.5959974938014057
1.8758521420822944
0.15477056308009196
0.8172181877453113
3.946356333079166
0.4345426914951531
0.7518357554799877
0.09333744988543913
5.76554462146305
0.7412405934010167
0.239961125611444
0.6250280620297417
4.242025423242012
1.5609429865435231
1.032437035246403
0.524518653342966
0.12268695514649153
0.4556925728684291
0.37939333126996644
0.36699102562852204
0.2883752763591474
0.2884336998395156
1.5095209502032958
0.029612401413032785
1.645409120246768
3.134745953968377
0.6506590813078219
0.5760941237094812
0.8561804304190446
1.3673590430989861
1.2943958958494477
1.7038924828375457
0.4911529151140712
0.13729349014465697
0.19957890997466166
1.6779470674518961
0.2672788946510991
2.1668186472088564
1.8016236012481386
0.5827975942374906
0.1077371223072987
0.421304620715091
1.5661642353225034
0.5464421321084956
0.9925990126939723
1.506907298884471
0.8554491722752573
0.12664358294568956
0.9057530499558197
4.944125254231039
0.8636523613822646
0.71652296333923
1.8519491080369335
0.2993179948098259
1.637164064857643
1.3129837857413804
2.052727112080902
2.352711767918663
1.0335690649517346
0.6344885633006925
3.3238139271124965
1.5948985885479487
0.38220690582238603
2.360463877019356
1.0098195427417522
2.3614000419911463
0.9691956118331291
0.027290937228826806
0.1365240129380254
1.224487010127632
2.2729292478470597
0.7559142095124116
0.4593261414265726
3.220730601242394
0.43541998123691883
0.1579137251683278
1.5869631541427225
0.494649998829118
2.1912849638902117
0.9029458456061548
0.1975819512445014
0.2862296861130744
0.9756481025106041
2.1244161104259547
0.45112069603055716
2.7740950240695383
0.831661515738233
7.403459492314141
3.0209368624782655
1.043542745130253
0.24589275057951454
1.6218997530813795
2.4957950029638596
0.7858548779768171
0.7599828041711589
0.15483438558294438
0.5765524619491771
0.23255508783040568
0.22487623177585192
4.011052702204324
4.259733517610584
0.14675434250966646
0.6047528575873002
3.1117612926173024
0.19279533723602071
0.5056363087642239
1.792186681777821
0.011028373730368912
0.4608054236014141
1.3622201778489398
2.594849828441511
2.0146252095146338
0.17537005072517786
2.8305843234120402
0.1870478984346846
0.5629793258267455
0.46326524671167135
2.4014316027605673
0.42409487237455323
0.058824756895774044
0.0427794303977862
1.6200574046379188
0.3536565673130099
0.8391130888339831
2.80175845141639
1.108261267261696
3.605906466138549
0.9724713457981125
0.3533154228935018
0.11458800249965861
0.33510745462263003
3.0581462288682815
0.2629135655151913
0.25099563841649797
1.4496359170152573
0.5983613840944599
1.116331344412174
0.6101387783710379
1.1178378853946924
0.10684995281917509
0.11237016587983817
0.29168831344577484
2.5607224173581926
0.4331702625640901
1.2016239441436483
0.4936089441180229
0.3634789138886845
4.053313874523155
2.6820313015778083
0.8619343492027838
0.47958480719535146
0.18973517176345922
3.7660086063406197
0.14727789630705956
0.8231634885305539
4.3775179736258
0.8871737551817205
0.045498060309910215
1.1024379979935475
1.431251819463796
0.30029194643429946
2.086746429311461
3.0025059580802917
0.769303922454128
0.09522790576738771
3.35126915948058
0.7827232186682522
0.05561424346524291
0.2008894731698092
1.6941180433495902
0.9259624813130358
5.39855815138435
0.9098733925638953
0.11875961236364674
0.778937719122041
1.970927692920668
2.4108794841886265
0.5089241948007839
0.2818711581348907
0.017285437905229628
0.40674603122170083
2.323239396486315
2.454334274123539
0.18142632876697462
1.938551677914802
0.15493645316746552
1.5672069959982764
0.08488006428524386
1.8883932434400776
0.10827676439657807
3.2517454756452935
1.4603062494425103
0.05215764949389268
2.2087723361619283
4.048238777570077
0.19708882323175203
0.12062522323685698
0.361350162565941
0.2687262383115012
0.7447103670565411
0.5059996599593433
1.2161358696612297
0.4245577401452465
0.8993438031029655
0.3607423506327905
8.478645559574943
0.008822619085549377
0.6623576362035237
1.7941012613882776
0.29680806034593843
0.7135411760827992
0.2946044060809072
0.007514626151532866
1.892657051605056
0.5248331373004476
0.1129871156590525
2.9646314753044862
1.2659638455806999
0.09860718325944617
1.4634721399197588
0.34108325895795133
1.1615080615592888
0.6661173768952722
0.7746817699226085
1.724977912264876
0.07797958445735276
0.5895053255517269
0.6338804275874281
0.02914763116859831
0.22547402167401742
0.21829907059145626
0.12450900420662947
0.35184371411742177
0.013316341341123916
0.37835519934014883
0.9732710217795102
1.623073034803383
1.2035410767275607
2.496795422077412
4.788324644774548
4.405297991674161
1.2886061060562497
2.459400334948441
0.28245346718176734
0.6105178954603616
0.3310235264507355
0.566830945390393
1.170380725263385
6.365651379732299
3.0369714779080823
1.8047334981674794
1.0159661401121411
0.09411025761801284
0.14952341068419628
1.345886256560334
0.8560421549336752
0.22560838914068881
6.305499140522443
0.4273160604207078
0.1713240089447936
0.010447440799907781
0.18368595582433045
1.4568788971810136
3.3295435579348123
0.43418551597278565
3.642383685801178
3.6879554144543363
0.023011751181911677
0.38099668227368966
1.3247303204116179
0.36376120743807405
2.07205747810076
2.031843757155002
1.9677022645337274
3.4369796389946714
0.11854025795764755
0.2640656606236007
0.30696397727297153
0.20077067798411008
1.391347929238691
0.5208581650513224
1.715297655769973
0.0527731210750062
3.5391752632858697
2.4365556446282426
0.12375787520431913
0.09433129023818765
1.487480699812295
0.1802854268316878
1.0606560628366424
0.20095003725145943
2.3819389748678077
3.6064172408659942
0.8720362593157915
2.577124330258812
0.2963504084473243
0.4325448963936651
1.5408073485450586
1.2084854439744959
1.5152588756463956
1.5051847168797394
5.047246813657694
0.08677206277207006
2.388815881597111
0.8413020334992325
0.41119801203603856
0.7048315370630007
0.012491023051552474
1.2094974002829986
1.5707559880102053
0.0754686242871685
2.201807787991129
0.706561001992668
0.8430921955005033
2.9954671982704895
1.1536376079602633
0.16843317695020232
2.1559287050622515
4.091256486586644
1.4688712788192788
0.5945694435358746
1.1958172317536082
1.1457667223294266
2.2667924047418637
1.688424953550566
5.039374912536005
0.541034196226974
0.9295310134039028
1.7935711244790582
0.374250859284075
1.6746156692970544
0.20558266718580853
2.6067365708295256
7.1008480142918415
2.0963669237098657
0.4887541799544124
1.0820678437594324
3.1820048722001957
2.44823875153088
2.506688766705338
0.1678554289683234
0.7978959858883172
1.5248903639876517
0.7062474779668264
4.553595017379848
0.355167835514294
0.8760996088094544
0.7083841552230297
0.13737975659023505
1.5959970581607195
2.0979145274759503
2.6147886518592713
1.6979217390908161
0.3622717221005587
0.1437451060191961
1.0594842872960726
5.311002798305708
2.912077098939335
2.167772695698659
1.0683670850121416
0.8232505763735389
1.0807513395848218
0.26830245746532455
0.6616574591753306
0.25161203792958986
0.20429936880827881
1.8518814465787727
3.548515278380364
0.2386309985886328
0.2039584068406839
3.1565488364285557
2.7292070933181094
0.5629313556128182
4.746160887807491
0.7592274003545754
0.9172296480974182
0.29834221152123064
0.33876825717743486
0.7133767579653068
0.19435403471288737
0.5801066377025563
1.1790426149382256
0.7898752993933158
0.3236176891514333
0.057472205386147834
0.5037768658075947
0.3637907286029076
1.8276798350561876
1.613205843110336
1.3751412977144355
1.4596493729623035
0.08063255944580305
0.19232750934315845
1.6925682967848843
0.9717762840009527
1.080364187626401
1.985850427983678
6.455184939695755
2.6610062746331096
0.6047478241525823
4.959830954030622
0.9811843234783737
0.7242153093538946
4.146184189448832
0.4902017985441489
0.7427640591049567
1.3610060520732077
0.38758095176308416
0.8185015104681952
0.1724195997667266
0.12649322510696948
1.941182766444399
0.42521755349298473
0.09321505863044877
3.2016490413370775
0.030810143405687995
1.9125885709217982
2.924922003992833
1.9922193464299198
0.278055230184691
0.6814492583071114
0.0989834991923999
0.34197632397990674
0.014494039816781878
2.2000517634733114
0.5009638558985898
0.8642467708705226
0.3233966994594084
0.06315526794060133
0.30372434471792076
0.7715023450582521
2.6055662317521637
0.04156476818025112
2.0531375830469187
1.2333495034108637
1.7388530694879591
0.8003860154130962
1.342552139016334
0.7234559510397958
1.4345523735973984
0.9988109430851182
0.9666167038813
1.20895796197874
1.8092443202622235
0.013395274101640098
0.7243261680123396
4.447410752400174
0.9828962366300402
3.766667593852617
0.16810670867562294
0.5889507856627461
0.26333461004833225
0.28388351829198655
0.9349017742497381
1.035369410936255
1.2183931726758601
0.5314588686742354
0.21375283165252768
0.15979554571094923
2.571604923447012
1.2091755232249852
0.049617265816777945
0.11361863357888069
0.8087764823285397
0.9476086544891587
0.17148645140696317
0.8992040174925933
0.4818456267094007
1.3209864285163349
2.0121312764531467
1.6618182571110083
0.10049844914465211
0.4836431896255817
1.3497182445717044
1.3717996064806357
4.966789235753822
0.504478874761844
0.4593804345204262
0.38666753328288905
0.9855017258814769
0.6333680224634008
1.8358802843285957
3.879178018280072
0.4111085671465844
1.3832398336817278
3.2523323164641624
0.039436388105968945
0.23433028504950926
1.0027781115786638
1.6841381898266263
1.0561184468242573
0.7915207275946159
1.316781062298105
4.808210883013089
0.6182193375134375
1.5924416053749155
0.990944734250661
3.577657252579229
0.17950019855925348
0.17148465759237297
2.1256827986217104
4.431386322816252
1.103249220570433
0.63669413907337
0.2754685788822826
0.344047020378639
1.611272562702652
2.4289972403785214
0.3327059789589839
1.413601727457717
0.6849908776057418
0.8139397078048205
1.2013070258835796
0.8670399349066429
0.9474766536586685
0.4688087154063396
0.6839722029399127
0.056137801919248886
3.303360341771622
2.1827482236840297
0.3724538569804281
1.3155562737520086
2.0468892573553603
1.1320345619751606
0.1453342078748392
0.5067295836634003
0.1945704712125007
1.8527390675299102
0.6006153196212836
0.39691322296857834
0.3479693467525067
0.9766347847908037
0.46102742945367936
1.9028444341820432
1.781795365808648
0.9486853574926499
6.326560357236303
1.1645417819090653
0.49776865796593484
0.09668508463073522
1.1007191651588073
1.717343170341337
0.1260641713743098
0.944682664325228
0.6939055776310852
0.2605090832366841
0.4122090909659164
0.08388747298158705
1.8612449594802456
1.2016482847247971
1.5869667619408574
0.5328801752184518
0.05617968691512942
0.1650189267093083
0.02699990257679019
0.6380635346285999
0.37994335345865693
0.3004137452226132
1.0288144453224959
1.695425549056381
1.154025370531599
2.1218049664748833
0.37367229763185605
1.5164798273326596
0.4211009998107329
1.931445921843988
0.2535278785653645
0.5523952275398187
0.7843149525288027
0.09524707564560231
1.1848187271971256
0.7511411858722568
0.0725198976288084
0.533594502005144
1.6879786842764588
1.4541825628257357
3.3145133896614425
1.3526544650521828
0.5856984364218079
2.9707672668155283
3.2462906783039216
0.45756077399710193
2.259330208733445
0.5855209277797258
0.6101401233900106
0.9519893410615623
0.47571135066391435
0.6418623861245578
3.2120176601747517
1.1220180821692338
1.3700416169449454
1.6081677848560503
0.8389208443986718
0.8959323750750627
0.2585660591867054
0.7974488556792494
1.6579496212943923
0.8959434775606496
0.7307509882230079
5.120787694278988
0.1677149130118778
1.00357998815889
0.3494588240137091
0.1262534746201709
1.1738526057597483
0.4406037126755109
3.472845614218386
4.055392248585122
0.09418108862882946
0.5826870852906723
0.7598755804065149
0.2150809846643824
0.24835647393774707
0.13011673955770675
0.8425965403584996
1.6375797687942395
0.2664685859926976
0.6018552595342044
0.05556150323536713
1.901442836940987
0.8860812464845367
0.2605776240961859
0.18275458135758527
0.16728598202462308
0.2971797890786547
0.2740440179914003
1.8276545414992142
0.1755577196017839
0.24319525843020529
0.3347471193119418
2.4663695016497513
3.511291336501017
0.7538030272116885
2.735829060417018
0.292288721393561
0.6117759054759517
1.8937268300942378
1.0696764276217436
0.00852051428228151
0.32387094062869437
1.5647107672411948
0.8383226313162595
2.146939101992757
0.02040805092838127
0.49018066974531393
0.5401785730500706
1.0863158363645198
0.03492987001664005
0.31520531128626317
0.14027935550257098
0.27778077745460905
1.5564077626622748
1.8270916513720294
2.244161590046133
0.2607836867100559
1.5841525947616901
1.399424147894024
1.7051401960779913
0.27806395091465674
5.125294618876069
0.9030260923609603
0.7647556719457498
1.425789797474863
1.0365909499087138
0.12877543925424106
0.020604735298547894
0.09426472241466399
0.3217003111494705
0.11162079208588693
0.23867826617788523
0.013963885765406303
1.4827736758161336
0.3780679615738336
0.9229231718200026
0.05563512281514704
0.35927296977024525
0.8115328679268714
0.6326709087879863
2.7187410978076514
1.3623830300493864
1.8587580363673624
0.2818578172737034
3.9236857588839484
1.178617089506588
2.833172488739365
2.4633083805965725
0.12004662258550525
0.31228622210619505
2.1780035049887374
3.2984460795705672
0.04108183033531532
0.13291838187433314
0.24595892481738701
0.7595588006806793
0.00040463735058438033
0.25402105442481115
1.1493211376509862
0.5448252424102975
1.4221933943917975
0.7470478187606204
1.2098284503881587
1.3031047014374053
0.9914571405679453
0.12470894239959307
5.445691912158509
1.4963039740978274
0.6942366838193266
1.2003494232340017
2.142714124536724
1.1133714420575416
5.244077682044008
1.0053838231542613
0.08733602157735731
0.07599559923983179
0.2924024327658117
0.8179973820369923
0.7757794577628374
1.7229153258958831
1.8531847035337705
0.7347449393855641
0.6211622086120769
0.061256862623849884
2.7086990530369803
1.592538889744901
0.3691140223381808
2.0343283116526436
0.13879368707421236
0.01771966344676912
2.274665060758707
0.7242667124810396
1.8949366352753714
0.24157191439007875
0.5957300047302851
0.48640547940158285
3.580971416682587
0.5990369045757689
0.7080478591815336
0.70169629380689
0.3044008777505951
0.643009547420661
1.5987282013666118
1.0346378897374962
3.3651943402946927
1.274030697371927
2.972019770561019
0.5329084349505138
0.16208763192116749
0.07546130975242704
0.6846983326249756
0.4844491514377296
1.0136077241186285
1.2325363032432506
0.6830808767554117
1.1079948110855184
2.5293688639212633
2.8638440666691167
1.5594438645930495
0.719389492427581
0.7174295348668238
0.8810628289793385
0.004756467838888057
0.849712204770185
1.5286378438031534
2.6475223527522758
0.07779818959534168
1.3972384748776676
0.5172098630428081
1.0276513077114942
1.8020808465225855
0.7214364787068916
4.107998335821321
0.8868772102723597
1.0848619513853919
3.1044847150187707
1.2920170934521593
3.4357617895293515
0.55712945968844
0.6869935778086074
3.2713280508614844
0.1797122129064519
0.011486822593724355
1.1507421248097671
1.6422223194385879
0.8916865170904202
0.2682834402221488
0.4840010347252246
2.2840347153542098
1.3249921361566521
1.69776760712557
0.43477199411427137
2.827376975561492
0.9096388933248818
0.46610909719311167
3.626246222484042
0.7541317996219732
1.8258498608774971
0.7286443835764658
1.0825263955775881
1.7385904760303674
0.8604367167135933
8.117026823296328
0.19606795432628132
1.3914325540245045
1.2390027088258648
1.035412129436736
1.3482239438890247
2.6864369766262826
2.120364473114023
0.12961944556445815
0.42495474059251137
2.7772622185584623
0.0622785878367722
2.0975409649545327
0.04969590615655761
0.6968269549397519
0.027634151090751402
2.7566677730792435
1.1892773983709048
1.1446575371664949
0.5363890138687566
5.49963711136661
0.22710060358804185
0.07743016371387057
1.7206092821725179
0.01962189280311577
1.3087295238656225
0.8597694862401113
0.08744932585977949
1.4061243321339134
0.6973762686247937
0.051866868394427
0.10494478902546689
1.7862011657271069
0.20944557747861836
0.24629073703545146
4.474380880550598
1.6411231924575986
0.7726988701761002
1.259615726346965
0.018422698602080345
1.1086880735092564
1.6690476227086037
0.123709594423417
0.20913096889853477
1.7795442672359059
2.6810080405703047
1.681514760479331
4.74179739979445
3.5824719803058542
0.20771247973607387
5.635245363562717
0.3959732558578253
0.12153726026008371
3.4443878196907463
0.8407900295133004
0.24829890209366567
0.1621516544109909
0.2415950872382382
0.014476536714937538
6.3039043265307555
0.002652306779054925
0.024818931124173105
1.2002967086154968
0.2980290468694875
9.45933517201047
0.15378376840089913
0.4835681139229564
2.011083171251812
0.4763953874062281
1.0738210892595816
0.5034485056676203
0.5410739896906307
1.3700536969990935
0.41794706338259857
0.03618214474408887
1.2790454019996105
0.6081905236060265
0.20128671423299238
2.410543576334021
0.25452230432711076
3.4531840055424254
0.6296327985910466
1.187572094539064
0.42416841817612294
0.27536471968051046
1.1375880903069628
0.9635434616357088
0.292798674228834
3.023853086968302
1.229327949884464
0.19415155582828447
0.13001286846701987
0.18549238159903325
0.6841547983640339
0.0660838726471411
1.1013344897073694
0.6996764589712257
2.5785316801047884
0.11287310675834306
0.5750443204451585
0.48665758143761195
4.529260706680361
0.00960393289278727
0.7421677078382345
0.024008963620872237
1.4238616144139087
1.3707223663077457
0.5229259627230931
1.3907927344553173
4.767382784964866
0.24709287499717902
0.1544973481213674
0.7122131626383634
0.32162847618747037
0.08395202028623316
3.1582533869950566
1.0754433029942447
1.0244148115743883
1.2102222125831759
0.211888484787778
1.7963027093792334
0.6892575249512447
0.2622401164844632
0.8819846507103648
1.1419721583661158
0.03372058874811046
0.08789309026906267
1.4160078758577583
1.2763484933238942
1.283713176700985
0.9514655297389254
1.469211886433186
0.02519229862082284
0.2566035101626767
8.899736599079915
2.0914548368600663
0.4597302031761501
2.3632164875452872
0.6430092761002015
0.1901467189018149
0.501721734093735
2.363535148455412
2.2143307531659957
0.3843410494446289
0.5564587817934807
1.3454475795588223
1.3036224600218702
1.677058290122659
2.0327564237231854
0.3896267315139994
0.9573353514133487
0.2911311065981863
0.8428542008914519
0.1104116107308073
0.8798463758430444
1.3611896509682992
0.41791889746673405
0.19039169886673335
0.42592593174776994
0.19678744563134387
0.5044643627043115
0.9556332144566113
2.254044962959597
1.7976044031529455
0.3635868979472434
1.7609547726315213
0.5421448619599687
0.11112222936935723
0.19867171524674632
0.5410952395468485
0.7660307589103468
4.92991961100779
0.15321831505571026
0.38705372986441944
1.759077706024982
3.4958432132552844
1.2865050082909875
0.1897002219047863
1.2377777466463158
0.19681511976523325
0.5451425915962318
2.9041428102646023
0.8482629742502468
0.11989511580031831
0.5301568370632594
0.24304689749260433
1.2734697592968587
6.316025199412252
3.6232741764979437
0.8792639637977118
1.4514379298489075
0.4187477431842126
1.967092905935715
0.9656566551857395
0.15959516068687662
0.42497748698224314
0.33193036282318644
0.35432577233586926
0.8045418076362694
2.555725460377289
0.010774776776088402
0.40663179859984666
1.4149514332093531
1.3955557236622553
6.389466319422354
0.5583097084891051
2.2266571585205384
0.2536522187292576
4.565255408568191
0.1415859190892661
1.5479113497858634
0.49793551491166
1.3475374660629313
2.236747575676418
0.6978502972633578
1.4028630204411456
0.21847691910807043
0.32158148076268844
0.7943531882337993
0.0006542229821207002
2.628055798675632
1.7978339066758053
1.7598450953082647
0.6800879306247225
1.5824466573540121
0.3576907654351089
0.7440307874931023
0.022306332481093705
2.215548557564034
1.0792197551199934
0.3868656858248869
0.5303807850577869
3.193235419836128
0.15703496291826013
0.8159792708174791
0.05577388824895024
0.07394067911081947
0.06214829809323419
0.8885468430962646
0.09529769099026453
0.4791152600228088
2.4217420368077
1.001583723074873
0.04843996358977165
0.9452896174043417
0.32385363917273935
1.4192649493925273
2.430560080843861
1.4901537347905105
0.5697758942696964
0.3142938659439096
0.37257670710096136
0.24753934002364986
0.04137558463844471
0.5290531158971135
0.4956711386766983
0.22966127513791434
0.695392536566942
1.2142646281135967
0.8847608540381771
0.34722507909464184
0.03567403087799903
0.11744226448354311
0.08763038353936281
10.607211455630022
1.3745637366373558
1.1937126471311785
1.8068714007240487
0.5409667163185077
0.41450411854020786
2.471196088794386
0.6978873832413228
1.1066971765685594
6.382572070899187
0.5795602361904457
1.3460545324196573
0.10251951981626917
0.33232215062889736
0.09238941902003717
1.1152215242909733
6.5473806358349975
0.48441826294583734
0.7540233311010525
1.7468792241852498
0.6265071795351105
0.05823601226438768
3.4600966262514703
1.5480590876250062
1.7974497797549702
0.029763412894681096
1.957918236774276
0.08965018931485247
1.1343885192763992
0.5480305832461454
0.5811604551272467
2.3112661197810667
1.65614884578099
0.7147779129591072
4.050008941747365
0.13432688078319188
0.12003792051109485
0.4668227443762589
0.5976651611708803
0.034314377917326055
2.192717198486207
0.33703531966602895
0.6946767975023249
0.47036371324793436
3.3053595370147377
1.4132780801446643
1.9487994455557782
3.574799328634981
1.0557619554165285
0.6369267745467369
0.04009056564245839
0.7569953261991031
0.9871725489210803
0.6425030354002956
3.057504082447849
0.022916337882634252
1.0300250932050403
1.1066760611138307
1.3164549042994622
0.6442182863538619
0.09623189964622725
1.9674033493356546
1.2430381437152391
1.3928407836210681
0.22907300165388733
0.07115584021084942
1.6777352627686923
6.3179569095227635
0.11028267498477362
0.6741436911106575
1.4212043045117753
0.753002581637702
0.4958774863916915
0.5899411513819359
1.1928919338679407
0.23293361910327803
1.0967325630335836
1.5523015969229164
1.0579406777687836
1.1956025200197473
1.403010216759867
0.3512373207922792
0.5527763536956627
0.4263436653127428
1.2824715913302498
0.2845094408112345
0.36213798499375116
0.2981925309577491
0.5686963188782101
0.6632069728511851
0.32692792513989843
1.3358882703614654
1.9083921443670988
2.2327780255000107
0.5245802247954998
0.6978511603956576
0.3235487136989832
0.3099639524007216
0.7590124446141999
1.3376575108704856
0.27506357316451613
0.5809707726584747
0.061662077700020745
2.179991187687847
0.8499936534353765
0.7111138912296155
5.625199895948754
3.2827403818664607
2.164348956430331
0.6447022781649139
0.04380380280781537
0.03734795477066655
0.10723322501871735
0.21334183790895622
0.12619473943777848
1.5437689393293113
3.693513569611241
0.1416239115933422
3.3893605739431223
0.956988262347295
5.585560440318659
1.6987021890090546
1.8512656595703447
0.3836769957852084
0.6515745037759189
1.1019383555831155
2.3730967707379023
1.3733927662251517
0.3515303457243135
0.24595712304289918
1.6833622918784386
1.5031911262194626
0.011150006306706928
0.14602435610140674
2.5353054545848863
7.6190539704984985
0.3558293583919294
0.5145829524844885
0.5268119249667507
0.8676898234116379
1.3721032817702508
0.2797496508137556
2.232368857075926
0.32149258175923023
0.8694411722099176
0.22739211669249926
0.4707661115535302
1.2893655151565326
0.5892951918503968
1.8845316735532833
0.4797585470805643
3.6196781210019253
2.1723976981447777
0.21878548055246938
0.2991896197927417
0.144218420406105
0.10669929279538337
2.219236919117975
0.009874049908830784
0.4142863942834083
0.7962909043126274
3.2561608540127054
0.037545253057032824
0.6808858952572336
2.1754251827806
0.2887533446919406
0.01825451491458807
0.12220534717198461
2.4859773031785153
0.6456280308921123
0.5602725158532849
0.6296957287122495
0.43159539563930593
1.2499917602108326
1.5461230712389806
1.7878483487002086
0.6606177592766471
0.13145427161362022
0.12058752383745741
2.7926319450198207
0.5449526014708681
4.316189642253448
0.15939476297353394
0.38278068737417925
5.0151264183659805
0.9097131784656085
0.22037836676463485
2.11225582168845
1.1439873470080784
0.16768663261609618
0.6931014912697719
1.7731886929395841
0.03369208124058787
0.4736107724311296
1.3863953745894833
1.1444622007838916
0.0910086472867988
0.7256351951800752
3.4931437250052113
0.7005408726690803
0.4065179083700059
2.4854803106572945
0.3779170911730034
1.1779193306865636
2.1618759115517605
0.6624192170565948
2.7236368104058784
0.49784511646430474
0.012370548240141943
1.440378990067984
2.5683554819697747
0.07753589456842747
3.7849921506567625
3.2435024796577636
0.5606505938631017
0.08050656437990256
1.4680581696884474
1.7742167703108862
0.19245170227077324
0.9085363682388561
3.068003289256012
1.8607646857417421
1.6975031030015089
0.45691609881760087
2.1639128034585156
1.9879454861074919
0.12711883161682636
0.662616716537741
0.7755763176101027
6.09581391751999
0.527413518371759
3.8648598786094226
0.013493206861312501
3.3881713027803926
0.21314421651186422
0.6479869313334348
0.18549425408127718
0.051759216890786774
0.5325968676770572
1.7577893760317238
0.9485954811243573
2.036159036651952
0.5694412810407812
1.0457481010525953
2.442856204652344
4.372910509482608
5.056667470125831
3.180519427594845
0.8603587289981078
0.009485459158895537
2.678379039396532
0.12770834090770222
0.5631218670314411
3.9321869751729537
0.3570854293211596
0.5367148278746754
1.80199146400264
6.395868490537396
2.44157082370657
0.08230782832833938
3.1554416486615082
0.6372301393566886
0.2804872976994375
1.3477611081907526
0.5860028044990031
0.8998329981404822
0.6309218964306638
1.1833692897780566
0.3848571061680559
1.0280126235593343
0.8900973159034038
1.1363636438036337
0.10800649457087275
1.151748992560897
2.449587430106476
1.9020101826026803
5.594280512596015
1.5505970886151772
0.6480736738594715
1.8021395585383289
0.6970349579351023
2.6855593668005895
1.2071739011007594
0.29630281012214255
1.1528080950374715
1.3961993319098838
0.7868045868381159
1.4477424846991198
1.0235129701613914
1.5630189649382373
2.0699247432494303
0.5940815752692288
0.19027569970057812
0.10271459240175318
1.4123731547297211
0.09637157506949734
2.5762624742346816
1.3733249733195407
1.6600604620180093
1.1895058615482412
2.141814927570522
3.3253889141778927
0.26984969559998717
1.2391979772219202
1.4270302717777668
0.1307825618860079
0.29728928282565903
0.8541641110205092
0.3211996115423972
4.687896328148781
0.03608160566363949
1.061403150582919
1.3305271475255722
1.9069594230968505
0.4514766809588764
1.592182910637348
0.6296044654009165
0.5122858571849065
0.24465770232200157
0.5205900561122689
1.0277435054304078
2.2416269813256804
0.6641582213051151
1.581439084635349
1.509193122619763
0.5589858484017896
0.048634061065968126
0.21779021224938333
0.7481365850981092
0.23502816252585035
2.104193710081745
1.3591083113860805
0.6201748214953113
3.8620707260270137
0.28867313238151837
2.4042007997777546
0.8216786677803611
5.473628490086412
3.1517743045988027
0.9469213169650175
3.895066801458597
0.018895862333010882
0.9048021351918578
1.214491047852789
1.6277042706351494
3.5227275926008588
1.2125487470329972
0.37821751221781597
3.09706005215412
0.013624965911731124
0.4496493253536755
1.2333733336417936
2.9846332053566584
2.2927654675149824
0.020890691987005994
2.7313428201014176
0.034562062297482044
2.4065777866344433
0.5835569550399669
1.8202518289617728
1.0605811714631272
0.44974276080029085
0.7362026720657013
1.735347209556494
0.46021342258609366
0.6529598591878312
0.22684102137282025
0.4103998248465359
0.6574680704361526
1.1298166020860663
0.04575964070681948
1.1762298387475312
0.6566717690438963
1.1457475681963842
1.6832758989330614
1.1287871792010264
3.109238456992898
0.2073006478312891
2.8254673308256315
0.00939898107026238
0.04976969709969126
0.4703132323047612
1.2159128603088902
1.6254557667271001
0.362187212871504
1.6238286598527338
1.4173864174081245
0.28192652312282007
1.364151050831424
0.30098486770293675
4.496624430394149
0.0595817787834676
0.36281678908562753
0.27849733574839775
1.639534330155584
0.8123411753622349
1.4899533599527786
0.7087767384800827
0.18544331728480756
0.041745912880287506
1.0609475529636256
0.3397446410090197
4.447614691714989
0.250847288640216
2.0949281307839556
1.68267242705042
0.8801713623251999
0.6987696726282593
1.6642501517635537
1.9186667899921304
0.19654258350783493
1.2142917091550771
0.03965757063997444
4.989117567485664
0.1272596820781473
2.6844964578340296
0.9577326268627075
0.7899373288819334
0.7788830536155729
2.850503910012776
3.219182861648733
0.008055833415710367
9.069097083745874
0.3082400178100215
1.874035973509308
2.614152410576935
1.0658826472936198
0.7455954334000126
0.296975432196632
0.9869524430978345
0.9587767212069593
1.1705364822264528
0.5782092984445626
3.35142614346114
0.5985283325280761
1.6204835069511319
1.1570913349278271
0.04689994909858797
0.9048507917614188
0.7959396526712226
0.18220840362482704
1.9494005885353545
0.5554930477810558
1.3236651876504766
3.067227799037937
0.1246636485302588
0.7703258119436214
2.198333682201337
0.44651230944145937
0.44435703626368195
0.492008342029294
1.2459169263311196
2.197016089252429
0.1122363532485906
1.1241136572643882
0.19913582668232266
0.21720030918368138
0.16767601332685445
1.1470469968917314
0.2393347929319134
1.0934661535575287
2.386307202046737
0.9941846957226517
0.5772876053524669
0.6034489747835323
1.0091519221896306
0.5389282769901911
0.20646870670316275
2.0022910981351743
2.1837203050672542
0.6657630612171488
0.2743205886945361
0.6093089568457799
0.47610141737095546
2.3070218106004177
4.794479408083134
0.55634547417867
0.8744454711995786
0.8125452816311736
1.9399382436095038
1.1489265721465927
1.9870375325990608
0.5753121139714494
0.1027031174453441
5.448696149425814
1.5134313526796177
0.33110202685929835
0.6853537002607482
2.414195334436954
1.4428446102538146
0.16041573720576707
1.465899858623743
2.4527521256386535
2.297723775729537
1.5387896891043056
3.117926534221624
0.8984548850421561
0.6307285020011477
2.1404665063600987
0.392638269928284
0.15090969680750277
0.13150923348439392
4.053406221268233
0.5838916586071718
2.9079058348288527
1.8509385557699716
0.5154299651912879
2.6835754178173374
0.9116211649670731
1.3210088927444303
0.9230061890848447
0.38493936057784595
3.116220779978903
1.158431366129662
0.03229691546584945
4.305801557711675
2.7596545997657813
1.3901943880773615
0.3715121724671917
1.481796936946921
7.0932029300165595
0.7395170681993477
0.9059408811590401
0.05345977045362815
1.513654472088092
0.48472052936267573
1.616885119379731
0.9535199975798605
2.3553780173388077
1.178412134249811
0.3562734992301557
0.5741945099580334
1.4762880491034593
0.18408215262752492
1.001027576145134
0.06925888865953311
0.6513570411334513
1.2635176075564232
1.6857754362863488
0.8308531759539619
1.8167508380283834
0.8470077662495896
1.1265202170179691
0.6277072441589553
0.4849664483917877
1.0589752393279923
0.5999507464439375
0.0936533205822343
0.10946158551087137
0.4566943916870514
3.9093669587746263
1.5718311421805993
2.4118895653955406
0.4110928129084641
1.731619681158918
1.3667288870638004
0.44339511773432605
0.09923973647528328
0.18921426302404143
0.7267522697802633
2.7822143374214647
0.3270943277166225
0.9089619269943796
0.27450565352046397
0.04656481687561609
2.1372934998362325
1.1783292969776085
0.4327029530395521
1.1645070804515854
0.5436288772471016
0.03000830089149531
0.6619630827044602
0.51324197401118
2.5061189172265586
0.9460631422698498
1.775767402999918
2.5346538559242617
0.3672159002308035
0.40732309500162955
0.42997471582202706
5.419091225776356
3.9637048593576765
2.071386247771443
2.7393604938552016
0.039971333637367934
0.8794781604810851
2.312768640505965
2.471669144826592
1.220202573662391
1.970798002774245
0.10119769432640169
0.6985141086188378
1.148618730439921
0.8156210784218274
3.2341655689378968
0.5444362678244943
3.184053057615529
0.5318785807030508
0.24773873110825662
0.8094260360230692
0.8473267730587395
1.8114935661142226
0.28420330659719184
1.6037190993665718
0.5969237344397698
0.33770447978167795
1.2007188294810476
0.2383322328387294
2.540425223982311
1.2345708152424777
2.9564490824122913
0.11607890226878226
0.15064900809375104
0.44652018445776775
0.2750546052993741
4.1042878831067355
0.2549909274530364
0.7941897214041092
2.146973699258524
0.3859120358101791
0.9571225479448913
0.7683758918137755
0.5847419257188449
7.845631398406113
0.7817223711899715
0.5864004445320461
1.6659084392013028
1.4908995308214799
1.8165906198410084
1.8052500332705677
1.0002677299198695
1.2884855697629973
0.11249982003937475
1.615863750790595
0.8327442504523788
3.6073310606443556
0.5833209043048555
0.09013899843557738
0.3539041760523105
0.3054759346123319
0.09121737151872367
0.6971721212612465
2.9736413333303062
1.8961222472717054
1.4801788113982184
0.9957661691732937
0.08627303424873389
1.3668298483389663
1.069833749497775
0.28035969159100205
0.1332346665149089
0.05143595200206619
0.3223199466447113
1.2356503832124872
2.3268626387871336
8.820031454291893
0.6057469829684123
0.019402559046284296
1.0853359824395739
0.31270132400095463
0.5138793472433463
3.637748470893712
5.355428681272315
0.27180677879368886
0.08640858231228776
0.07481389789609239
7.382958011090523
0.3710209187993314
1.2182618318329332
0.3753816223324975
3.1632908286555903
0.003846328312647529
1.1124676689505577
0.45746644446626306
0.07563580998976249
0.4207443823106587
0.47392063528241124
3.352753472106997
0.2906838484632317
0.7146085180866066
0.8601493794849375
1.4313216699083569
0.190774271482951
6.538115785209811
2.2574666209548013
2.4498883193009533
1.6139887583558448
0.7799801108048996
4.5712179113179445
1.159953133246745
2.865029852866428
0.4208095110079739
2.0625308558664983
0.7495619378460106
0.20519520892412402
0.22498922438535374
1.4872971072327346
0.3435727697942639
0.2046271582803456
0.04341602431668434
1.6644103535218164
2.0097999481804436
2.3056131015182473
0.021727633677073754
3.171931193166529
2.49193033760821
0.6692446586093865
0.6119454037834657
0.024014374605030753
1.4541001728066476
0.17678555627935566
0.9459560227696784
0.1272024524223525
0.5611053474422079
1.5819922134833178
2.6802604581898777
0.4080248126119841
1.3662215048243525
3.9978058771812357
2.962080019628047
0.5466286830924219
0.09273012453923002
0.6457051213947125
4.996228516756673
0.23156713279604446
0.6132462905225111
3.154483975333278
0.5475453217659378
0.7816439401067328
1.697591982971062
