0.4748044578373083
4.43974050990073
0.8106727560916624
9.824907231435645
4.211342786798923
0.045028566873952514
0.7995235759262869
14.468381141938153
0.20708132536310586
2.678570292151562
1.2501920775393955
9.892362688704452
1.5567851734194846
6.529431987863063
8.4234909222032
0.7115456114515837
1.9546047961011936
4.470276609768916
5.403425084921764
0.08604733690663124
0.01448055294531514
0.6406846741811023
1.1110143403966504
2.29908362405331
0.18521212478299276
9.59538663125204
0.6471378670285048
3.6397330485633574
0.29576285106668365
3.031577807458234
0.9341972772381268
2.101038814376807
20.040248721568787
4.623407965769729
6.582687343314319
4.494144054780918
0.09165439467687975
9.169609316286369
4.379932658426696
0.5283428788607125
0.16791335038215038
0.5547923487138178
0.20236700615350856
4.4795140495407395
3.9372830119609716
0.43583836742982385
1.5489639702136628
1.1979406270038453
3.5682488280217513
0.5067624785078806
3.675872823128884
0.0868616257866961
2.3758847973222146
9.2997467528985
1.4247706748901692
3.638591793314845
3.7973478825806524
9.630957279339782
11.154718888908974
4.933873600730294
1.7892389279550116
5.380945942259132
3.511476954783575
3.0595879530374077
3.4292231022227497
6.7290252694438095
1.726715254921146
4.433186675152683
1.2113767537884996
0.07672584762985935
3.227634701957868
5.630113673421874
0.21820540583939874
0.9308931833256793
1.2186257621142431
0.09465091137462878
1.3602838592887565
0.9777676336707373
0.2663573963473027
0.7592957269880571
0.14200282897581928
1.2515489604556933
1.788441017997684
0.7174471503749373
0.08575527738139499
1.577840123885835
2.5098431346195866
2.625826666208013
1.084140811683028
1.4874799204808369
1.530439557038335
1.1685201924519788
6.238991956633981
7.9520851883607975
4.598184529138962
0.23978232091394602
0.4328316096107301
2.9682407471009356
0.032321943413990084
1.918726697927923
0.9682575616752729
0.08145589886044036
1.2170710416357906
2.562138427831087
0.5480376145897026
0.05581349597196095
0.6283550838743395
3.7696872701453685
0.7595514009553881
3.5754806270997506
0.4330500320829742
6.563603055175918
2.4124950867990265
3.80251545298961
7.570582675747573
4.5196485736414616
7.736720018689084
20.13826297092237
4.655816183589195
0.520199458438583
9.124300644551113
0.3533272687673161
11.01156733820244
1.4637969585419341
0.858173467549932
7.254248813354934
2.68826136584903
6.43634660825046
0.3591193449756247
0.4811038247680699
0.8089043850523012
1.3444646175339585
1.3396474620894878
17.189866307853663
10.607184000535199
12.227049614873977
0.00529999312129803
0.7881076045632653
1.1907663333113305
6.709015761753108
42.14712861134467
0.090241497833631
3.9909678854746744
2.8656927830088534
2.5667704098377726
9.640267715807568
0.28360882122797193
6.849421648908901
4.178899109017948
5.055847710234957
6.353160787595698
3.2963973995319975
2.9648306342314754
2.717839826880663
7.1826466867059935
0.9950385421252577
0.04057517248293152
1.0738239992751915
0.8933828965164139
3.247479417888826
0.23484718799954862
6.677088739026658
0.34988450051969266
2.20724802595214
3.943983966993983
4.553144640241953
2.9929716177466617
1.509086123060115
1.9866195421818702
0.3274583590682596
3.0818948118358094
1.0612040191444976
8.186042114157317
2.9439166744159593
6.9869050065135525
2.0941043509265
9.476837015143246
1.5658018026479112
0.8184109812937095
0.6954084043900366
2.630586125760601
0.7483930698763288
0.8901879096847551
2.3135055243983516
0.23671600517627667
0.19764463850515313
2.0356358010612894
0.7407248741510557
0.6735277158659301
9.440206808456423
1.4940209423584747
0.6095397497192607
0.30717839685530635
1.774710654419323
2.0420684143100516
0.4979179145375383
0.5899642491203849
3.134996908782341
1.1730337904918997
2.0234367004850355
1.3507977695589943
0.11260522348311497
3.713383551737934
7.604798637414206
0.06886752375794458
3.682664642787131
1.035949626333604
0.22543406994373072
2.3584459584708384
0.5785733558077482
0.4839000642168685
2.264118011753453
3.175285581542994
1.9685729308621376
1.3772321334909066
1.2978681731256074
1.3839703595476749
0.17905484401853755
4.908617850192968
0.34411748006459675
0.2563728400673426
0.6698508936096914
0.9756142558289866
1.2831523817003472
2.1063586073760234
4.231873870958225
0.6255446392860904
11.092556647421588
1.9882409522288071
0.2639160739199724
0.957369739193382
0.31756649146336713
0.5665661121456651
0.34884209402662236
5.221131923608482
0.24388552609889302
6.774023319336266
0.005649135735438904
5.007815849781764
2.9421878159191692
0.570505924471945
10.382550690286735
1.1088975943312107
6.464711723256187
2.947830852746847
26.03049810808443
0.615254897500563
0.7333548068745586
0.331192642384849
13.584422598567471
0.39098590755747864
0.7317910594283603
13.498586581546988
0.8684904575893597
2.9490550820701174
0.12371936926138005
1.7648703298364126
1.80551723604367
4.790013266829192
5.6696011980493495
0.8226147714776744
0.12959288578349515
4.4034046442538965
2.7308499035134446
3.3029496172748622
0.2751827548709116
0.4659466073389922
8.780491593937768
0.06569174219112028
1.649040734177106
3.371798244304955
4.32050733469805
0.15539363267089357
3.316890432495711
2.4766975714337605
9.150300781344413
1.780515332811774
1.0386558941099793
0.4117504455643939
4.185416068528866
0.19871385596343316
3.7282387840277806
0.930886271478812
4.978849334314873
19.444716309295472
1.7712974675123405
1.2115830067923525
0.16517695692164125
0.5498914539348334
5.005559395594901
1.084665742746438
0.8513024389103521
0.6537912508902082
0.8883538212030544
1.741802560070937
6.117792571567406
1.2687841267652402
10.381188660478074
1.445933860311925
0.9315484035978443
0.29186805634526536
3.920567484885396
1.1254827496268263
1.9824755087756785
0.35978908227480133
3.4025892807912896
0.35271442910743644
0.2451323703644448
3.3841606291207427
0.025600056553230388
3.2554871714637557
0.8397262747494096
14.421874287752871
0.12587503133545397
0.3228870650855242
0.7252596229300252
0.21598479691601824
0.12680642855048063
9.281324669871537
0.9229158202579129
0.18881827712175436
0.567336659420107
0.19747512403773726
1.1851004385316628
0.42250574168065214
5.719743665616988
0.7659153653366957
1.27272566843385
2.7889914511324605
0.7596607824634702
0.8705994485280826
3.0255718278276618
1.3667705889019999
1.0460896184267767
0.11798426461609779
1.1493427197056008
18.58916193456389
0.27140166747631156
0.08500711609303835
0.04918008891763748
1.9252289577889314
1.2996175831794972
4.69672905679181
11.001694825412415
0.017063426290405914
0.7198039997565502
5.123070347362955
0.5855174057251133
6.082036842199159
3.0699969324850827
2.147470801126474
2.864425060008216
0.36262977178557776
0.2502688068525458
10.751235531435668
3.0228039318462834
2.971865293689916
0.01405936670198571
0.8350115082612319
0.18456631692606607
10.369779939635919
0.506474306464952
0.9079451597754087
18.180092746428272
16.19571960693429
0.8787701612054661
3.2405820501844573
1.9305661038051767
0.05803754373846459
0.7201400595877203
4.881501917836431
0.8604624303297896
0.8883457433694275
4.19266249850989
1.6882209493669507
0.12044221719406778
22.274019924388995
1.6189273841591785
0.1973211037729925
1.0095360084997083
0.9819057455570146
0.21361754689496593
3.5601671309341327
6.726823623463133
2.4775207634775143
0.8380968590754492
0.515106659502635
6.356562304368708
0.4862313975208963
11.05665180165306
3.7350663504112163
0.725556241319282
0.40046306015210575
1.2679741439969803
0.8886870844107762
11.786512245365884
0.43265329900896177
2.2638395076246525
0.1652167031315912
0.11969050744664855
0.21378073911182582
1.1004824275078136
3.3726105141613516
0.2409170356550021
2.162519992198213
0.07663699299155269
0.20699806493212236
2.0865177171726828
0.6449628597802075
1.5529625600429426
8.930337333818898
0.2188232612934371
1.6255600005133601
0.7971736983890878
10.025748715728696
7.785910887581849
0.6012597342996742
0.7429142949040397
0.18771599423416774
6.144684292336024
5.947568021598272
0.6656201800506096
0.27772146338247694
0.22491430162335746
0.020381213318614755
1.4273087178589776
25.7584527558829
0.9520668171717261
2.449373366049258
0.42983693047062843
0.8793651404266711
2.0638433900821838
0.28182669722809806
10.762560565490276
4.954115673244814
1.8778368479543133
4.867610109955422
1.1333309216643102
0.08196248160675168
2.7439670934400056
1.2479822759851231
0.1778778246480215
0.5433391369369929
3.887589914171258
1.1021006562987168
1.340705342405272
4.065604371655354
10.468099535766669
2.6972106951761816
1.8849245733908901
0.29824544999428326
4.881903360619617
1.5013167830366
2.2882955702662002
2.7757889525928476
0.25495363710069796
2.7112583251146134
2.177483623752778
1.0344798802834703
0.08876128021074692
7.581888593242184
7.205509132756561
8.035669291308295
0.4881681024598947
7.458990119590453
0.18615800453335396
0.819675367558375
2.3713636215834413
3.756136740295915
0.6549614118994214
6.540227124933153
1.037142245542782
0.9892668799730018
1.659027514699119
3.7442620044203068
2.069228752523486
2.3161819442975684
1.4248557348437316
2.348051267377741
0.4932885387461283
0.1995906081283465
6.830911054163153
0.11260840567410924
1.8386986859622994
2.814047559077153
2.1018255341732583
1.460356814597617
0.2538638589394395
3.129774530090799
0.4748935727548087
0.9407370807384723
0.11495021633891156
5.1293220618899795
0.21097483981066034
1.1485351573355729
0.23043127929486218
0.6095717704629351
2.6539301783777773
3.235674410698266
5.847461123619723
0.171429794645519
2.5843316750397207
0.48229463235475123
1.0287870353458857
2.35178938016179
5.80136277292695
1.251321862830082
2.1433592521389073
0.39126064319134457
0.5480437773185258
0.29195504029121366
1.6793442837479233
5.215201246774086
0.4914840348792495
1.3339580106694484
2.6244265106688545
1.4500349720219674
7.005199407216423
1.7919326731862384
4.749922273738775
22.10320493017207
0.5201945784538111
0.8226165978921927
1.4638971123058582
1.1095198532711947
0.5375651998583635
1.043238465921604
0.19869640189426718
0.2955198135532555
4.15903603472907
0.21535741256229812
2.2687627916056954
0.9786512829923595
0.05713401238244842
0.5277568108649575
1.6770428362833627
3.6703554974519648
1.28136012518371
0.17156225984581397
0.09018730513344053
17.68232444280875
1.4974679519800702
2.188600225323171
0.24956468416348798
0.0341554721853754
0.9562685310484085
0.28654738881232333
1.094869172626204
1.1646992310670612
0.15297180238485453
3.639260766994994
10.232662925754994
8.490530813676742
0.6237128136963292
2.3365964384756808
0.6134794997706194
22.44051162996766
3.9927794457362324
11.713864005909272
6.47101861313422
0.8788246653602982
8.047884304385661
0.48376887726044515
0.298683452874684
0.3206220479987678
2.604495077779575
6.522215953842533
3.292181291311863
2.0883436658841674
0.33607291568478104
0.18989328030511388
6.8738342440228735
1.6023923803477373
5.397386149787053
7.604158407237264
1.4135311897262
2.9802620087430114
1.4280579802762077
0.2581327406478522
0.09222800156567246
1.1904212903282314
0.3476332922327856
5.713391185006913
7.009665307163232
0.7343384029991284
0.3633039703090617
0.4926906755863456
4.519693144757184
8.633474701662635
2.9103880468210264
6.5104857588085
0.20997341340989806
4.176406697304628
0.12186636666956474
0.7459059483371675
0.21213076536150766
1.5605141314445063
17.51995402292232
1.3882836503617
1.5792705029962235
5.799756310425437
0.23848222671585972
0.9286938919503882
18.35675679558699
1.5173440661128552
0.003610381616454106
3.667873419570242
0.637011098820949
1.0066189078970638
0.4478855529196153
0.11149208719143644
1.4504516757478996
0.07901965318524162
0.07062254472475615
3.6540755211826763
0.018848682186217047
2.1515416414076753
0.7110644681415579
1.3339393927381025
0.07843218296329724
5.104287436057348
0.10233380756471888
27.353367959120078
9.132313349527976
5.401521513223997
0.10798587744648103
0.7345808775862679
0.5782069040687929
0.11238688396770158
3.5218727315441356
3.3000389343833376
0.8544944576060516
27.084821268923406
6.847775811227621
8.516276359561743
1.441182444250444
1.1787656239357602
0.04001751284886268
1.2323852620174875
1.772277258329268
0.260254034481477
1.8737177966504532
17.33322875900194
1.5869881835387787
3.2866245255208923
9.959665838592628
0.7810861317011586
17.256575085051736
0.7692924248767667
0.5944182254388579
0.9119715432243538
0.14785755323100602
2.0642928928136826
0.15372775090145296
0.06098899522839929
0.024882633129891474
0.887552049542137
9.521347373760364
6.103545634639886
1.68225801324661
0.581640071595757
4.704527679445164
6.783874756856676
0.12538989346649032
1.730199412730144
0.45944665957358666
6.468657052282651
0.05738611080596456
9.607147366372374
3.719453887486452
3.4616855800704798
16.557138801083056
5.8138283053231135
2.6166124590090476
3.2199699073826196
12.888692882013856
0.9810753531273804
2.67436494766298
0.49490119891561335
1.9470910952295526
12.034194742005639
7.928745878889458
1.6151777203995152
0.5084125231333019
0.5824972734662879
0.07241911399614764
0.19869372518951423
0.83315274211418
3.370545371541084
0.5061321878893068
0.8663745829398977
1.9375579076295253
5.639148030328215
2.2165583790119854
8.01026569973692
4.097913913279626
0.7897796493271017
0.22674855291552376
1.8338548484352941
3.074003366731631
0.633827963283693
0.583114071880118
3.147237116780161
1.3323541352037864
4.0484282134748355
0.910860640622559
0.8842365540076571
0.09539786238019587
0.03370583378273295
0.21382060209361953
10.41350218545631
0.5208790447359206
14.992264072210673
4.270305326583184
4.278167029351607
0.2730210741792689
0.3525653775759565
7.5348282237573585
2.230171471972426
0.5098858963428938
0.4176781772293907
14.282572134357906
0.6912251414250932
0.48455787448983756
3.9272982155671343
0.10907205980765866
0.028003155948681524
9.461701571734011
2.5614372536838346
3.6735300304790144
2.364165332131961
4.78221133378247
3.9278651476706727
0.03265117081537028
2.4023559989327623
1.8529463671111444
1.5246392096414638
2.0932587717506976
1.837244719004957
3.1342254597475403
8.587515210550919
18.262831910738896
46.270904741992126
0.637566127388709
1.5718023452500347
0.7619767027354101
0.08929333867854439
0.8486830578985973
8.980546609709563
1.336581687006401
1.8068628631262982
1.555589162340766
2.3152576049105846
1.239290232239
1.267082787297113
9.312183468362491
1.6404060919776384
0.18711326707125409
0.572648302793823
1.625114506805403
7.123657788437413
3.8151852604205487
1.083561834966531
3.595738954118133
4.17726332743041
1.5846079794428078
11.785918026831496
3.0715069989782933
0.36903230093594175
0.3292005255098047
0.5651496304926695
2.273366146528133
2.60880560692749
1.757782071181282
0.8482112330420932
1.7160041498209466
0.7668180192922591
0.22945259094558423
2.2251283627156226
4.8174024620202545
0.6568802013025561
2.409186005974334
3.1660946810006863
0.49578718513294007
0.5081947951002803
0.9759275086871639
0.4623872996526188
0.19158384128968464
4.391160738083272
15.395637728881411
0.025702120059577283
0.8288776680601586
2.1909078005010088
2.7520647526180255
1.9567717505087785
13.74286792793282
6.667198304563499
9.983047468340374
2.110139886786783
0.6263343023383641
1.49608019947118
1.631797877678764
0.786696463903354
9.122170478858607
2.5153236842088518
12.888953804416815
0.7155612389542512
0.06940888576718862
1.2838707011251245
27.227509894990362
14.16810636811715
2.73327197989056
0.15871084881291608
7.9817320896545425
2.289908896033012
0.5782877035526326
2.314218916828395
1.413974417049758
1.116440117584716
0.8608717947608966
0.624702410405007
1.8819431534539035
4.982650876027037
12.928187983703538
0.7887018392175378
1.249053473558888
3.177322689705761
0.479310389913735
0.022582509234780446
25.649440760331345
5.784403621535603
5.249578589453449
0.9231901550738257
8.613379063528555
15.228064236653154
1.1092527733635507
2.017629917634622
1.878688777476782
0.23751034863016685
2.353116020134621
3.303899388647551
4.1805790023863665
1.1024529365531635
0.8720444567552477
1.5393235036281112
7.4473914822301595
17.375350503672962
1.4232102320020203
0.1055549724624143
0.5549259025719948
11.022182252861967
3.009677200105216
21.636226042355702
11.248928049462847
1.258715786756511
0.6219703309288889
0.23288913176656934
0.2535953909755335
5.664173530563858
3.037536105748586
0.20411591170341126
12.283951115987293
4.324575916703907
1.2322690904220508
1.268884710741986
0.788951460235694
1.2025164797996695
1.3773934257951623
4.202141186222434
11.231675626851938
0.2253590255859308
4.230295724773896
1.4980588874677778
1.7066529859948787
0.3127559477761679
2.0682407652384427
0.7523210797189677
0.9828864828996302
2.039339240647678
6.039379462803481
4.9194779079152795
3.6324221042705176
0.8487832252976659
0.6017781687733077
0.6388995457564306
2.873158659615001
1.789876070302853
0.48860041680018185
8.640158110756602
3.5934664368251106
6.496509692682594
0.7560987320612185
0.7899616542454169
0.7522976798572927
0.19576614815741777
0.6134281385639042
6.27495886772158
0.941369606382068
2.159455350061762
4.619118578106281
0.17504072065275977
1.1221598525880836
0.7287032223684946
4.5859579987118195
5.617946747945098
2.0775779267823964
0.06677236868927139
4.212571010193642
15.114952896743489
0.22869628943590214
3.3930697216055705
2.3338530267319584
4.598177236704942
3.981523342223227
0.7180350158196234
0.4662521035170357
10.589058493267657
2.005319605505065
0.48811692975868937
3.6418963996256934
1.9361996053194162
21.853996494526655
0.7265194569481537
4.938028726559423
0.614000051326002
2.2435423791539506
2.848861404971103
2.7703067249967717
7.2354022886829625
0.7957098397928348
1.9760634051344823
0.4427344260875543
1.1722895630446146
3.0895295103218814
2.852873947354965
1.5603660488013702
0.5319997049555241
3.942547416110756
1.1572242566362547
7.815482792513649
1.2822453611406672
0.656207842665026
1.1771535589250561
0.12282736587076215
5.303101153927855
1.7025824330776231
9.425453949465009
2.146510587201192
0.6496585232162033
0.8139550276537193
9.044069174455217
0.9238582349971693
0.21841885782123427
0.1479834481724538
4.3583359879521595
5.075018913426902
0.17976408456888748
0.09227996315530618
0.2645653476465668
0.7608630616959999
1.7739709817396943
11.895606434107322
6.071183629999723
2.3511710818529536
0.6889770694615436
2.099039229204209
5.6474494427020545
0.6630587014842604
3.4699015583173605
0.4559810578757606
6.470305837316118
3.1367874924508214
1.85390248562544
0.5716387941392895
1.042706719803391
9.381985167972744
1.2920762829380692
2.7249605018878356
2.7233765783385024
1.8809129845212738
0.026315741190046538
2.4581072659457277
0.5967591805747361
2.0541467754446785
0.13488059782321216
1.2397179319377756
0.6850120835442794
2.556345874323597
6.683128923741606
3.798593966264889
0.6656639277716749
0.11696932270206162
2.4265353016417066
2.613873435788264
0.438128035999398
0.17412875799709582
2.2900186302431393
4.4683287004809245
2.9748062888647837
0.10335470963764237
0.6329549567708455
0.7302472141818726
3.279213795722171
1.2956960423689452
1.3069187772198347
3.63847928836185
1.3849731040791085
1.5414842351274274
1.7535052266684943
1.6394276642531622
1.1545733351595118
0.15673083248839248
0.2703488960505638
1.433453626534174
2.253211859988369
0.405960806645453
1.6269884002576873
3.446144885077956
2.1438830910519755
0.351205241480784
0.08199812559178099
1.368574648968206
8.10867951713226
0.8086663593239791
4.198124369693687
0.9452488276147051
3.8732245384526323
0.952297235991864
6.845278612287075
9.952866811683634
0.9122156192206603
1.9421710254100617
4.875961979454587
0.3366057224229735
5.512045942374243
0.5907932155059825
1.8127749800441961
1.8857931017155352
0.23214798488334054
3.6788337760517607
0.028077850067347754
2.895650090977142
0.08814406168676214
4.1179986484239635
0.034390924378385535
4.414795130756829
3.282961387125397
0.3109373378974851
1.136879166471772
6.127892587497627
1.6173570256978564
0.4505757145307143
2.4440129878967127
1.7900109836191405
0.8920835352546419
1.573033970707911
0.15245813318688306
3.2873172576910292
0.5684984187028022
0.8092226350599958
7.56973812979777
0.2875987016304862
5.626712037661491
0.823124119797285
0.2320624600215524
0.05747678372063092
2.60977197482498
3.746445707642124
0.3923472526912519
0.09084977243401227
2.675370512617519
1.448560983149946
2.152266759512713
4.9293234302713245
3.917865146569966
0.6328581425150333
14.11796341072477
0.32228729985217797
0.11619179888293729
2.0543198701998335
1.3055667188527877
0.8936356280391919
0.15544411664814106
6.533992659777141
9.587250643096922
0.6235246359137818
2.4491136583783373
2.2307549473080144
7.059610473133944
19.70717662540119
0.07093414727205527
0.018244070914079202
0.033207243843207834
0.24502155984009732
0.5504612836775777
0.493117818619794
2.762525494061265
1.2527239558148722
1.5820534325321205
3.5694344996736618
2.9347847848694073
0.7815054067759775
8.1442522926518
0.3371072719892254
0.6627065730644972
2.863954347343679
0.548036999975011
11.09892466626843
3.799322247832606
4.192747784687526
1.6288364720676327
11.33385250799256
6.855066450978484
3.841838883181481
0.27109736359489034
0.4612052270313143
2.464384374423389
0.28593505153185106
7.045297833614313
1.392760746228305
4.337478843233839
9.670192707610113
0.522030041047401
1.9312318982410943
12.75657378156393
0.6336923684539215
0.022350037197611528
0.5424958069415879
2.3892588465314475
1.1486475756064465
1.4682947664950916
5.6753973622689955
6.817840487325157
0.8372249559506599
1.8902330732598784
1.0879625389716239
0.13135339855216444
1.2566251857206225
5.599634972491913
0.1540501909366867
4.217112758295116
0.48188690835741
6.969371646744548
0.906497537096584
0.4852286237219232
8.463300913426792
3.2509587368840585
6.480807848241966
3.343805701293604
9.060365544541128
4.5064823745706235
1.476700133527629
2.2223562685503566
4.129514590538747
5.520415654653334
0.6804144693669514
2.4308631717212847
0.2783287298225332
0.17016573742876062
3.4958856745906814
5.808068197042303
2.435133195900562
0.29033082304886193
1.341884945595666
1.3370996274752542
2.4683056638023118
0.1633399826969253
1.9026486163929803
0.3772895569964021
0.05753557395655662
0.11982110599637963
7.37431896261478
17.05728559614363
1.9901410653910716
1.0547214981124853
5.275775102451007
0.18934774511581054
5.353731402832636
8.51242516266575
1.5166865139544825
11.180265271232201
1.5501085160722141
9.731850526684866
1.595607173803728
11.382229688424559
0.8981128305567836
0.003229177676985273
3.848891114539583
25.625291295520583
0.11173585602955427
1.5310811844938144
1.720849634573824
2.5129460472235223
3.126482521132857
1.0787856177339563
0.942842553689843
28.184352433727327
25.435297859112325
15.29826929934643
9.207772064823075
1.126339691614703
0.20487070316812606
0.18121842421169276
7.798487401407328
0.05584940017433837
0.3501554209033202
0.7731050374713959
1.216069596928719
12.079787192098593
2.7218027875060216
4.204686251698149
0.4026918132803985
1.8807163344827131
1.224963707554707
3.4847311058692867
13.031688767121523
3.9329267132561654
0.46459751857764786
1.2991612550904392
2.2814313300841604
3.9882718115441094
4.45113127219156
5.97038151173183
2.146004110429203
2.12988645101359
1.6303536076557066
0.3599026295305521
0.33098352927845553
13.027145929434482
3.2997634501371067
1.5904104086366715
0.1699193644890329
3.6258632658282295
0.20959137448153342
19.916139806493447
3.77091825098978
3.3166731933379197
0.891409163872595
0.191737624561938
5.326548116958293
1.0135137064899027
6.212062408732891
0.20571595552246436
1.7646351031544327
3.4178295609781344
0.4672694742475869
0.09402886668976862
0.8669810155988671
0.4790372481875238
1.0716688939392043
3.0917999929915823
8.076907054983167
0.14497808097075904
2.325112380036444
0.5854830899879744
2.182603099543485
0.9498474826577876
9.454405605276406
0.2260813456850883
1.6069086027237063
7.1026552226321655
1.0172530449090118
3.0008942360582296
9.101154530173517
0.2526829443886527
6.29287101465161
1.1397307945117063
0.3529633200196258
0.5912679418288462
24.374345721647842
8.113609376003296
1.5831293126684614
0.18124332390289055
8.215154291174258
0.17780146892619086
5.703133827752026
1.4693751899139897
0.9382687670331507
2.688901762558089
1.9665120978861523
0.6862374230840942
1.870777583859308
2.2595329108335136
0.08761520627740538
0.6849898002583359
0.5981562391934858
0.19533241341923713
1.4675700073967164
3.71684082102729
3.537003173110861
1.4122281066011055
2.419657019436272
0.18061551151185995
5.6760181351528445
11.602400986768771
0.6090986354538472
1.0297826397363679
1.3011920095741516
0.3278751690668287
0.07036837837586063
0.49137857362802606
1.9593575561557373
0.33739068281283835
8.820100363947859
0.7720797797483101
1.5273919479805045
0.24156940320244757
0.5679109796619741
1.2616068742208881
9.19871199388217
8.30107051619052
1.6802473688185273
0.03482953019920387
0.6535348218858417
1.9359056376488297
0.7644730802676349
2.528255054476176
0.1774396102227911
5.528934524714714
5.797723732961458
4.212406684993766
0.39383571059806854
1.6115085532073863
0.4292733389956993
8.130345181027224
1.129781665149494
1.9470324026260641
0.28966259164735675
1.8720473533612676
6.518474014650565
1.0751611806481378
0.9870624453760684
1.2466383906139527
2.917487003032875
1.0047557472789777
28.76228779376106
1.740186658778839
7.2771001560286095
0.8537049934675451
8.411137807386694
3.2516555257207074
0.34536269407180953
2.180584141307918
0.05480978637206135
0.7810846227985166
4.748731353596668
1.0744125383607752
19.163340731720382
6.3447202707211545
5.680148626594018
0.2757769735362672
0.6310311101769912
0.6108289430085279
0.5462805028982984
11.43997657860018
0.7299327148648445
0.330988879843062
0.571709980336891
9.862448190076975
2.2552357273634698
0.7144015911653696
8.486987607102492
0.28110443274636054
1.0198844736733008
0.7851285091819591
0.20352556683064904
1.6839098524433211
4.9288125396487885
4.523196483016363
3.5251010242245684
0.09916440820597927
14.912877636081248
1.2825921593394014
2.762067541858414
1.874463310577994
0.0781393764555105
1.1802715171506861
0.9579081959636824
7.083620152545336
0.9111502256055246
2.5287280461998307
0.6417726318613859
1.102827477563551
1.3467615257359284
4.799046185275074
0.23431699737193412
0.9798824913741555
1.1342500639693753
0.18480909717982286
4.47590074405889
4.3922257921876735
11.10782119578289
1.074757443740964
0.5367410102116992
0.33037146212518564
0.07148494746434153
12.492151976806781
0.5560874681577843
1.2328677593977773
1.6659625923930435
4.280144763655699
20.020352758350782
0.2750143418670632
7.0775996278644016
0.11106727015794604
0.36810801221145084
4.682653647658299
2.057717221930943
0.5778996882509091
1.3986803743173368
0.30813127165674814
1.7903236774109246
0.028643358491535764
14.128661288250441
2.2559897947394347
0.8381273198901908
0.6654327044998354
1.423534410103457
0.8372674812453624
0.8532984843841405
0.3534788560209563
0.8897676011401927
1.9894741686621273
0.18080068746348843
1.3165299179854628
5.355570711111795
0.6819235877264873
2.8306563404621556
0.7443710085026396
3.4531595849402947
0.68407997716713
0.6436277410793991
5.259006036591018
0.8581111134080857
4.941549466824654
26.075818525470822
0.5258539009046217
0.37645616340159904
21.273902507327875
0.16212851043019327
1.187768559295364
5.302400480461074
1.7540707661682973
2.48795877775774
0.4242312764763483
0.6727726439821708
0.6959033443417866
3.720680712849571
0.7635766772873467
0.7395809961999475
1.0333526982394687
0.2083786047733156
6.998684882113594
0.38441951947606867
9.079792510565312
1.0576793693835498
1.0170962142765347
1.0905482446250971
0.7517720561336318
1.6494011683244025
1.2552344010437082
0.2846355592373584
1.5435289893684967
0.49656335275722085
1.87873153286273
7.042444037851965
4.967386798169173
0.16784841799744754
1.2564872536968323
1.4573620618357381
0.3990163574962935
1.6654149536443583
0.42751219348429004
2.1292717489668576
2.8862458159637754
4.99016848629617
0.2826404770203226
10.41661735177695
0.7930873610748677
3.4392517191263323
5.394844302601996
2.2032363404396165
15.850749941815593
0.10447714810288744
0.3248781463589694
0.09093948350346182
4.2220060434810875
0.43877874867393984
2.350177831147448
4.572023463388177
4.730980553995323
1.2166670074948343
2.9096467492527154
0.6769581145199481
1.4532845815774635
0.410353426457732
2.032363049318519
0.5947608735332324
12.919476589802798
2.461233333520795
4.452653574189753
3.244893508621317
8.22298662011599
0.8364480079362693
0.022533764171384973
4.491739461380348
1.2286174296023091
2.65085911244023
9.072984439029824
0.44576655292257783
2.1711535242975515
3.1214119643555023
0.5982277986186091
9.734927267614694
2.500742964079109
1.4935748429707019
8.224875149466243
2.5903858773199318
11.180003640205541
3.949849468343018
3.2761123975069495
0.35960946658451576
4.737461055508902
2.123883688454953
2.5612304680435045
6.8839900148814195
3.3106687139988935
8.804085665888124
1.1784137939575885
1.3812921585995355
1.21509581825012
0.18911238003420294
8.880333224002243
10.015350791163655
1.1525238125977921
1.0770190871589875
9.930940207435924
0.9920268636124092
3.707910439814441
0.47300757966877427
2.8478370651391742
3.679067937180662
3.25047891309805
2.6120882652430737
2.5934165640137508
19.144606256388215
0.796939452571678
0.08044753308786312
9.45605803694707
1.2564528169677942
0.06921757706004428
1.1496610196809343
7.281354782408016
0.36921323596470756
1.3015810407487152
11.018697956085816
20.468421706984373
0.37573910612627515
5.3923002499759605
8.864566052343434
1.9292717210955743
0.3732863853620074
0.3020502526233031
12.260731851445598
2.0108622310981445
0.5889107300972682
8.872158041362127
26.05323622040305
0.17213321820963756
1.653820510899095
1.301054434487014
1.2540200858311437
0.5031957093306119
2.568001993426151
0.23259716562461108
10.77956573009942
1.0325452802317159
0.19392703702760627
1.9311680507271376
1.8602628343651304
0.13233826758369105
7.0863019913340395
0.25546926159222494
11.197597684502398
1.2623237720690668
0.7158454045420513
0.418779862797237
0.7525827504505287
0.3522839529796329
1.7730512316229579
5.401956571793562
0.6705753447640745
1.5616188540298026
2.9842502702267666
2.0209658383573696
0.7488566107749648
3.9324748834733327
2.539622955591767
3.5793741201559897
1.2068986132653663
4.564135683955101
1.0570027557150752
9.068913568800781
0.9629710765875643
2.7162295196212654
3.4860927733134304
4.733542259804381
2.646002550744015
3.2164662313116423
9.326663896790706
3.528752360423823
2.5822253862315847
1.7180511111582746
1.396111748272233
0.7291383978554222
2.5226289855709183
7.136749028803024
3.38549793320999
1.4975193319041864
3.253110543555522
1.7492014437084435
2.682328900511493
0.4280612559450674
0.36095736553761526
2.1254545092451735
2.5267704179132124
1.8555898856538988
1.5826105115374958
0.02204597328818636
0.9129627668226021
0.4171437810291536
7.068825212525553
8.114098679448944
0.006961255417991197
8.383167763986421
8.427917067107046
4.151264725045621
1.7517912323783094
4.2857763023312145
11.310518242451508
6.717343934986275
7.144012180317077
5.911721405245771
3.1229502650749055
8.695147176345927
7.875645023523248
0.22286531780991936
0.4134922587654728
6.783099265911005
0.6157047059605247
13.014528219813656
2.858811566755321
0.08500290587471682
0.09483899532642681
10.24279834113986
0.2743464379600482
4.617656152990094
2.1486157112231012
20.099583790131874
2.763653582042025
4.688905211874953
4.822913234951557
0.515372749461676
2.5727289658534573
4.952400424434018
0.8198040993884206
1.4248050945316209
0.011419626705901464
2.183354053478979
0.34431523957755417
3.9269922859639337
1.7830466792875086
4.359963700804656
5.212031573406421
0.27447149915315094
4.1453478228868335
0.6035777637735009
2.34830245385092
0.19719626853839145
0.028938754003320355
4.687086053982057
1.5207316732157778
2.2227059125762025
1.8636609038949246
4.528260642320674
0.11311757614748785
7.754232063514792
22.010823727548996
0.07828300495020812
2.5713875484907476
3.667304958387831
1.4403780417160306
2.551936111154646
3.168883305366762
9.40462570827367
0.0333266827656189
1.083627843796421
0.3311504365556175
5.953577110860351
1.9489338305211277
3.9292537712353806
3.191596375192603
3.405253361495852
5.607394304304762
0.5258147412459948
7.67190800435128
0.27881514587716083
4.184632016123942
3.067159551050281
1.085596993125364
1.4563125561107881
0.664657101744524
0.8142092531415983
3.610366343848
0.8478070468190708
3.396952817845886
0.011270807670371141
0.7472820097136719
0.929639188478177
2.2180521153568407
0.865034114503942
1.1454396570989047
7.571030655577488
3.7750289774194243
2.509240522431355
2.8314570115726383
0.04720487928352668
11.403686362729786
5.3490925287223945
1.1384420613794646
1.473732044811186
0.5343400984020263
2.317213342015748
2.003526799751853
1.353349165401596
3.019973352595116
2.276942292599415
1.4244171431128052
0.7791055718735151
9.461323847222957
0.8275622853980167
0.6655529914605722
0.13602097420880455
2.6514790172041103
0.501742728301906
1.5249082194241055
2.572566511495097
0.14738604552985635
0.6362084755928663
1.4235534958788776
0.603586141802225
4.0327530001122796
2.0564010825764854
1.9613040011718113
0.4048340808949433
1.495983746019192
2.257519512415456
2.7646888139570365
22.561786554524588
4.977031900220027
1.1710955572161765
1.3013268792747112
2.9922942428602255
1.702747830808221
0.2769640384540253
4.4873856919730315
1.4166466047754511
0.06915057465812424
2.746834619429137
1.0013970928375784
26.80417943926659
0.48633715337564354
1.3382403184150462
0.6023612764729478
9.538797525721748
8.807904219294869
6.175020863724058
4.422619836517697
1.1614679702142894
0.2097430977082695
1.0891660553352267
0.4791266203865234
9.354917028162163
0.7043175878461625
6.613485362591746
0.2012270331106265
1.0004086352964805
2.4225759286673565
2.1686707676381047
5.742152832819556
0.8442136136691261
3.0408852479886264
6.184775995268865
0.15919452569869463
3.3035375272811507
2.378743061570276
3.778265581244341
2.391127880280692
6.601048109983822
1.4690822622542328
0.35744782547772047
1.629441327022505
12.930712388671964
2.638662124856637
0.630592335590336
0.22104021195991663
0.5085914567389409
1.4014952748875658
3.7739775181544246
0.34566316291238763
2.5704272295370174
0.9312063557554211
0.5982802954713407
2.320468753150635
1.0457547271616932
0.08318727748701349
1.523528284040367
1.0836384225003712
7.4615005882697005
1.2806084768963046
7.9951558511311305
3.6014136549129034
5.1713035970497
5.914817416916776
4.334907090171328
0.4861941547605966
0.3627206417368143
0.443768270790315
0.5003080346832576
3.06272510587587
1.259593462022167
4.670706863376836
1.653507208055089
4.726797037681536
0.6958956740490976
1.8542309655567806
2.426506624349713
0.2803432148248248
1.086679702217225
0.3736729911179282
0.04574917100399034
0.5694404835048772
0.901055183243443
0.6937125476652
9.459646990846522
2.830667276215536
10.844682773076784
1.108697232837585
6.528035622108291
0.8488210555260594
7.1772847551401355
0.5075607110920828
0.9938960121216951
0.15021067549969302
6.867981298586528
1.4426420764248178
0.7861654648077092
6.920510718515288
0.1664875452479464
2.169297657594143
0.4207896869011165
0.058353916072519496
4.1575562483521935
0.10174699878552929
0.2989276077678369
0.8437269406858832
1.1775676884353743
1.3773355701159744
0.4930753294211172
1.6989919482293772
2.3231026901594305
0.023707376818492776
0.8140260194741131
0.03660353892701096
4.176812740824971
1.4877337240759516
5.472986678832967
0.9533818255549704
1.1331878533528652
1.4274026013699768
13.114262054445135
12.351725265580171
0.47999578193048364
6.146953001603833
4.609485533208499
0.7327219254875672
1.489510481700563
14.258032876998186
0.4981788609075011
0.8025023342088389
1.8834563035597967
2.657399964722572
7.232676652474765
2.5454350970030646
2.233479258371517
1.0333933875735966
0.15528112524043536
1.735264895385626
6.363621349595633
1.6142221242080268
8.72330658822466
1.4623164892254863
2.7891042382107116
1.3012468223896576
4.241826554902218
14.534170245809946
0.5132806266483385
4.341299431878724
0.006379304140864406
4.977170666432357
3.2963479682766774
1.0523748484010866
1.5670268847170519
0.1325517648474488
0.3217623052187264
1.2830306835166994
0.1925011925122817
0.008735660478123464
2.7367459624656476
21.803488270608796
1.7634112105988606
10.043058356037363
1.2137073642588803
0.11002910901879659
0.24212119620642625
1.3427535751543473
2.3282844225977897
0.3729507080570329
8.130552483442443
0.7078036557140877
0.024219571740104584
8.00334030974409
1.0995000242692186
6.021287726813171
0.06067967659328133
0.2893224978033686
0.04641333882318577
0.7405187007134373
0.31433148204450845
15.272819775775133
4.128453321962297
2.054872084663657
2.1601312000093458
1.7006402229635569
1.1900891946570482
0.36772155951257446
15.602001824205217
13.890099837582966
1.7987897450148012
0.25115574885785463
1.7320937075091933
3.96507868554545
0.1828412690483674
1.468561223406141
3.2145731598757266
0.40882136274376535
0.4542834856911213
1.1638535046549805
0.0919541533512529
0.4575295107024431
1.3340376956693945
0.48064007309585577
2.937836748009431
0.24017573589662788
7.488397419831017
4.786627573739679
1.3957329115910397
1.051366224332014
2.0302552788671164
1.3217332467174856
1.7949475856839854
9.434876355513552
0.1489527628364158
2.1699889268020343
6.877460905812768
11.523936190624227
0.7178264449103153
2.1925052773913194
6.860790182476194
0.6257575415511383
10.21972611997262
0.8392066321976017
5.335942333709681
2.870545365865837
3.7839596932099084
0.9753687551601615
1.0369803939247504
7.388034478168265
1.0827460630753194
1.562087098696793
0.2994821490756294
3.3216204577292956
1.5746226688934257
0.40782043107174104
0.756712552607496
0.532850624553248
2.4457445238076616
0.007148907920054626
2.9555159018091217
2.388919005756179
5.40764793166818
3.1846822075349337
1.200852476311411
0.5323074356456345
2.6357728292750835
6.07337257099789
3.840129524927761
18.570906545064645
0.022035590205632616
3.91169439881196
1.1427244796432205
0.28685443177164416
1.601664611382148
0.024001686615520157
1.7988975210100762
1.2578780521544104
5.481664703482238
1.790815322103299
2.6008045576891163
2.6014807247374847
0.3522857940661197
5.191075620667107
3.508342579116288
6.130623637000099
8.187808777747705
1.042096378219867
1.2674853719072416
2.1400748971464054
2.6788261401488853
8.90445423730489
1.522561610887351
3.387936647661263
4.137401440999383
0.7022317796654534
1.587166980294569
1.0892893426243972
0.24286825320814387
7.567100570460752
5.151923225745122
0.15999182881205343
5.818099963726127
0.13874358295288403
0.588048381760018
4.341152598455665
0.22208913584108814
1.2910264358433778
0.18446544247854035
5.009991116297897
7.49992697196285
0.3272693074395647
1.1956455113686388
7.641283955599647
1.7685342798686179
2.6434479338677193
2.6699649320507888
0.32529561323826783
0.7151115142041817
1.2825458371444256
11.304241022560745
3.799669254505716
6.473105457054771
3.033631753998634
0.3616034566730377
0.34863121701346245
4.099255494620593
23.30737522291747
4.631798861781135
1.126698445299553
6.466283107522031
0.4587227614101721
1.9975308532048075
3.0485480163297325
4.980704007113673
2.0724307949676586
15.130800180486403
2.686542416799057
0.17496716297318926
0.48321996550657786
8.756851344936877
1.9367472406374873
0.3197601215542818
2.1364599737498793
1.0790723456884734
12.605729872168013
0.7076322648099449
0.5483975044662657
7.549486864714709
0.9215423145215027
5.89986119364039
5.130556301166507
0.02941294700212893
1.0573272331057524
20.045759277676552
0.1858887881062401
4.981258631582023
2.0379618902516086
0.4235830669495044
1.3115911546810821
5.7005694234976545
5.359705836817739
1.4469691397462157
0.9937634400848765
2.587145384059113
2.1136327033564157
4.378726396418642
0.35688535925510223
12.471702031783934
1.2488105712473043
0.7601276548630267
1.5153534964410937
0.9355906727396359
0.934716322029999
2.538974281593255
0.694902621460642
2.0989675664313836
1.2121707332080405
2.903673871762294
2.646626524929161
0.40006433613962145
0.6830136652570218
0.46939132537227124
0.8694118372441153
1.2838889036829642
1.2423540004747338
3.3141319366441166
0.9477678609655413
0.17522034000285203
1.9764013749918377
1.4850527039197914
1.53027253422988
0.7547466243668168
0.8523923802749778
31.767074117415177
16.164423239923053
1.8071779426027206
15.877485540353518
3.4548064666450955
0.078388205034571
13.139616637861764
5.158839066043583
10.854297413497989
1.4999168298309087
2.4524591684348707
2.3259057733084774
11.946862829583552
2.6355612574006955
13.48070074592033
2.4120186294749146
5.958213067042379
2.224441265574569
0.28495788097643526
2.447527430646005
8.363635162866558
4.401348191400757
0.2929334725631634
2.353620219637378
5.04924732326981
1.629953219773597
0.460046630953002
7.812136244305293
3.647786655667005
2.7284341654303716
1.1554559691903705
9.536832236524788
1.5419067461771192
0.18241741073507
0.22307885729969712
17.632897773921286
5.348038085612643
12.211671472599846
0.3000576919184823
2.5844965348187543
0.5871913456139737
0.08146320001469576
0.3184880068183702
7.231755180488108
7.232321554707596
1.0447247836127644
0.33938558423687937
26.351479903096333
2.2801162610194297
1.546541046252969
3.3528824275927036
1.321702661614836
3.716216371514747
5.04380930433399
1.1232734480581712
0.7111115482875903
2.7190469459164888
0.7421950765055954
2.49255732713209
0.5959504232196196
1.054655915726471
6.135872032784391
9.14715834877643
0.2904512211389374
1.0991689622533158
5.650283049395512
3.169898402906256
8.192161777842557
3.841774256528879
0.3751404110153089
0.08927243967264076
0.3213691482851573
0.8077880079581519
0.048664378493413096
8.231705340644112
0.4242870704292727
20.347174891114264
1.5262042353278957
1.7938561517221387
4.428417651575728
0.057868801304721273
2.536623996034905
2.3504111809706956
0.8219590579719807
0.021844302926183445
4.4219234923730255
4.4308530074267765
8.862632315744122
0.08658118149469374
0.18106141580210533
0.9359885880621732
1.1889777063261135
0.6997788212393061
33.09822104010891
4.854515629733214
1.433771983247425
1.309532065737585
2.3984593042296183
1.2306846179963031
0.11977906016545603
3.7114801025418274
24.110415963921696
2.340644034135039
1.8177148938120808
4.741639117837622
0.3223866422085848
3.6326490806350193
1.7119290026857925
1.2179636827240756
0.4268098166648997
1.010313317317923
1.129966153170244
0.5781660409666074
4.046507219107298
0.5487426753425098
4.096234111744707
2.7408102897061326
1.0250894387027074
1.7818798010339378
0.25907427485799417
2.476259930019296
4.94980796713935
5.328706771979341
1.2368375130245113
0.20982604548771633
1.5452063122356776
0.3246911313399323
0.4772484746645205
0.6963705906600808
9.371346014060691
3.062048198233242
2.44651146236356
0.6447163168086263
2.1889856943816994
7.780787932882959
1.8518086869662511
2.5390912624352495
3.591521782353084
0.248795349336433
0.052515166160446825
0.026663655960874166
1.4585383088997332
2.404839269223885
1.5936517663358245
0.7251930594684382
0.3534485774980567
0.13481302066065837
1.943254159996286
11.908911565755261
0.4387357238883851
0.6998916747652402
0.28411354045238113
0.06174951986395172
1.2368544951204967
0.2986585435755842
38.20607124536036
38.22377415419032
0.7950273398819263
0.591833329614019
5.599933517351019
0.6841520400193986
1.004727047708002
0.9375687448991812
0.1823408049531281
2.8632857273478294
0.6331625179882394
0.29827355471934425
1.468852590987808
2.4693164748277923
3.853363954469387
2.1066996161425777
1.889246332237235
0.579507703314448
7.796914467806346
6.267482403971371
16.8967784970082
3.5102734543252154
5.760892804861214
2.1762034093517286
1.524612733443064
3.5467282090176013
2.5930127032079326
0.34923571755643934
0.604552232340211
4.217203407530178
3.684216501973424
0.8564001462764281
2.9805972310641664
0.06358419441312435
0.08891326272350852
1.7748087245017814
6.335771549634956
12.323387351181736
2.060644484110526
1.777144803887495
4.538296227390674
0.8638356628944166
2.7760046228977444
1.063593217797461
15.667369757975393
0.6560601843775657
3.805990171389567
1.5330433873314178
7.34137486693362
0.1762483825950767
1.3321148333780002
0.9785559698357247
1.3831505893504072
2.0077460124484787
0.8702345319870801
17.81150168362001
15.722904417198151
7.862165625989292
1.3296586491451308
1.3484626942408795
1.7574601594460546
5.960126065550867
2.6986100047797663
3.2376435185833543
9.396914101416769
0.028587146822246723
0.021770080435089767
2.182107008586172
1.9294065960129956
29.323968305790913
0.392146205977042
5.291996240383014
1.2039402322516253
2.248703196619317
0.7535435650024738
4.158845917634608
2.4270320857831393
1.769325051445776
3.5541629637264123
28.313343460748
2.71194210970134
8.346219189010299
1.3623083320526348
0.017791189322451828
1.9121419115290337
0.2862413562797883
0.3572109839915356
2.19005800983723
1.047251814063202
0.43432243824281613
0.9762183617931441
18.867714446419996
1.4478580746144871
24.31812640899807
1.6230149747825635
1.4230997686245246
3.7356488652185362
2.064979921855411
0.4388083084631944
0.049710118346411036
1.192536519254645
1.14864794029927
6.991514599914808
1.079488117917208
0.7019048830152315
0.6890696594273322
0.9069749207628774
1.3815625664974505
0.4392530324330437
4.076375544886105
6.7308249415618775
8.154237622216897
3.9722007931559347
0.04903984341217438
0.06395856753442786
3.934981213966239
2.2162120808425243
1.4027078591752797
7.218715627826896
1.433594571386493
0.005787753816548502
2.151281018206646
6.454481698299787
0.8733567352392129
2.3301150830120605
8.595490127994708
45.53292593411243
1.1203182566678151
1.1201157348878041
18.148125838826672
0.906602812865458
2.1269507887700456
7.950242078775773
0.19851218805706594
0.6025780194249819
0.45489387210909626
0.21859098349887063
2.2338508222710516
7.150182937548379
0.2624562501296168
3.3057502479859977
0.5303837541687244
2.7108193290514464
0.4496805921335181
2.0321225275547476
0.9276877553020313
0.8170768939999107
1.677685884413222
2.1430227406381164
12.904497607421945
0.9968048981463653
1.2436824921715015
9.400908813553542
6.7207989169619395
8.935105925029347
1.510537562706304
17.52089744489058
1.0966400599645567
4.976436674292927
0.47450813604154973
1.7048901921807555
2.861026791670156
0.8097814912107424
1.9530631848829216
0.0871157702349592
1.9113337213348132
13.428463890606508
0.47311146862557507
1.2720332030730788
1.5129875939164776
0.04872935762250563
6.014571455565601
14.867261216997576
6.058074768912775
1.1768473962220014
9.582697003272187
1.6024570261361077
0.27156148786161793
12.382271205278812
1.3433159859923762
0.5750049992602726
0.5990484178801125
2.1564315793402784
0.6534735834065941
12.662347515750298
3.0462980635638814
2.0461972576740663
2.006468204308476
1.9353890889724426
2.9123252259742003
1.076020537500881
2.132156863459386
22.44394261132038
1.845911019740015
6.727338564229285
3.1926094414484396
3.6591834383398236
0.39712234569742577
14.024935054250818
1.7609267583939072
3.3220005999501154
0.533202237507794
12.132574395258416
1.0755814320509671
38.92461537615236
0.08131251020313357
10.62598862415689
0.3294397492791177
18.35202548066445
1.03556994489918
3.523085083477781
6.484406412459066
0.42146194832457695
18.654629745589773
4.37747717606544
3.0988008109670773
1.8142495227039035
0.11957540296498337
2.9640594718948705
1.0407597216471913
0.3813575739332009
2.98175712538432
0.7485816372463887
1.101139187507215
7.033881263112562
5.028617887361179
0.23099412802184816
6.1014524907986925
0.47242561749590095
3.6473143914408865
1.8297628804502892
4.22281325493168
0.20620468959168647
0.09830506841899478
1.009821683041082
10.175251538570592
3.4071559738076758
7.022502127143525
14.411317212860013
12.499752674320916
2.6096493044533418
5.087530113254616
0.03851823518562014
0.7384783597444766
1.7162711104319897
1.9696603725788009
0.4511292783099634
0.1512455440533813
1.699494930133369
0.05791161932575051
2.1657924134815403
4.343176727252285
1.0014777360229346
4.664938438490935
0.0065871012084244285
8.270115684681514
0.462287630449282
6.953129007000825
0.9821840767435788
0.14135148026616662
0.6722106163288117
4.301467662851792
1.0879424340164405
0.18681242441743962
0.1211665232112864
0.0670083873483236
0.6710307738248957
3.700025110709248
0.5690866215991264
3.1335539860992867
2.567777193420625
2.433545536339807
6.664961385209608
0.5123097705982218
0.26266601836687187
11.370819045991084
0.4784027177702228
0.6457748787761375
5.612621268257499
0.38732180271836114
1.5149539502090192
0.06615129199417424
0.16635512587163248
7.945830512282555
6.920930303174828
2.3708283520536497
3.9276318657684897
0.016693143097654684
0.4032152056643099
2.13003870434477
1.4487635893274273
3.5184086466797453
0.5975223180139437
0.13925413354445482
0.8705077312915819
1.0056394143211946
0.7855747729154245
0.371309597252548
7.57158704576068
4.305290406162385
0.2669081359563279
0.37010793186709634
4.009856813823717
29.294283319937676
2.894898493959772
2.719462616892997
9.590617243709858
0.18595102918698103
1.5970550963756978
0.6497310608974658
4.888798175630654
2.197221888061904
0.42762869866055553
2.285022897296585
8.595730408418603
0.44300341467169346
1.5081622066390992
10.177073363331147
0.19984153936093207
0.7382554908290331
2.4868719632722787
1.2111266879583127
1.7124783041326737
5.825413167418446
4.424639000833849
0.11358941103389952
8.909500731431763
3.6001255410155864
0.36560700888367137
5.762514486741566
1.7262350706114375
0.9242545394445187
6.166826681881503
1.8888824939640472
3.014129847739241
1.8609138844403788
8.833754753886751
1.3529001204042288
6.838188659949083
2.7219188954222773
0.2957918721840542
3.8111649702805153
4.283314784530376
13.277641143224173
2.2417870841054537
8.314392507476441
1.8902252333900833
0.0022433317717514
1.3228666688992234
12.307043035467359
0.6950773765820486
6.367504423833452
1.0245998573918769
8.79544594613617
0.340072088791203
2.753729455300345
8.104535661022965
2.1774777738573903
2.67780818340907
2.204768092244194
10.52751432622972
1.1792568454584398
0.9854434732260415
9.333185327603132
0.11930936557473615
0.3038369708992832
2.468023256140441
2.919413897609047
0.018895428514952073
0.9255024658050388
1.3216651292714232
3.583460190871847
2.9417052074313688
7.417951008032105
0.9078282789378136
0.12044523288568598
1.0964545717324654
1.928900555230939
2.051709764502448
1.5488032161447336
0.3184899682892137
6.362478361461399
10.26477662954494
4.300190406615002
4.893119254302292
5.67124662517017
1.043829814010678
0.5426561951026088
0.2787458071834408
1.279411775063636
1.191335013587377
28.864680540777044
0.4462068121538323
4.883575312138419
3.3789999483851716
2.62850729901038
0.38233951984148007
0.017908714908116963
0.8066994075234106
0.4396381361184467
4.27705292873361
8.712466305791168
1.121373075129668
0.2420632917819603
0.08753172318392899
5.8228587455632805
0.039854962458775844
4.172246754435037
1.5117204952439351
24.250472852156236
3.3558666877397627
0.13832055993771064
0.39891016718320316
5.186876567917352
2.6753670065445476
2.42193769685764
4.252600914442155
8.051858323982742
5.033195655956661
3.658634616906056
0.2655273445379862
7.19660098458553
3.883578930686781
2.0760009767145675
8.474775867682183
0.030039600242162123
2.5578929153743957
1.0729505299786979
0.801712772296014
22.938071627835598
0.7730218447759398
3.1506089964532293
3.7387523827856057
29.146658668971213
1.6663345856868546
11.035289987194119
0.5028079084804631
0.17675732087081997
1.2979941995581612
1.4474051994002366
0.1947359974074061
3.7272407746495446
0.9780309518100694
11.228010337265005
5.68488788117611
0.3035346572105482
1.0561115826567402
6.930903010164911
3.8911061375692952
4.792350420048024
0.2515775477513671
6.077537160097563
2.350247239075543
1.8762742353137583
3.245860287872347
2.6715366238895513
4.559128935801709
8.711800974895596
3.5442804933954903
1.7701495338624227
0.132185553531599
5.3655473268991045
0.5965889355356921
0.31477794238890056
0.13428230729914503
6.9046326211391715
0.6903166420343041
3.41225102896351
1.978841868622112
0.9905320315119752
0.05493664157256717
0.23754330867086537
1.9337971020395344
1.7641100848086353
2.483823381797265
0.7135456654541485
10.822478860711271
0.9457878567409352
1.404107754919096
0.27716053639596794
0.6464997968687385
0.023335809779382544
1.7231395673188672
0.11199531137390295
3.0029777466479572
0.41224160317506175
21.818476969248877
3.7228449581889436
1.2449810605321545
5.515348347304098
0.5540053797267319
10.80438587149547
0.6197280039341422
1.1084496620023856
4.464432901018881
0.026129568086616928
2.019715750564501
5.206109962033224
1.541516607576341
0.26820142378710443
5.110081268543581
0.6029472524023731
7.399015240796871
0.377961207577755
3.9425103054636566
7.343649974423897
8.079430830912315
4.757685541309911
0.19876517260127002
1.419576744978258
2.256476059777924
5.520131586948992
0.884918524112436
1.2220580695284298
7.487913431872585
14.716680976453063
9.167071974570717
1.6950755519792438
2.8810095041008026
9.723042041874578
3.259879779212497
1.331623335609038
0.13251441971078748
0.41899583174381405
1.8459503284175298
0.2756632329619606
0.9715275290909631
0.018718768831604393
0.15236677802022314
2.0641466477645736
1.193064468629018
4.121902877090179
3.9504392413728056
7.340472409840004
1.370274291090027
16.227280109182175
0.6470682894614583
8.140371004374174
10.035612886887975
1.6501481418235926
8.206965315643174
10.2001072916064
4.422466492076637
0.5158209856781468
0.39585671101667685
0.1907445712313347
0.37634715393869556
8.31675775354961
0.9573081211528915
0.42630771947005996
0.8041748424293473
1.6873785509742447
1.1346211384188791
3.2671562644936785
5.1981955147603
3.5144418009549554
2.677226895753847
0.35466166902551777
4.6989328144954925
0.2790412809881673
13.338842706711148
2.3279794210720866
1.6188358893923578
0.7846102749463171
0.02777586410593358
4.756704961313517
0.2683689436780696
0.5123734467379109
0.4386483773123473
0.8407946793231531
0.8499123357069038
0.9827583862206666
1.5369359896867536
1.0143597755086375
0.1872616102155007
1.1992304181912914
4.701828774475871
0.44039754808181897
1.3660333437692316
1.9823442030719889
0.46750914396398
7.42098374091438
3.1353626161471766
1.8132209901450551
3.510790389864269
4.992511870888848
5.164710453616863
1.6218236211097974
0.25334113930512103
6.613316511651647
1.5579808094335021
8.979869531016448
4.666548699788109
3.0057368001107534
2.1721894512120343
8.087645760351734
1.4990897123752802
1.9496869500253524
0.7733816062900587
1.461657512052625
3.817031533937552
0.5802178109370288
0.34149189804156777
1.0035612155988929
2.4100059536503977
8.710044688388734
1.5082890715748363
0.47416340773634147
0.46732275215617847
0.5787459239545569
5.742246859943407
0.46188329524738947
1.0503859886375722
1.0347624873866152
13.288763222477428
0.8104830456504715
2.2129507425670454
5.861948758283688
0.6243079979649337
3.403083155721106
0.5307941691789893
9.89921195630086
4.970352423519216
15.899171918255888
0.5079336685012095
1.6314355092290498
0.9611860374534444
0.04181409296870697
0.803035312659631
0.26284202225360787
0.2932333438184287
1.7895536417527182
19.115590727229574
3.075665232285246
9.18054781956016
6.469582334808365
0.18913927524044993
4.185212668347958
9.047390991701832
22.144246184856456
0.2927984674061008
5.03807366858382
1.7592502467596205
2.1932087484310614
0.5198016567919694
0.6954770952288527
0.16929453871125588
8.763976531987282
1.7235382186117931
0.03229013933378155
0.8389811176130024
0.6666194958088454
0.7417425017738424
1.0813381980842678
1.6054608362646832
3.579988316701929
1.2927556160975655
0.9441302882769378
0.6165314182217116
12.893952431848447
0.2851195918483427
0.73781675158898
14.521981678928569
1.3210800507404201
0.5619032420800067
0.005726316321670311
0.8007660562216188
9.356102110268694
5.721739944499859
1.1757677131863602
1.9432600293439464
1.8510768129526696
0.7296541057185095
2.06365256605568
7.628927883844881
2.156414529617905
1.0484232748567592
5.4476048615179025
0.8891397776606027
0.06709577748551965
3.106549621621525
2.2573425019945716
0.4461574657871097
2.1107026298413984
6.120097786119004
22.046217457365856
1.5422719771995617
0.2701445613092801
1.1676206061019911
11.528630224143853
2.050267356000404
14.947733817851258
2.362722323567141
4.205781495442352
3.6565620126129943
0.11091685594146838
0.5972148297332751
0.5640745881355542
0.07831997715402395
1.6462682722631143
0.7847579613589915
2.1344887062441558
5.865559412264702
11.362073971289647
0.7964633735391544
1.0815611562647973
1.444067731990799
6.3219650633618585
3.6030074444679485
0.7081579059376963
1.352310855370888
2.1553985955688404
1.2709418445774645
0.846929662846378
0.1791647455356724
0.8969471858617908
0.695755036202172
3.2508503691351507
0.24719565851046355
29.043223321703408
5.152959357965301
0.1533506279993162
0.5408373290483723
6.248878180314932
23.63870357464475
3.60815560422634
0.005755454283644212
0.033578597285668366
1.2388671660010004
0.13048823451026692
3.409132147444325
4.508449137196294
0.29668659036178724
0.5040074513490254
5.891535995007871
4.720175193724572
3.1377928748370323
1.2966288022507797
3.2731187581484846
3.2942792505127727
13.354199969442561
4.062268198016682
5.567714513785177
3.9644969238979684
0.48452689873374766
2.2924128869090055
5.94506385812565
2.538990075390757
1.103838141210872
1.4394477501191432
8.63614936013255
3.122445516542939
0.05112485964491498
1.7045114798747818
20.99376654489606
0.7073558789816161
1.750562633293157
0.13216913352516713
1.2337366572792234
2.532742613937444
0.4506506870420708
4.031833066695981
5.540946942011942
1.6555455318484746
44.123897967980156
0.197191037099401
0.04219968704273924
1.1858946627216937
0.5556072089530062
0.48785370577388676
12.106234299084463
6.262373759160255
9.177130318425043
16.6624098177017
0.08504989282300812
6.2647674338040815
1.5832188237909577
1.6309646762310877
0.935369613533112
0.7654560869850684
2.113687723285693
0.6172470979545324
0.32365776252481737
15.96978634145853
6.721039985113748
0.46561351920172456
0.29075033033950604
16.73195796829168
4.140614941748936
2.2232549192776787
2.3535993868681544
5.7741207790713815
0.07423027451295638
2.8901455814739165
5.306609214472701
3.0103242080840573
0.5078721763129579
1.0129620560765034
0.6582615674160479
0.09516576632449869
16.840463832370006
3.2996297076242627
2.4045946505793836
0.36083814441008144
1.0041048919629247
5.285542458565033
0.6568553949255147
1.421908124924812
0.8311826304561691
0.9939674913184717
0.5231027757217817
3.2456562423467403
3.3780607628250436
0.16602748400327982
1.6947556733321107
2.649698331450054
0.9055156993454148
0.19230372177844401
0.12067453023701091
1.3469304836544325
0.6238122239956283
0.023633082200831268
11.005769272349426
0.05896648659108905
7.430529923240101
8.354572239091794
0.6991491772969312
1.7733119356526004
2.2949870288539387
1.4054621178875095
1.2416089166872553
3.7757521008607
1.0586642038942955
4.371090259774064
0.4644252612379205
2.9383563412266085
6.1740030061409925
5.158597569974518
22.79364430593705
4.165107307773724
1.9307293780511827
3.0356227306619985
4.648234582982695
1.4753156161532388
2.1662943681149045
0.5136546353605809
0.28756835432432126
0.39663083179766545
2.3337863580127305
0.6258509065592079
18.519208467783756
3.1367117832633085
1.700152747311222
5.264192682891007
1.2615380986753735
0.01495352057099808
0.11075484737739316
11.078233948112029
1.3257245355234772
1.684537391694903
1.3255136509869772
1.0686539866728708
9.97266740572013
6.124487736546143
0.6516951845514996
4.567177432938479
0.3567166324828577
0.7793294904513459
1.3232412072793522
3.998921458281984
0.5352615341980709
4.630060996711109
4.974072468954546
2.223329523611028
0.8757598597512697
0.6460994164954172
0.9914186140813399
0.2534443622098479
1.700345185076003
4.089432368327834
0.9172860372855212
2.9568748080855585
1.8182941602390201
6.366056784612738
1.6597920258791419
4.87956094277979
0.18086505750761717
0.7681805074462318
1.5804751754076278
21.36267537409367
5.064880259855272
1.1730986729417054
14.753516242475598
4.525492190685327
4.236664396739798
5.388205074563302
1.3403648761486693
1.8508475036505843
3.985902500040538
0.6145424396454473
1.405837240825349
5.029225191432488
2.8235314576486417
5.9414451352349715
0.45399178536536056
0.3355480666104995
2.1698456473095575
0.2928269751428161
1.89536672876784
1.1919722819511662
0.0278652711531322
0.8657575345641817
2.293471820597915
3.3855425567126076
0.14672681677984656
2.1834551994033973
7.9683778522812645
1.0700974241481163
2.6366313880753296
0.1891730455608922
3.7692764617386274
4.144105821622361
11.218528494788188
19.219546530832304
0.4345426914951531
1.022821228751127
0.7326792717649369
9.054411622186308
2.3485530713987828
0.23996112560416805
0.8151560762853478
1.9864363158776541
2.697557413892355
2.609505755823193
0.524518653350242
0.12268695515376749
5.243980256644136
0.7934482042583113
17.700449724121427
2.2915874270729546
1.5431913226129836
2.969289167846
0.029612401413032785
1.64540912024313
21.416069562463235
0.9155279791957582
0.5760941237058432
0.8561804304190446
0.9556935211512609
1.4815889014171262
1.7038924828339077
13.20493325249845
0.13729349014829495
8.70355364651914
1.677947067459172
0.26727889465837507
9.555820742381911
1.3199024079731316
0.317177704146161
0.2823864504825906
0.8238477176673769
4.522703937960614
4.950090316397109
1.3925196517448057
1.806723114419583
0.8554491722752573
11.849413899228239
13.026572284805297
1.1501255187140487
0.8636523613859026
2.15067874498709
2.089203701038059
4.89132588585926
0.05972028800169937
1.6197584383844514
0.11359518598692375
0.20942582486895844
1.4864231791252678
14.369982738906401
2.1713855013986176
1.9972110480557603
6.116294989951712
4.095322882214532
1.237995861480158
0.8875658833203488
0.9691956118367671
0.027290937228826806
0.15989151558096637
1.224487010134908
6.586614028416079
0.8482252607464034
6.447860333351855
0.5384277637967898
4.610490349139582
0.15791372516468982
2.103775664243585
0.49464999883275595
8.24376197325546
0.9029458456097927
0.19758195125177735
3.197801137008355
1.059710734843975
0.9443547056653188
0.6516039434027334
25.12896490188723
1.8641437954138382
1.8245812169807323
4.244582282040938
1.043542745122977
0.8424539620064024
1.6218997530850174
2.4957950029638596
9.80191136301437
0.7599828041747969
0.15483438559022034
1.5016583011274633
0.23255508782312972
2.039211731589603
16.948687196345418
6.109305293226498
0.1695058865043393
3.9556277844749275
1.3002450401363603
3.2597388528083684
0.505636308760586
0.8476533593675413
3.974155815631093
0.4608054235977761
3.5052084772214585
3.7657953113484837
2.9216929188696668
0.17537005072517786
6.4989163753598405
1.6144913487623853
7.715397007603315
0.7950397422755486
0.767346531014482
14.428851857643167
2.0415554771789175
0.04277943040142418
22.45775255483386
13.347752181092801
1.2253855136659695
6.318427203445026
6.099950340674695
13.05891170310133
1.183333185792435
3.5105997324244527
1.0082679696351988
1.1117075470538111
3.528713883122691
2.6751634441789065
0.3471131251208135
1.5985722821460513
2.3953165697676013
1.8585113250519498
3.213215328123624
5.958632512945769
0.10684995282645104
8.784568481616589
0.29168831344577484
0.8693095865055511
0.43317026256772806
0.2678530677803792
2.32422771443089
0.1415292228848557
4.6404423163949104
1.7212132410495542
0.8619343492064218
8.986339672079339
0.14200464111854672
4.319436214795132
3.379876803868683
0.9887238211013027
3.288171888987563
1.4916902927034243
0.4543296539450239
1.1024379979862715
1.2428352843999164
0.6870740654412657
3.1433322633747593
2.066989443748753
0.10931551311296062
0.09522790576738771
1.4065275174361886
0.2697222436108859
19.916262807528256
18.206763379606855
2.436492794451624
0.9259624813166738
9.286440592950385
10.577007128707919
14.725530765623262
1.2203599698950711
1.970927692920668
0.7871595186879858
0.8838025685690809
0.08106919680722058
0.48509664038647315
0.9714010616626183
18.813116621611698
3.8453198265597166
0.18142632875969866
1.938551677911164
0.15493645316382754
8.69174134271816
3.297926625727996
3.623755868178705
0.10827676439657807
1.8753946688193537
0.31331892128218897
3.89421157032848
1.484326917976432
4.40512853117616
4.433226701170497
0.12062522323685698
0.361350162565941
0.26872623830786324
0.26586832183238585
0.5059996599593433
1.081062922392448
0.4245577401416085
8.31529490190951
0.3607423506255145
2.4149511885589163
2.6052899651549524
2.112663645624707
2.4790356842204346
0.29680806033866247
15.569147740818153
0.29460440607726923
0.007514626151532866
1.3657761103568191
0.1700208060501609
8.905963651181082
4.321943901690247
1.8985419432538038
0.09860718326308415
1.4634721399233968
19.98203489628213
1.1615080615629267
0.6661173768989102
0.9828659426311788
3.4638384018944635
10.894670429701364
11.226636606937973
0.781488227617956
5.182793041378318
1.060195625948836
0.21829907059509424
4.989459929667646
0.3518437141246977
4.664452539160266
0.37835519934014883
1.313930018535757
1.6350766462892352
1.2035410767239227
0.105499595792935
2.788044582699513
0.050988015449547675
12.856663898804982
0.590651681253803
0.4628019615302037
5.616820357990946
20.957082099146646
1.372743144758715
1.871869911734393
1.361044731176662
8.40659343981315
1.8371910903260869
4.015552352073428
3.191278237161896
21.379401803133078
1.6712562267057365
0.8560421549300372
8.988765573260025
3.8637924221802677
1.6073063227740931
1.0089255090897495
0.01044744080354576
0.1836859558170545
8.10062568198191
5.070956802188448
3.0327560043551784
0.9338342189075775
0.302777400422201
1.6398217630885483
23.402681489285897
6.975895048741222
2.696216322361579
1.9326822569237265
2.2437694304680917
3.9964600936873467
3.4369796389910334
0.11854025795400958
0.2640656606236007
0.30696397727297153
0.26340364762290847
6.258933365552366
2.348801533033111
2.240133321527537
3.656404610053869
0.22085797068939428
4.6869049041379185
5.898385978009173
1.4276613611655193
8.457342313547997
0.18028542682804982
0.18748509926444967
1.9263264823093778
0.5390985861195077
1.3416298290612758
0.8720362593194295
2.010833619700861
0.5751178716927825
4.9241217740527645
5.963290707601118
0.7139412706674193
5.040608673672978
2.7385687116111512
1.2950148651689233
1.437235615663667
1.6319195612049953
3.770361581184261
0.4111980120324006
0.41063929345909855
4.506959182770515
1.1232774885866093
2.1048750533591374
0.0754686242871685
1.2890863939173869
0.706561001996306
1.9849530010578746
1.5973762148205424
4.310059773953981
0.1684331769538403
4.392341217891953
3.5958426958532073
7.800811847526347
2.752765654364339
0.64776359984171
2.292967159235559
2.9887415039847838
7.889158844725898
6.328466550767189
1.6279312630686036
2.8618872208207904
1.7935711244754202
0.374250859280437
10.128450537478784
11.937967019133794
0.7177596655747038
6.528815485118685
9.287593677898258
22.34153636687188
5.4127891132484365
6.108060473638034
2.2497319949543453
41.006077145862946
0.16785542897196137
1.2803243445596308
4.628626982666901
1.904111469953932
0.05441676168265985
2.8633201527482015
0.8760996088130923
1.9691126813413575
0.20261335824034177
2.2729041523743945
0.24663848560885526
2.6147886518592713
1.6979217390871781
0.5793197105776926
3.7767318388141575
1.4523114733565308
3.5552034706452105
3.074622421321692
0.17491362313376158
5.454432797781919
0.8232505763808149
4.1388495761748345
0.006099807273130864
0.6876918789967021
0.4404887461460021
0.20429936880100286
3.9857147217189777
2.2562682022289664
0.23863099859227077
4.060828157562355
1.7063814014472882
15.063850731596176
0.7433220106067893
0.6115903526297188
4.686585757906869
14.744550107578107
0.6596687876117358
1.4537083325485582
0.7133767579653068
0.1943540347092494
2.137298915840802
2.1117570506648917
5.029248764771182
12.660808632703265
2.170167837102781
0.7161203177602147
0.3637907286101836
0.6061909411982924
2.7421064529262367
6.0360966339940205
0.6531349135075288
0.28868622087247786
0.8556184751323599
1.2887389304160024
0.17587442381773144
5.998354204384668
4.332492244968307
16.98454897938791
5.881276662759774
2.6578940198523924
2.970505741326633
2.5302217237767763
1.020249701141438
0.7637933023288497
6.110274842627405
1.695411315147794
0.3752005319474847
3.0962672268033202
1.3643773607036564
0.17241959977036458
0.1264932251033315
1.976062815869227
0.4746762420691084
0.11423109636598383
2.8586153542782995
1.3624524869665038
0.12213508916102
2.633326114715601
0.373015421871969
5.143290051670192
2.8786289665222284
4.105680899334402
12.11116422816849
0.01449403980950592
17.204683466745337
3.0537932493316475
0.8642467708777986
1.912235606880131
1.0049275756864517
1.323303102155478
9.74068576411446
5.1785793849448964
0.04156476818025112
0.9881436370269512
4.692799879878294
0.6379899941020994
18.540662379535206
1.342552139009058
2.857883960012259
15.662400118188089
4.676540124226449
0.966616703884938
1.20895796197874
0.3720861639776558
0.013395274098002119
0.6411888847469527
0.78675044863121
6.0201086827219115
2.5098921757744392
0.16810670867198496
0.7160472343493893
8.27744326343236
0.28388351828834857
1.1704691820996231
1.035369410936255
4.4971420881011
2.114495879952301
9.007319980479224
0.1597955457145872
1.6454042003715585
9.262352719433693
0.049617265813139966
0.15356575324040023
14.676604608150228
2.3840288547253294
1.1726285380464105
1.4711667727424356
0.7143113366437319
7.593656532568275
5.322007122827927
0.7085711445542984
2.050718109596346
2.015408236249641
2.9183857897405687
2.8646449264269904
1.4251091244950658
0.504478874765482
1.4055552046193043
4.276087378271768
2.143879601957451
5.891454906795843
1.9141538170188142
0.010986607194354292
3.906309606765717
22.087176541950612
3.0886722238137736
0.039436388105968945
0.7893265595012053
5.402715417596482
0.4788047188631026
1.0478700203893823
2.413943577244936
0.04978357404252165
10.430764087257558
0.8411713321693242
3.838743980595609
2.6515134406981815
3.7413415934388468
0.17950019856289146
0.171484657585097
1.1515569267321553
1.9485727329883957
12.029398467879219
13.277746821710025
0.27546857887500664
3.7767236046092876
2.0461705979905673
0.3942388597315585
14.715572137705749
6.1678631883405615
3.0591523904331552
2.6112947555157007
20.913818203705887
0.8670399349139188
1.609152089811687
3.1096454986218305
2.44785707920164
0.05613780191561091
1.7919918185434653
1.144887817910785
0.5564362319055363
8.405171294041793
2.0468892573626363
1.1320345619715226
2.4338620333546714
1.5447464995959308
1.6471190340453177
4.090220896319806
2.7118790851454833
0.3969132229722163
3.28591895342106
0.9766347847871657
0.4610274294500414
4.523443232257705
2.451738617699448
0.948685357485374
2.96280660318007
1.2493738847770146
0.18294211480679223
0.39220348079834366
4.884345028902317
2.008040214772336
0.1260641713743098
2.800834779493016
0.9249989799573086
5.940150540554896
0.41220909097319236
8.377074245683616
9.667322138986492
1.201648284732073
0.8468580606822798
6.88824117092372
0.3850389307444857
9.624545477956417
27.562281030244776
0.33826491906438605
2.9796739611883822
12.15665461644312
1.238866970899835
8.868443656981981
0.7405891842827259
7.7218014205864165
0.37367229763549403
2.6321015338180587
2.2443623176695837
6.608223443046882
0.2535278785690025
0.5523952275361808
0.6811417470162269
0.09524707564196433
1.1848187272007635
4.714893698081141
1.1814336282659497
0.5335945019978681
14.451153490343131
2.3657823265784828
5.336075541865284
8.267661826343101
0.9479606006098038
2.0086453625262948
4.564782607543748
0.06935914566929569
1.4961482665603398
17.032657139163348
0.7175107903822209
1.540571511410235
35.098160941623064
0.6418623861209198
3.2638068364176434
1.1220180821655958
1.3901405936921947
2.1400231789921236
0.8389208444023097
12.337144454890222
0.25856605919034337
1.2109751075950044
23.885653536144673
0.8959434775642876
3.243714903270302
0.870932769295905
0.1677149130118778
3.2805111504130764
0.3494588240100711
0.7150446989726333
4.315318042416038
0.4406037126791489
3.2549662033852655
4.055392248592398
0.09418108862519148
0.6959056870255154
0.7146556044281169
0.6678597801765136
2.519211173570511
3.790718224594457
4.49730299267685
1.6375797687942395
3.6443178507361154
13.033337443357595
0.45677976115985075
0.591824911225558
2.2571891505976964
0.2605776240998239
0.02844218467726023
0.2601502641955449
3.992930287069612
5.762524791614851
3.455476047241973
0.09184620105224894
28.722706906446547
0.4841381216501759
3.0515195318002952
1.1120800333264924
1.912514553663641
3.259240831124771
4.268458419974195
1.1327805858491047
4.411583010522008
1.0696764276217436
0.00852051428591949
4.2196318909518595
1.7704263642553997
1.1971588785672793
3.1714674835602636
5.067735330172582
0.5558543288716464
0.5401785730500706
1.0863158363572438
0.03492987001664005
3.297186236610287
0.14027935550620896
16.54895784380642
1.5564077626622748
3.7105215234878415
0.44800448177556973
0.26078368670641794
1.2587008781192708
0.8407821028667968
2.5631880910987093
0.2780639509182947
7.32776860804006
3.6579854546544084
0.7647556719493878
3.8806472763571946
1.9070940611309197
0.12877543925424106
0.020604735298547894
0.09426472241466399
2.2213978368454264
4.46618873409534
0.24403760008499376
0.013963885758130345
1.1967741300541093
0.6585781142457563
0.9229231718200026
0.05563512281514704
0.3592729697666073
1.1889014078187756
0.8075576548326353
5.899426379819488
3.1409493199316785
1.8587580363710003
5.373095399721933
4.893747057543806
1.1323604058416095
3.4316255505764275
1.4055925498360011
1.8623807913754717
0.3122862221025571
8.406675748876296
1.1858589110634057
3.3062170504199457
0.6233453003333125
12.789101631075027
0.7595588006843172
3.7477639541575627
0.38549288696958683
5.717046457382821
2.053034168900922
0.3910697954161151
2.764933691603801
1.5674118958377221
2.9108283840687363
0.9914571405679453
7.186784098463249
9.424175394236954
1.4963039740905515
1.0148007165298623
1.247447248268145
1.1254151484354225
1.5434375182485383
2.4617789586445724
8.340524930397805
1.1411314927827334
0.07599559924346977
10.641793408231024
3.409020826264168
3.966169541428826
10.359424678237701
1.8531847035337705
0.8547945651152986
0.6211622086120769
0.06125686263112584
2.7086990530369803
0.16048702630359912
0.3691140223418188
2.0343283116562816
8.04612292908132
10.494872814575501
1.7923785471248266
1.6175535119000415
2.3038411346351495
2.3579753325866477
5.708311040150875
0.48640547940522083
3.822873413675552
92.44970607517098
1.042876158211584
1.0319096031344088
0.3044008777505951
3.061760826531099
2.0322810227953596
2.547840077608271
3.692438097739796
0.3510318270709831
1.3689672347427404
2.2766943520327914
0.16208763191389153
1.6598666208956274
1.408980102634814
22.23302751893425
2.7687336315066204
4.618507906950981
0.9469097391993273
1.7326063780310506
3.0339246113471745
3.5801703462711885
2.6216771074359713
2.1945383337042585
7.745165138043376
36.32971405592616
1.3942148945643567
3.0058508372239885
3.2427813969407
13.814237937538564
0.07779818960261764
0.05583426564044203
0.27908389729782357
1.5892062717066437
12.934348741448048
0.7375766690602177
6.665129200682713
0.8878457291466475
1.084861951381754
0.2941546709407703
0.23511179072738742
0.30378417734755203
11.387031950056553
0.6869935778049694
15.57757576552467
0.17971221290281392
1.8181985590636032
4.312942743388703
11.460617035500036
8.646527268818318
4.430138170537248
0.06037281454337062
3.2896315634425264
6.836404515259346
6.7646923244356
10.499539992859354
7.730263823497808
1.6560280021476501
5.2291231142116885
3.1639064502778638
4.5411588887291146
2.389539789499395
1.1423164044463192
1.264232601992262
0.6822753610831569
2.855076786920108
2.4101656120983534
7.760503554662137
0.31319733843702124
4.027112702930026
3.837302565720165
2.2150044628178875
2.8671990696275316
3.3827927332458785
4.432480160910927
2.221922742213792
2.7772622185584623
2.5402253551328613
2.0975409649581707
3.962665733299218
0.6968269549361139
2.695617145560391
0.1816766043775715
8.291402925104194
1.2144243791954068
21.012372980538203
0.3248982818913646
8.741723416853347
1.1594273751979927
7.813623375877796
0.01962189280675375
0.6293882817626582
0.735999307660677
0.08744932585614151
3.5426989509287523
2.642082278551243
2.5905942050485464
0.10494478902546689
5.1018488735826395
16.003235910604417
0.24629073703181348
3.821717389364494
6.0451466095291835
1.2308025675229146
2.141438057740743
1.567200951911218
9.813525105902954
1.0763322669554327
0.12370959443069296
0.2091309688948968
1.7795442672322679
2.25869342372971
2.014847607937554
26.02100457087363
2.3225827839851263
0.2077124797324359
0.12665137071235222
3.9781433052303328
18.026818988964806
0.9916969722216891
5.790751539050689
18.77695715900336
0.1621516544073529
0.24159508724187617
0.014476536714937538
0.4023527083118097
5.7161832155507
8.2140443007047
1.2002967086227727
2.9906394536628795
3.5531809181993594
0.2496632937618415
3.0307144127145875
3.6127868137737096
0.4763953874062281
30.522721359564457
6.013524466136005
0.9226081569504458
7.138537017144699
3.210042577033164
3.8720716398383956
8.728536176713533
0.7690665336522216
1.5680973535963858
3.6367253213975346
0.2545223043198348
0.03516845087506226
0.6729832972159784
6.298307332635886
0.4241684181833989
0.27536471968051046
0.7180675439340121
0.9635434616357088
1.6131490605985164
0.9420509114788729
1.0253046003381314
14.05625736512593
0.1300128684597439
0.18549238159539527
0.6855308020240045
5.917246577831975
1.1013344897146453
1.8638915215888119
2.5785316800975124
0.11287310675834306
0.5750443204451585
0.6717373417777708
4.3274090395680105
8.54215434095022
14.16319057671717
1.1176501365443983
1.4238616144066327
1.3707223663041077
0.5229259627230931
0.5498862454114715
0.4774170150703867
3.148177564780781
3.580862573107879
0.8436054373123625
2.310911740645679
0.35925828916879254
1.5491806688114593
1.1502937898403616
1.389291785981186
1.5011583420127863
0.21188848478414002
1.9717370369944547
1.2463191378410556
0.2622401164881012
26.83471331742112
1.1419721583624778
0.5947480941213144
1.3352903234808764
0.1424057589865697
1.5694572836000589
3.666110846272204
0.9922171719372272
16.523338287483057
2.7665622175700264
1.2049129399747471
10.168827162688103
6.469313566161873
2.166628690178186
5.496807261963113
2.502828864449839
0.7277180089149624
10.372824957357807
2.134608968248358
4.352934873666527
0.41771191530278884
2.0834200375902583
0.8773997150383366
1.1101219188967661
0.18682855011866195
3.1036150194522634
0.3896267315103614
0.9573353514133487
0.29113110660546226
0.8428542008914519
5.295112507235899
0.1403679606919468
1.500855918326124
0.8312800712956232
0.19039169886309537
0.42592593174776994
0.2224774184069247
0.5771252338163322
0.9556332144566113
0.8734643716743449
0.017098184798669536
2.5493914161779685
2.3090971422279836
2.7407664845923136
0.6722203594690654
0.19867171523947036
25.047295611217123
2.003017906241439
3.1501920947448525
0.15321831505207228
7.929009838073398
0.3334730830065382
20.126942977185536
3.7586264526216837
9.213250343527761
4.949832031688857
0.6953606129645777
0.5636445506861492
1.0147947472396481
25.727425786710228
0.1525079002167331
0.5301568370596215
15.418548633999308
2.329209354837076
2.647992737896857
1.1363844865918509
1.860096279084246
3.578535567423387
0.1696106636300101
2.2519773422209255
4.584466595631966
0.18284085586492438
0.27844828252273146
5.446258787113038
3.1326809746860818
5.088809468325053
1.3566611290843866
0.010774776776088402
0.3691229923206265
5.268417876774038
10.512982964082767
6.276054345376906
2.9998674057715107
47.619625085830194
0.25365221873653354
12.534532301226136
0.9325547815969912
1.6349691321956925
0.5703907939787314
2.3218935895092727
0.04906738115096232
10.374969252898154
1.4028630204375077
0.21847691910443245
5.205252001655026
0.7943531882374373
1.8190122086016345
20.5774518324979
0.3071404442889616
1.0096599337666703
0.6800879306247225
1.58244665735765
0.3576907654351089
0.9443963619050919
6.057184559707821
2.7641974415819277
1.6691963700832275
0.3868656858248869
3.505331804328307
2.2958662548880966
9.31385032957769
3.6668032316301833
0.055773888245312264
11.800843793531385
16.310115897274954
0.8885468431035406
0.15434513502987102
17.454365282035724
1.1673259623639751
1.001583723074873
2.080064329882589
1.1169141606405901
1.1626612395921256
3.2848943947756197
3.477209655353363
0.40693824905974907
0.5697758942769724
2.9838019370872644
0.37257670710096136
0.2681860429220251
0.03605155316472519
7.482264217709599
0.4956711386803363
0.9850573768198956
6.655614819028415
6.0643805088730005
0.8847608540345391
0.35909430796891684
0.03567403087436105
0.11744226448354311
8.734637344106886
8.235485443117796
10.83975323827326
1.1937126471311785
3.457584921739908
0.5409667163185077
0.41450411854020786
0.18279690438430407
2.390233369420457
1.1705832607331104
0.17322180694100098
0.5950104827716132
3.166109616704489
0.10251951982354512
3.8040398009652563
3.281309897527535
33.688906202925864
3.2754416193674842
10.560226947851334
3.859619297665631
1.2753192954114638
1.3716318562874221
0.05823601226802566
3.749422464548843
8.768851596665627
0.4073009758430999
0.026430368350702338
1.8003963764276705
0.38515370849199826
9.40998364380357
0.9153859485923022
1.8212629383597232
2.5428945065141306
0.9170715968866716
1.4825758213264635
5.4007181225279055
0.1343268807795539
19.462355750649294
10.489275882791844
1.2888541373467888
0.03431437792460201
2.4723920062933757
0.33703531966966693
0.6977661417004128
0.8985844685485063
3.993580291073158
0.6336319506299333
2.1002220687805675
2.8847120453501702
2.2516921107926464
1.1673400396430225
0.040090565646096366
0.9406191186062642
0.9871725489283563
0.9269081858765276
7.318931840811274
8.51111319199481
1.576331829692208
2.535108801614115
10.05546738592966
0.8984653346633422
0.0962318996535032
2.524824650372466
1.2430381437116012
2.6242993538762676
1.2385194713351666
0.07115584021812538
4.888683072258573
0.5165436001916532
16.216817178243218
19.16778737859204
4.876655157233472
5.446778011701099
2.6209525592275895
4.5687537259291275
6.170584232928377
25.550452482591936
5.350107382237184
3.579504032011755
1.0579406777615077
2.973914094029169
6.170913316265796
1.56043159145338
0.6667565270145133
2.663943389805354
8.1506061443215
0.6750469922626507
0.36213798499375116
1.2928314252058044
5.780294512249384
0.731931810882088
0.3269279251435364
0.1927941463436582
0.9754650621907786
2.8280299218095024
2.0253827010747045
1.3039374028157908
3.099235070141731
0.30996395239708363
0.9239476781731355
1.8734729274292476
1.683274040256947
0.5809707726584747
0.06166207769638277
3.253411057703488
1.1147587728664803
2.439994252319593
3.5323345570832316
6.354160324062832
2.629899795167148
0.6447022781685519
0.08731886670284439
0.8082920718370588
1.7592989320110064
0.21334183790531824
0.19313089844217757
9.041029261501535
3.2049297423654934
10.03165038645966
13.469821052862244
18.53877049050061
8.603805107832159
4.2784507969954575
2.156087620762264
0.6510410925511678
1.2706327008163498
12.23961425208472
9.07584377009698
1.3733927662287897
3.3898398133169394
1.0045319481287152
2.0259217769089446
0.10199096865108004
1.8929615380802716
12.445363040787925
4.449849145497865
1.258525156405085
0.35582935838829144
1.0638621832076751
4.449709851178341
1.0093794726017222
0.11128979493514635
0.2797496508137556
5.702830264010117
2.213149226619862
4.116333116013266
0.22739211669249926
0.4707661115571682
19.44546252047803
3.850805267204123
3.9357873346634733
0.5002512285391276
0.8204304077917186
10.350082292752631
10.480225701296149
0.2991896197963797
2.9812895230934373
49.748745317174325
2.5175513187859906
0.009874049908830784
0.986359508082387
7.142869873423479
4.226003456155013
0.9731424590354436
0.6808858952572336
3.206663114244293
6.234122310939711
0.01825451491822605
17.600632367550133
4.5082579227564565
0.6456280308957503
1.8152385978319217
0.6296957287122495
8.536821405559749
1.2499917602071946
6.200624923283613
5.807962165625213
1.2618979456419765
6.491434969288093
0.12058752384109539
2.919678196973109
0.6447820866706024
0.19409294390425202
1.119986954912747
0.26856240018605604
0.5079969118887675
3.679496148994076
0.24809988765991875
2.422576839424437
1.3090957777494623
3.9671231834072387
0.6931014912734099
2.390469908095838
1.4002664081453986
3.7967732126671763
0.3508863900678989
0.9263803921276121
2.2834623127127998
1.5533911557213287
14.560280372792477
0.7005408726654423
5.507215646764962
2.77759054823764
3.240991034923354
2.0530387514336326
3.3127239182977064
1.2408329891513858
3.4370394383295206
4.500661993977701
0.012370548232865985
3.0586912948165264
2.8591632400966773
1.7236636059096782
0.5750952908892941
17.193363728936674
0.5606505938667397
1.5187378078517213
2.946458321330283
1.1263384405428951
0.19245170226713526
0.2620951817407331
0.07067761542930384
1.8607646857453801
5.626276921637327
0.4569160988103249
5.379496949608438
0.637828495229769
0.12711883161682636
2.1892523358947074
3.5362961543432903
1.3734161304601002
0.527413518371759
5.802315559492854
0.013493206857674522
4.380618134928227
1.6338689420263108
3.1811637446699024
0.06283890612394316
4.387169919278676
0.7674055937131925
5.805522685179312
2.24982360267677
2.711108464998688
0.9646227809789707
2.417992753282306
2.442856204645068
2.775449777080212
2.9410447493683023
1.4304876530768524
1.500871008320246
2.7795421707705827
0.9724566731783852
2.195913825868047
0.5631218670278031
4.767946920503164
0.6048424209111545
0.7725793703611998
0.41151336122493376
7.6018165218156355
4.253926152501663
2.593256378208025
0.5096482274093432
0.6372301393603266
0.2804872976957995
4.222872654525418
2.4963863222219516
1.7335998684757215
0.6309218964233878
1.1833692897780566
1.4263552162337874
6.263746492801147
4.433659896916652
2.602834580862691
5.605376178813458
3.7420103140211722
2.208421742088831
0.12143701311651967
0.1127778756308544
4.7217264903993055
0.8852595026546624
2.8865950290673936
2.0835438534704736
2.8791756804130273
1.2071739011043974
4.471165355789708
3.1260933725279756
1.586532835059188
9.127738873266935
15.017698772269796
0.5501600195093488
4.133897292824258
1.2750595018951572
2.206796160473459
0.19027569969330216
0.10271459240902914
3.1781388102681376
0.09637157506949734
1.9596569893728883
24.677937802764063
3.3354920201090863
5.863100997728907
3.458917404183012
6.653203186368046
0.26984969560726313
1.2391979772219202
2.4202516310360807
2.0038003487825335
0.02496432223415468
3.127366597047512
0.3211996115351212
5.202150884633738
0.036081605660001514
2.6019028428308957
17.738709792865848
0.16792446394902072
6.99986804108994
0.7878542295256921
0.8569954241502273
2.1494757570690126
0.24465770232927753
1.0014696626276418
4.347842730436241
4.10694679991866
0.6641582213051151
1.7965749747709197
2.209613122544397
1.7581640797179716
1.1222185210754105
18.51956890949441
4.955880066529062
0.25024776610007393
0.5080205836238747
4.90132952084241
0.6201748214989493
5.610457155387849
3.9301621418890136
3.2270817811368033
0.8216786677730852
7.073037694230152
0.3298370988886745
1.0014751699454791
1.6809955538192298
0.018895862333010882
1.0820764163072454
1.214491047852789
1.6277042706351494
10.596595058275852
2.1434150248642254
2.0741899400527473
4.726252574429964
0.013624965908093145
5.806982685931871
3.8004036948186695
0.33890811308447155
8.698666179090651
0.020890691987005994
1.5832661581262073
1.1149856233423634
11.045062655713991
2.551915563079092
2.3746938449803565
1.9380049957435403
0.4497427607966529
0.5002277569692524
0.6917476269954932
0.4602134225788177
2.658342077549605
0.2268410213800962
6.039559734013892
13.810700247347995
1.30989083744862
0.5847072073556774
1.717081507020339
0.6566717690475343
1.103151578707184
2.2385908792857663
1.7123445905854169
0.49387995065626455
3.754214183318254
3.7808730852484587
0.5705007244250737
5.39000789286365
0.47031323229748523
17.939278237347025
1.9192043045513856
0.3518301651747606
4.1473800147323345
2.3482595767927705
3.459645920749608
1.1828113908777595
0.3009848677102127
11.164738254097756
0.05958177878710558
4.925406471691531
0.41963970987853827
8.842084979587526
0.812341175358597
1.7759888336076983
0.49125187064055353
2.2596015869748953
0.22093752347063855
2.481321184681292
27.973204638197785
7.242703289244673
0.05722098539627041
6.457175031333463
1.682672427057696
7.222803886525071
0.6987696726318973
6.275228044454707
0.2599550634586194
0.19654258350419695
0.5620280317634752
0.7044158531462017
1.1359264181082835
11.894704000016645
2.826469409297715
2.057407896274526
0.7899373288855713
0.9795855614065658
33.50272679554837
0.30515735005246825
4.768997632363607
5.786562165591022
0.30824001780638355
2.36173798256641
23.552497304957797
0.17528628104992094
1.8267732232743583
0.29697543218935607
4.536624518954341
0.11746552594195236
4.566023282131937
0.13146168537423364
1.7411087254513404
5.5951989170280285
5.153633044581511
3.88505559720943
6.218256861076952
2.0631373067481036
0.01131278305183514
0.18220840362118906
1.9494005885317165
0.5554930477810558
2.3866832842140866
5.607037166428199
15.894662302427605
1.1485384122788673
7.429519954992429
1.293204292345763
1.415377109336987
0.6786105007959122
5.344193008029833
5.7498242004839994
4.275164800041239
8.596231204326614
7.951996898133075
9.982084253046196
4.491351445991313
2.4357115914972383
0.23933479292463744
0.5087831870405353
2.145668415065302
1.3991804283614329
0.5772876053561049
0.5956496890794369
3.115797172249586
26.973729270801414
5.371866722649429
16.75559375949524
4.358156137663173
1.3417707457010692
4.2051072613212455
0.6093089568457799
15.160647573844471
0.9445501275804418
4.161179915699904
1.1073854356218362
11.59638930966321
0.8125452816275356
2.813006050317199
3.093744606463588
2.2702124742718297
12.153765052134986
0.009057613875484094
6.513342135061976
0.6857855849084444
0.3311020268520224
1.586330949961848
55.720187337537936
3.8378717212071933
2.988898924380919
2.6749147442969843
0.660413102064922
3.833721584505838
1.7579924392412067
1.668769878018793
1.6744260543237033
0.6307285020047857
8.649072512500425
3.4742323837126605
2.0151867291315284
21.351542541295203
0.08249854549649172
5.426961986180686
2.9079058348324907
1.8509385557663336
2.2967440470274596
0.12226207004641765
1.9806881959884777
16.7164159918284
14.040756002610578
1.6579722097339982
0.7982087570053409
2.777869758225279
4.913937684264965
1.0329753253427043
7.419392393694579
1.83523953547774
0.49958710332794
1.481796936954197
2.2643710342381382
0.9665790062827
2.6611606448605016
1.4404357714047364
1.6097250586572045
0.25212076975003583
6.475423189236608
0.859835377712443
3.89449292991776
1.212883622469235
0.35627349922651774
3.764727381447301
4.003091673050221
6.92094035719856
2.514391147171409
0.41499683778965846
0.702991289228521
0.6165441583689244
16.789108431075874
3.709274682612886
1.8167508380247455
1.0053383269987535
2.536667778298579
0.6277072441589553
33.29084319707181
1.0589752393279923
1.4130834086899995
0.0936533205822343
1.3905927330633858
1.9577343917153485
0.4718197613801749
1.7796903643138648
1.1625278491228528
0.4110928129084641
3.743409969192726
0.8650630642732722
2.602299195856176
12.366091158837662
1.7341413238173118
1.2566360732635076
3.644516936088621
1.7855175776639953
1.145398801054398
10.429687179224857
15.608489295485924
3.1776757274201373
4.369134042142832
0.4327029530359141
1.5102591910035699
0.9686976199081982
1.4196865397643705
1.5890313449126552
0.8981611766357673
0.9312165579794964
1.1244696955691325
1.775767403007194
3.267007394344546
0.6444391867880768
0.901604107068124
0.42997471582566504
4.3919947972935915
3.7066988483347814
0.44896805596727063
3.956829181945068
0.039971333633729955
1.1421184437422198
0.7047105607416597
5.45032243381138
9.773852056852775
0.6053226126205118
0.10119769432276371
3.9317959351683385
2.666570032815798
0.8156210784181894
5.378692012527608
0.5444362678208563
3.1840530576228048
1.425792730453395
0.24773873110098066
0.8094260360267072
1.418018385698815
10.262552422504086
0.28420330659355386
0.27255263989354717
0.5969237344470457
0.6644984743907116
1.881633045104536
0.08772977288390393
4.8993465522289625
1.2425969735304534
2.318913800700102
0.1060587939027755
0.150649008101027
12.554543940430449
2.6308840992751357
0.6528937527691596
0.25499092744939844
14.70018601926131
2.6632412633007334
6.506349912360747
2.9170888059925346
0.47686411329414113
0.5883483228608384
1.0487901128108206
3.1339693495210668
0.2564344989004894
1.2099362769986328
3.7902313055674313
2.366529684917623
2.4939029529195977
2.85612858640161
2.1318976917900727
0.11249982004665071
1.6158637507833191
3.6674101068674645
1.0932230714533944
0.5833209043012175
0.65349579762551
0.3539041760559485
2.9272396200467483
0.09121737151144771
0.6971721212648845
6.843603428525967
2.755669756563293
1.1951222578682064
2.0590279193711467
4.962086778115918
3.2232747802445374
1.069833749501413
1.0154518149938667
2.002326453130081
0.10318929604181903
2.485899304268969
1.7402165349376446
1.9360934605429065
2.3486488094567903
2.9378306205144327
18.028322828577075
1.7887120979467
0.3127013240045926
0.8730805173399858
0.5421535193454474
2.557264218226919
5.333013944673439
0.08640858231956372
0.4040158269563108
2.64108707219566
1.8380036834387283
2.567016407047049
0.3753816223288595
0.19450397858963697
5.601601456430217
1.1124676689541957
0.4574664444589871
14.12345875912797
0.4207443823106587
0.47392063528241124
0.1888370357119129
2.505686639844498
1.0887668257710175
1.3094123940645659
7.587799997731054
0.190774271486589
0.3844531574686698
0.1294998778575973
14.045389309012535
0.2987156879535178
4.5588791085574485
5.194273821896786
1.159953133246745
3.6573050453189353
0.4208095110152499
7.365355359517707
11.73402894580795
2.114251309332758
0.22498922437807778
0.23790185407415265
0.3587860079787788
6.5427519109871355
0.24192656927698408
0.038311240656184964
3.1401579727462376
1.2139251060907554
2.570673513895599
9.676988213344885
1.7242812702897936
0.8226608085242333
1.602621170663042
0.02401437460866873
2.0360991630877834
0.17678555627571768
0.9459560227733164
0.43548320613626856
0.5611053474458458
1.5819922134869557
4.139592112423998
0.6728105280417367
8.733678744647477
4.33976963436362
0.9562907632061979
5.318991171272501
5.622035182866966
0.6457051213910745
2.334645201666717
3.446384696278983
1.6908020210212271
3.6688738900811586
2.1783495492745715
0.7816439401103707
0.9150371305986482
