4.134956516740203
5.839672528916708
6.819133977358433
11.683195171339321
6.296207936837163
0.045028566873952514
0.7995235759262869
17.470281509140477
0.8998772125378309
2.0439714153617388
2.976850757429929
3.224038572076097
1.9046542690557544
6.529431987863063
1.3741268907688209
0.7880336459311366
1.1270003324680147
2.293171268007427
25.99557234056192
1.2683228023452102
0.01448055294531514
1.467276380477415
3.1021400551289844
8.945642366237735
12.97048338386594
13.243095458168682
0.6471378670285048
12.536307602098532
13.163206950368476
3.134232311582309
8.88017108686472
2.2752341687046282
0.282269453855406
5.033926729607629
11.639968003521062
4.494144054780918
0.09165439467687975
10.055037337278918
7.507497170172428
17.384679846240033
2.1199711567824124
0.5547923487138178
0.3321146649905131
5.6745351462304825
0.7156762234008056
0.43811630359778064
1.6560102486691903
1.1979406270038453
4.077869551281765
0.5067624785078806
2.593653912696027
0.0868616257866961
0.09024075583511149
20.134058342442586
2.6909537297506176
2.1847390946895757
2.1700614415058226
0.7215998427782324
12.290268601129355
2.031360837696411
2.418132254599186
7.655588829275075
3.871598280966282
6.943369409629668
4.143855015052395
19.458681085699936
1.7251552307134261
4.595273990889837
18.00273404973632
3.850684949189599
7.342876238464669
0.7994189857854508
0.21820540583939874
82.82181155963917
1.3980180738326453
3.5986443725378194
1.3602838592887565
8.046544656273909
6.571147262206068
0.7592957269880571
0.14200282897581928
1.3908480506797787
1.0600762099238636
0.7174471503749373
0.08575527738139499
3.0470531289793144
2.690140614624397
2.803547973067907
1.084140811683028
37.661725329759065
4.101117332469585
1.2744023944869696
25.45777856969653
7.997596778506704
5.257099585236574
0.23978232091394602
11.689074037956743
3.8328408109337033
0.032321943413990084
1.918726697931561
4.069010074843391
4.493161231668637
1.2745956632898015
2.9499857930713915
1.8862119518234977
17.713175837805466
1.0133512888241967
0.8170321365687414
7.632201814361906
0.7888645869206812
0.4330500320829742
9.214942827369669
2.5302055540814763
4.058276690171624
7.700987623142282
10.906455638141779
10.555747249007254
7.653364265290293
2.738674987653212
15.731944740302424
1.4361544864659663
0.43626085611322196
12.837453686144727
3.0444804137841857
4.979863112759631
4.781484998417
2.948445463403914
17.33234779060149
8.823575223465014
0.4811038247680699
2.4644936592812883
1.452793155094696
1.383206830949348
17.333944950769364
13.002012444940192
2.9969972375147336
7.6613183046538325
0.8400034977094037
1.213368604221614
1.6937811390089337
7.573864438909368
0.090241497833631
4.339749712587945
3.497807863441267
2.574393932311068
7.2988302246703824
4.512130100509239
7.556453387704096
1.9420838277692383
1.9433779688624782
7.26040893872414
3.501766079087247
3.0985009994910797
2.7678216623025946
4.3695033696858445
0.7094003458005318
3.690832634027174
1.0738239992751915
1.95345367606933
3.921104296383419
3.8267002765642246
7.057949824938987
4.774850596266333
2.20724802595214
3.943983966993983
5.527597594526014
17.194561776454066
1.509086123060115
2.166598161409638
0.3274583590682596
3.2658902842631505
1.1429932288192504
13.296298241999466
13.256212110420165
19.73018957685781
2.1456845297143445
15.029989716789714
2.3086807225845405
5.972468334410223
7.046157447515725
2.324228767200111
0.7483930698763288
1.1051677923860552
2.822517844968388
0.23671600517627667
36.79698971886319
8.538703525893652
3.3507462054185453
9.646511015373108
5.937075595411443
7.598724501058314
0.6095397497192607
0.30717839685530635
6.189839200742426
1.5012753137525578
0.5354108355168137
0.5899642491203849
3.4412000286538387
1.4338908062854898
2.2064444986790477
1.3507977695589943
4.579613509871706
0.27429657432367094
8.818480903544696
0.07160733146156417
4.207859075533634
2.265321745446272
0.22543406994373072
3.1707115554381744
6.922196300529322
7.457585131331143
4.831288553003105
3.434333299741411
2.294411439121177
1.9505186251772102
1.4138482652997482
4.064553765154415
10.195229830147582
0.6845916368911276
0.23797399811155628
0.2563728400673426
0.8421363380002731
0.9756142558289866
1.2831523817003472
3.0169126413929916
0.7176306645924342
0.6904247185266286
0.8495463697145169
1.086196181462583
0.2639160739199724
0.957369739193382
0.31756649146336713
0.9865865475985629
0.34884209402662236
2.450619924817147
7.692378753017692
2.811346470090939
5.402183467100258
2.323160784861102
6.872155071414454
15.109965325777011
10.649388205863943
1.1088975943312107
0.5249948085765936
3.3063598564513086
31.892450109804486
10.98802857039118
0.7333548068745586
8.09891446925758
1.9478771242102084
0.40822000344633125
0.9050996450860112
3.523913133180031
8.061857331507781
2.1179834675094753
0.12371936926138005
1.916109233541647
5.0570543786852795
4.976484311013337
1.5843243115923542
1.8222896320803557
0.12959288578349515
10.498037919685885
2.91966692319329
11.208221305594634
0.2751827548709116
14.245682619002764
9.479028906920576
0.06569174219112028
15.276162655478402
3.6570087330328533
4.8753896816087945
0.15539363267089357
1.5550615779939108
2.6649586305575212
1.9382973809806572
1.780515332811774
22.30378315046255
2.728829520401632
4.739510865660122
0.37722429597124574
5.0385484600192285
0.951886450220627
5.244473818671395
16.47703562188326
2.2280826102141873
5.663018786672183
0.16517695692164125
0.5498914539348334
11.68180171770291
1.1239883308589924
8.077330930380413
0.6537912508902082
4.1226666305847175
1.741802560070937
6.567394176468952
1.3221049685853359
11.752078984882246
1.4897290012740996
6.939489277807297
0.49086232105400995
8.090443417189817
0.6647780962448451
2.1908752647141227
4.688804315537709
3.4228741847982747
0.35271442910743644
0.2451323703644448
3.986128932545398
0.025600056553230388
3.3112682966784632
0.8397262747494096
4.0567071684236
0.14721627873223042
0.3228870650855242
0.8414019257252221
0.21598479691601824
2.3698838577292918
10.604804711147153
1.4558890170992527
5.219744253041426
0.5980158700549509
6.523838035234803
1.1851004385316628
0.42250574168065214
4.928959679513355
0.7659153653366957
1.3271468833700055
3.189329056083807
0.776519250281126
0.8705994485280826
9.55489851081802
1.3667705889019999
5.724246917463461
0.11798426461609779
0.7468871614182717
20.277556551460293
2.3159774847881636
0.08500711609303835
13.819925527877785
1.9869256706333545
0.5557024303998332
5.752775406173896
1.0004435019291122
0.017063426290405914
19.898130711073463
15.357673151902418
0.9845579013199313
2.946795068859501
5.315907430991501
2.271342338051909
2.246409549814416
0.36262977178557776
0.2502688068525458
13.161326808374724
3.098209686275368
3.506376209184964
0.01405936670198571
0.8350115082612319
0.18456631692606607
5.183008107753267
0.506474306464952
1.4192712795083935
10.443601969152951
31.182715258237295
1.0361703706876142
3.9173673928307835
2.1255331956781447
0.05803754373846459
26.925286307556235
32.72451243557589
0.8604624303297896
0.8925050689467753
0.37346329632782727
47.76512001907031
1.7261187622571015
25.54169292243023
1.6361515468561265
0.1973211037729925
17.856164428758348
0.9819057455570146
0.21361754689496593
14.83696894321838
4.829258417135861
2.28560444413597
2.786812443046074
12.440953073662968
3.7479866158500954
2.1466920391540043
11.56373334885211
7.9398984003128135
0.7559901772692683
0.40046306015210575
1.2757887616717198
4.431838520231395
28.31569609678263
0.43265329900896177
2.4182852940721205
9.436335365749983
0.13289997737228987
0.2249959033470077
1.1843082064806367
3.544446415242419
0.2409170356550021
3.5528058053423592
0.07663699299155269
0.20699806493212236
2.139519418022246
0.6449628597802075
1.5850461188420013
2.631485965299362
0.2188232612934371
2.6572158873786975
6.0972588737313345
6.767620030670514
9.232676142364653
0.6036436971517105
0.7429142949040397
8.99054646908553
6.312373851826123
7.500094104230811
0.6656201800506096
0.28923800733173266
4.264603045372496
0.020381213318614755
4.7129977791555575
24.2167877334723
1.3064778496373037
3.0860156157687015
0.42983693047062843
0.9616614537299029
2.0638433900821838
0.28182669722809806
1.804441574291559
12.764059528581129
1.9429455042300106
6.896045476169093
1.1333309216643102
0.08196248160675168
4.350786410195724
1.2479822759851231
0.1778778246480215
11.625878803020896
4.220587208739744
1.1085676685943326
1.355587528734759
1.253620827159466
2.7266745568085753
0.6239596282939601
1.9094466918541002
0.29824544999428326
21.16607310350082
1.5190981469131657
2.5091377257049317
2.9447370808520645
0.25495363710069796
73.50825303188685
2.3658065111703763
1.07767810878795
8.04575988461147
15.664167559476482
9.310951854993618
8.671201101042243
0.4881681024598947
7.072865985075623
0.18615800453335396
2.6279903285976616
2.9260509404412005
5.229333450577542
0.7292867612814007
10.098121813578473
1.5345717767631868
0.9892668799730018
1.0195044444262749
2.3257066707556078
2.2361116727734043
17.313040569177247
1.7151333038818848
2.6313455215895374
0.529469693035935
0.1995906081283465
7.05524737210726
0.11260840567410924
1.9078098321188008
1.1572174570392235
2.5903409915081284
11.299982832406386
0.2538638589394395
13.350897397773224
0.4748935727548087
0.9571953683698666
2.3311335410544416
5.1293220618899795
0.21097483981066034
1.9808534239018627
0.252992088382598
0.6095717704629351
1.5369600622507278
4.5367739326939045
13.201484444234666
0.171429794645519
12.046128447182127
0.7325503243009734
39.69452054647263
0.7672328725093394
13.592607374084764
14.014125963829429
0.48823436600650894
22.12827804618064
0.5495943163004995
0.2968429608590668
9.012265964225662
5.432974568993814
0.5079181992914528
16.039982673519262
9.729779444074666
2.1799020840444427
2.604259575226024
1.4890670252716518
2.9928912541872705
3.0981599711558374
0.5201945784538111
0.8226165978921927
1.5019354548967385
1.2602587032088195
1.7439777328399941
8.093185990590428
1.4415860231492843
0.2955198135532555
4.781402902764967
0.21535741256229812
2.837244927406573
12.849201560795336
0.18424401051015593
0.5320362006241339
8.4221262805695
5.9189047963154735
1.28136012518371
0.17156225984581397
5.250823787442641
54.07634646595034
9.102863980544498
2.2871232203397085
0.2607070490194019
0.0341554721853754
0.9562685310484085
12.691589445872523
1.0187058128722128
18.866429056528432
3.970222896812629
3.639260766994994
0.3825779070466524
0.8222272794846504
3.944291935804358
0.3263518567036954
0.6134794997706194
5.943549527582945
12.843133109712653
13.53243882953393
7.102469895951799
2.1487675828757347
12.919667272763036
0.48376887726044515
0.3125249452095886
0.3206220479987678
109.1238222790198
24.248236441046174
3.44803267482348
17.2620259977557
0.33607291568478104
23.425824046411435
7.480023260326561
1.9107195586766466
13.843763814889826
8.9586845329286
3.2224506138918514
25.676795309376757
1.6449730965650815
0.2581327406478522
0.09222800156567246
1.1904212903282314
0.8750009731629689
7.301198436500272
2.3296080612963124
0.7343384029991284
0.3633039703090617
0.4926906755863456
4.954150295350701
2.6061992523136723
2.1482614996493794
0.8017561483720783
0.2728932803438511
4.5851879214642395
0.12186636666956474
6.290640451403306
0.2266168073110748
1.722132290542504
0.344303010017029
2.379696464897279
6.784993956924154
6.098258811867709
0.23848222671585972
0.9839053443283774
9.189955808476952
1.6193171913073456
0.003610381616454106
0.7544386968183971
0.637011098820949
29.35325458656007
0.04485078040306689
7.460593605010217
3.7043257084369543
0.07901965318524162
0.07062254472475615
5.363803755361005
0.6869006785309466
1.002632784198795
0.7110644681415579
1.433449083880987
0.8936659914725169
1.6630569555527472
5.6843105040243245
36.56100968165629
46.76161338024394
8.993865221484157
0.10798587744648103
1.0398596661761985
0.5782069040687929
11.081107096721098
4.471645044937759
5.5489507393904205
1.097839134730748
15.535705189977307
7.5734614512221015
8.82768559392207
6.070632480408676
1.7178622730534698
0.04001751284886268
1.2323852620174875
9.468519278307213
0.3204886814019119
10.070445119290525
11.915193330183683
5.949924505483068
0.39259011908143293
2.8768997760453203
3.644801876216661
6.660314281863975
0.8170598311917274
0.5944182254388579
0.9286312501280918
0.14785755323100602
0.5697437085254933
0.15494173252227483
13.256352344411425
0.024882633129891474
0.887552049542137
9.855958089839987
9.614508013513841
1.68225801324661
0.5870152540992422
4.75595344829344
0.6600674461551534
0.012487944655731553
1.730199412730144
0.45944665957358666
8.781440403341549
0.05738611080596456
11.586854971839784
4.0748166724224575
8.549308726102026
6.282089382853883
6.582979191836785
4.928507952568907
4.329988805515313
6.837232170251809
1.025325851438538
3.782387699739047
7.030841026458802
6.31751538116805
5.391555255337153
11.985293976853427
1.7891130330572196
0.337189416095498
0.5824972734662879
0.07241911399614764
0.19869372518951423
0.21624090849218192
0.029620951740071177
0.531814774931263
6.925567150276038
1.9494142517869477
5.888499041800969
2.44201457663803
3.665028913430433
1.3243954543468135
0.8252704854057811
4.492196375318599
1.9997690889358637
6.822311413587158
0.633827963283693
0.5908141886357043
3.9881434198250645
26.14127972665665
10.157594416061329
0.910860640622559
0.8912814263057953
16.517700445343507
0.03601214908485417
0.21382060209361953
15.362066629186302
0.7712590720148
21.99398559646579
4.299246654776653
7.158403571087547
0.2730210741792689
0.3525653775759565
8.04119612726572
1.604831371383625
1.338353216789983
0.4176781772293907
1.764862559048197
0.8707761764235329
0.48455787448983756
4.980665140708879
0.10907205980765866
0.028003155948681524
10.825170719312155
2.797401808336872
4.441145980719739
17.17057941033636
46.08767710158281
0.9242880543570209
0.03265117081537028
3.288128833693918
6.953964991709654
4.042837942299229
1.6593915579906025
2.1481391392517253
3.8402029830176616
14.178508952692937
12.774586882071162
25.45086477795485
0.637566127388709
1.5718023452500347
3.958237950479088
0.08929333867854439
9.132887623010902
0.5855628518474987
1.336581687006401
3.0951749505074986
1.585285466440837
7.784420988391503
1.2782477935870702
7.88942238747768
1.6706904329257668
1.8169112279028923
0.20697394854869344
0.572648302793823
1.625114506805403
11.996243309706188
0.04922007391724037
1.2037846200255444
0.039440254753571935
5.2584661561995745
1.7675347435724689
17.161293885394116
3.020477630365349
0.36903230093594175
2.3079740457942535
0.6934550637597567
22.106174367105268
5.071660399800749
1.8440066237089923
0.1259307913496741
1.7160041498209466
0.8623117405768426
0.47514568394763046
2.251714614165394
4.949759907951375
0.6784457292123989
2.009377375463373
3.6664072767671314
1.0647989979115664
1.546866715867509
0.9759275086871639
1.4299885062500834
0.2601249807012209
4.558931967061653
4.709333387807419
20.98191633386523
0.9731575326004531
2.388300929495017
3.356596110294049
2.0314812592951057
17.232116714869335
6.010780670760141
0.7664573451475007
0.014743151416041655
0.7508278642271762
3.9853742584709835
2.5773951008886797
38.4012962094057
6.050449365811801
2.5742593798386224
19.327458696123358
1.4004500488408667
0.06940888576718862
1.367537305697624
18.574098465516727
3.2841896716672636
3.098716947439243
0.15871084881291608
1.8987597143313906
2.3663656760545564
0.5999357436739956
10.605208875898825
1.5769613624106569
7.870303936120763
0.8608717947608966
0.624702410405007
2.8142619945137994
5.326195366487809
1.743347237166745
9.707884634466609
1.3559943743020995
2.894732195607503
0.479310389913735
3.922866027307464
22.55447766296129
6.112966115382733
5.900096433113504
0.15927640171867097
8.206910760556639
20.382123850329663
5.240157934513263
2.041760438307392
2.3233444429424708
5.926990923580888
0.012638390391657595
5.594251457416249
2.296925516682677
1.1024529365531635
8.796319084660354
1.6056472556228982
3.205157273765508
11.261437621007644
17.32929018504001
12.420869067947933
0.5627234214298369
2.072283796744159
3.0534906901484646
31.401686081640946
12.34853412493976
1.258715786756511
0.6219703309288889
0.23288913176656934
0.2535953909755335
6.150781484273466
0.8979161643583211
0.23388236210303148
5.868256194033165
10.17909720247917
1.6182156452596246
1.6414445871923817
1.2648769353436364
1.2025164797996695
2.1657991177780787
7.28185332684734
0.5211353213053371
0.32436222024989547
4.361066701410891
6.5490281045749725
2.606823165224341
0.38906679817591794
4.909940515488415
0.7523210797189677
1.0131748393941962
2.1073086504111416
7.343874788650282
4.611206541914726
4.955058126772201
0.8487832252976659
0.6017781687733077
3.3616956874939206
3.4962565514179005
1.9152622373694612
2.089973072615976
10.914569205891894
3.99236823863248
10.01725226063354
0.7857825420651352
0.3836900190653978
0.9445893454976613
0.19576614815741777
8.751396354826284
22.533904462627106
8.467121324611071
0.11956009200002882
1.1033748709014617
0.20445285227833665
1.1389786913787248
0.7287032223684946
4.5859579987118195
4.1836651645062375
3.2273690252804954
0.06677236868927139
5.339930232818006
19.2589015452686
1.3036217041008058
0.558650649174524
2.9844952291459776
0.05095391798749915
1.589698687330383
0.7180350158196234
13.318248944797233
13.254170683583652
4.254140117209317
0.5888041383223026
9.261823486576759
2.015557344398985
20.96716224402917
11.466624988472176
8.223081740208727
0.614000051326002
7.9719195204052085
2.261253641834628
0.5804236513322394
14.467779455644632
21.489931287454965
2.224199082218547
30.416068039172387
1.270882336411887
4.130338605868019
1.9581479794396728
2.1440115618715936
0.5610177026683232
5.281744847765367
1.1572242566362547
7.921407547986746
1.680189011269249
0.7314788730545843
1.3915001129280427
12.076040851043217
0.007358995826507453
1.7178450536703167
2.3372997586266138
2.233720391373936
1.5076342548200046
1.801156597379304
11.451971542344836
0.9545476555686037
0.45235385857813526
11.946426274062105
2.2830237115085765
5.434059054688987
0.17976408456888748
7.053916148262942
0.2645653476465668
1.3576536046384717
2.029541993935709
36.40501054376364
6.191470255947934
11.912961555368383
0.6889770694615436
4.279249845181766
16.317582240524644
18.25533429504867
0.740844982334238
0.4559810578757606
0.3330707649474789
3.433884591089736
2.0239032061617763
0.5716387941392895
14.336247949235258
11.814278412897693
1.2920762829380692
0.274604809081211
4.565671532476699
4.308243112947821
2.1183784677123185
3.3143723241082625
0.5967591805747361
2.072053040505125
0.13488059782321216
1.2811503361190262
3.3723517022335727
3.2218392313116055
4.490298357715801
22.576617548682407
0.7036678492368083
10.634073387333046
2.4265353016417066
2.847600678465824
0.438128035999398
0.22948300368807395
2.6622289039842144
2.194277240218071
0.10806253606278915
2.7553354180126917
0.6329549567708455
0.7302472141818726
3.492196582708857
2.7089454844208376
1.3069187772198347
1.7549148407124449
1.3849731040791085
4.347470791206433
2.0116478736235877
3.5271649258647813
1.1545733351595118
15.332060139735404
34.046695291381184
0.7679132127632329
7.378092595587077
0.405960806645453
1.7560751458004233
4.21454645508129
27.055039841350663
0.351205241480784
8.047727847755596
1.5321550351764017
8.31317102921821
10.094970712278155
4.198124369693687
0.9452488276147051
5.915108475823217
1.0029798817013216
14.655679689451063
7.0589661445628735
1.0222584820076008
4.101296131630079
13.695215323328739
6.849878481327323
7.050145269731729
0.5907932155059825
1.848372596938134
6.864825142722111
0.23214798488334054
3.8241049086209387
0.9948776920355158
0.6547715784581669
4.022915446130355
2.2400297200474597
6.6888516609215
13.720873975707946
3.476693392938614
0.3149443769143545
9.033986160920904
9.964614698965306
1.6765064209066622
12.589231092879345
2.715993450710812
1.896290719654644
11.369429076705273
1.094082071158482
0.15245813318688306
2.041487183247227
0.7335592086419638
0.8149608530984551
4.737860301629553
0.05508093117532553
2.9258495543617755
2.068746317996556
0.2320624600215524
10.195460930328409
2.898784649642039
3.86276011879454
0.42607071427846677
0.09084977243401227
4.32410654706473
7.869624239701807
40.148017140181764
8.124917219447525
3.5857089820492547
0.6328581425150333
15.244589169873507
2.175078236796253
0.11619179888293729
2.3919364448884153
1.7225197038678743
1.1147219540798687
0.15544411664814106
13.072895572240668
14.833093190984073
4.129361421360954
8.821702798071783
2.5605684786460188
32.52205703699292
24.138439503443806
0.07093414727205527
0.018244070914079202
0.033207243843207834
0.24502155984009732
0.7956094915789436
0.493117818619794
2.948946828608314
0.11447305172259803
1.7351203788239218
3.9688307067917776
3.143219803339889
0.8022072959065554
37.193711718722625
3.1957981360210397
1.040147848900233
0.0780565210407076
0.6191535650214064
22.4871899389982
3.650775463302125
0.30817601732633193
4.050829894593335
14.58022494353645
3.3503636812565674
1.5491062541950669
0.5631389043956005
0.014878765086905332
1.5410863391080056
8.426927724718553
1.5354805064562242
10.764604472908104
4.370833254892204
1.147608552928432
0.5498547275601595
3.3817274424836796
26.253618587274104
0.7506199766467034
0.022350037197611528
0.5424958069415879
2.5711935325016384
12.538275848259218
1.4682947664950916
6.231195115302398
0.9582514923276904
0.8547938420415448
2.656934860871843
1.1883545313467039
2.2698180819606932
1.6148518984227849
1.119808589148306
0.1540501909366867
4.318405001788051
1.5223176591571246
0.957617843614571
1.2040899432613514
1.2419823306263424
6.516357562140911
30.09585190713551
9.646812475191837
6.204173302219715
27.28936182128382
4.974317025385972
1.5550687590475718
2.6176015309138165
9.928851051998208
8.719004267408309
6.083253316392074
6.152146889555297
0.2297158895562461
0.17016573742876062
4.07962403950296
18.511966598842264
2.637332954465819
11.158967060575378
1.4236403803042776
1.3506559304769326
1.2669223448137927
2.591176582067419
0.06920469795295503
14.024641005107696
0.05753557395655662
0.11982110599637963
9.919981559331063
5.015954508755385
2.0954258974888944
8.091616471778252
8.125441292399046
0.18934774511581054
0.12492295297852252
7.292661199575377
1.5166865139544825
12.438031461941137
5.0979076277362765
44.73579559813152
1.762922354722832
6.25564174590545
1.189238023795042
0.003229177676985273
4.003321440974105
74.39156409275165
0.11173585602955427
1.5310811844938144
1.7404517378745368
8.079002323163877
3.1527902195593924
1.0787856177339563
0.942842553689843
14.991680196722882
23.767176276563987
5.430396186780854
6.435920831772819
1.126339691614703
6.69392466334466
0.18121842421169276
1.5718165002144815
0.05584940017433837
0.4424169753037859
16.161524484596157
11.610837641266698
1.866299379569682
0.8834407084068516
2.176490300167643
0.9195718395749282
1.99465447469629
5.749380713503342
3.4994138653164555
1.6859427242343372
35.27197686879299
0.46459751857764786
0.5364196887167054
4.8959818122166325
4.195622342722345
8.692475547119102
10.800167442965176
2.355459391252225
2.12988645101359
1.7328547740653448
5.169424106792576
0.33098352927845553
5.09260467522472
1.3468850555109384
9.819279357583582
0.1699193644890329
10.463054474017554
0.20959137448153342
25.537444784553372
8.637658877778449
1.466342308147432
0.891409163872595
0.191737624561938
5.866379944636719
4.936242024774401
16.092165572797967
0.20571595552246436
2.450895147943811
6.166087052319199
11.450495468405279
3.315021597118175
0.8678629979694961
0.4790372481875238
1.0716688939392043
2.4161617003519495
0.47954548108100425
3.4575241587554046
2.453076922236505
9.76539764685731
7.580325072827691
15.214856080685422
40.37192745222637
7.207005149055476
5.003214808977646
7.730512859434384
1.1304541179197258
14.36012260033749
12.70473207321993
0.42196580868403544
6.471626416816434
0.8956960988616629
10.586001273510192
0.7507075503272063
8.918586016887275
0.5853078879808891
2.7188344965470606
0.18124332390289055
14.939852957777475
0.22655641890014522
6.867799657120486
1.5020302770972194
0.9645378609857289
3.784597553763888
1.9665120978861523
1.593997063835559
1.8806711562683631
2.687530672574212
0.08761520627740538
11.083968050807016
0.5755150318618689
0.19612038655759534
0.008991783146484522
3.876984760285268
3.808139823442616
1.7306538602279034
0.7605892833526013
0.18061551151185995
21.198893128359487
12.855298814905836
2.3366384597247816
8.230744020114798
4.085983999873861
0.49090623415031587
0.07036837837586063
0.49137857362802606
2.5641254598012893
0.9126150436350144
3.1225635551127198
0.7775504411438305
0.4257207870032289
0.24156940320244757
0.7103664802270941
1.9696125363152532
11.905949007559684
26.66234482267464
1.8638187011274567
0.052056548003747594
2.5606083026468696
2.17586004650002
4.776034623471787
0.4545246141497046
3.0723070083695347
10.101617026371969
1.0715618143876782
5.163977857937425
2.779769195971312
12.944093296875508
5.639488363511191
4.64273758501804
9.081496340222657
0.5995705026471114
1.7740439599838282
1.128022360157047
7.038601304797339
1.0751611806481378
0.989116332395497
3.5157485239797097
4.286912373743689
0.12607075447886018
11.295373236982414
1.7648641012856388
49.45642373044393
0.944412937056768
2.811595304581715
3.2516555257207074
0.34536269407180953
3.4860156575050496
2.916779274772125
1.2586786354804644
5.526834456886718
22.44903068942949
0.009312057001807261
7.287991955359757
4.830667812064348
0.2757769735362672
0.6310311101769912
0.6296776525850873
4.0600265776556625
3.348944604789722
0.7299327148648445
0.3626830557368521
3.4502644318745297
13.299062069516367
2.75554530345471
0.33114532551553566
0.9941466524178395
0.28110443274636054
1.0501692020152404
0.7851285091819591
0.20352556683064904
2.0430504280411697
1.0381356622019666
4.720401513637626
6.013286013774632
3.8530013117197086
8.837228877346206
1.320855755100638
0.4863804699089087
2.0888219439693785
1.559878315511014
1.1802715171506861
2.4636880088110047
10.112213044300006
9.464519446974009
9.627868380262953
0.6500718767529179
14.03568107448882
1.3467615257359284
5.144540271918231
5.630530838228879
0.9798824913741555
0.03293175522048841
4.099135710839619
6.75272275666066
2.785859345072822
1.7367584383573558
1.2005592763271125
0.5574050525865459
0.33037146212518564
2.7267334509742795
42.08508928437732
6.456891383557377
1.2670220437648823
2.137432882333087
1.6148061119129125
25.270008527499158
51.254413147511514
0.15885983050975483
11.86531266100792
0.36810801221145084
3.2880343909455405
2.069287363294279
0.5778996882509091
2.76561815831883
0.10046393626907957
12.444362693295261
0.028643358491535764
6.122605132579338
0.3358644101135724
0.8628615177512984
6.726657622079074
1.599670993276959
0.8795315565475903
0.9239389686190407
0.3551579445047537
0.8959772667840298
0.3536319854138128
33.2652579101632
1.3112707529799081
5.519965031322499
0.7341950658483256
4.5289188731621834
0.7443710085026396
0.9168859983692528
19.926670400920557
0.6436277410793991
5.585241395354387
0.9601954989448132
5.4364607129573415
32.20870634027233
0.5677974307109253
10.428355572676082
4.037914172931778
0.16212851043019327
1.233760164686828
15.306928837442683
1.7859339883107168
2.10159861041393
0.4242312764763483
0.7966044475251692
0.8336977933795424
1.5668858114950126
0.7903028367472871
2.178970592463884
1.0572577671846375
4.394393622769712
5.0034960208431585
2.627033778335317
2.772996232859441
3.5663044099164836
1.0170962142765347
1.0905482446250971
0.8068757817090955
1.6979051503112714
0.07855224242666736
0.2846355592373584
1.9447669681539992
0.49862832778308075
1.87873153286273
10.14826053660363
10.451355379584129
0.16784841799744754
1.2564872536968323
1.6553216939792037
3.9101044382441614
2.090711564032972
0.502329168797587
5.197542596146377
2.887345059411018
1.191262656258914
0.2826404770203226
0.9357610505830962
0.972932088538073
3.466341391154856
0.10242202246445231
0.9143663049253519
2.190792634286481
0.11781951029843185
0.3248781463589694
0.09093948350346182
7.3563876333791995
0.4430310081806965
6.133873065289663
0.9433793158059416
10.122808062627882
1.228458103392768
1.767645387662924
0.6769581145199481
0.09505118361630593
2.031668184496084
7.034501949994592
1.171872779392288
10.86621804393144
8.558065902794624
0.06750450717299827
22.23341818184781
3.231880451861798
2.377255525727378
0.022533764171384973
4.491739461380348
7.669355094647472
4.478111911619635
11.848214830675715
0.5584211190762289
2.257003327467828
5.170326665578614
0.5982277986186091
9.172164362764306
4.481020543171326
1.4935748429707019
6.335056405576324
13.881945789158635
8.304174981694814
4.373685671722342
3.3138702980504604
0.07220732449786738
16.959321308720973
2.5249330662263674
2.748714012108394
12.075409783854411
0.0969717059051618
0.6918197013656027
20.62728319661983
0.9153708733574604
1.21509581825012
1.797581412614818
22.204069113318837
9.195762569113867
2.4333150361089793
1.37263819189684
2.2179544879145396
12.40379731527355
0.2536253963553463
12.141979821153654
0.07026259760459652
2.024962897754449
2.728623436734779
4.808633874727093
5.308856893290795
2.6057575312806875
7.530661500386486
0.08044753308786312
10.60718361844556
0.2506606230381294
7.809225350454653
1.716041321382363
0.7840032435815374
0.8701879978034412
1.957080189298722
12.079823057414615
5.293728090466175
0.5865589005879883
13.206139114183316
0.6125530406934558
1.9292717210955743
14.517444178683945
6.75361422957576
1.398034824331262
2.048578830610495
0.6828299446242454
10.682165297675965
14.95749752121992
0.17213321820963756
1.799712361786078
1.3935634571571427
1.5312109973492625
21.814149298697885
3.469308973122679
0.23259716562461108
2.8064894497656496
2.8394445704652753
0.253029111030628
1.9311680507271376
19.318483880037093
0.4047290457019699
1.5965055440174183
0.30388688770108274
1.6753418601801968
9.598738881628378
0.7158454045420513
0.42665396505981334
0.9164975286876142
10.636117083930003
1.7776713213570474
5.768536014162237
0.6705753447640745
1.5725751174868492
6.776891716170212
12.106886046043655
5.258679890852363
8.198679754073964
2.6475859631973435
3.825165075046243
0.6372503120801412
5.4219365344360995
2.5060922864322492
0.8585848995171546
1.0004517054840107
3.2968850118231785
6.83043878206081
9.859218486144528
13.643183983815106
5.056701858378801
6.109725201247784
3.845409718960582
2.7113275843657902
3.5459008904617804
1.4267993212815782
1.329082974945777
9.90982069608799
1.5575493295946217
5.739795585064712
1.5943095116272161
3.497250265263574
1.951667131819704
3.027992555307719
7.489105069831567
1.5034180555412604
2.2155030916146643
1.827810879178287
17.46365003467872
1.5826105115374958
0.02204597328818636
0.9129627668226021
13.519687006297318
13.145096649721381
3.2294980814913288
2.685114983240055
1.0111266039129987
2.2330663201246352
0.5203520240283979
1.7517912323783094
6.123695894020784
4.853055504667282
7.549005230739567
4.094237254161271
0.13528265075365198
1.190131381561514
22.517833843958215
5.7185401624883525
0.22286531780991936
0.4134922587654728
2.8702977626562642
0.6824270590041124
0.18512460831334465
3.3256941397703486
0.08500290587471682
15.631958710022445
23.101217037950846
0.2743464379600482
0.07914167953640572
2.193900974940334
13.131817981979111
3.1562075234869553
4.910302561191202
1.5868380757092382
17.406358364249172
0.8321876348127262
11.482364153071103
33.10773282632363
1.5932915069024602
0.011419626705901464
2.2439481788824196
0.38063838140442385
4.328302421858098
0.5095143011167238
4.437458754182444
5.460725833498145
0.27447149915315094
0.19734852376859635
1.1386317727410642
24.83670169877223
0.014591257844585925
9.230910407408373
16.730421650147036
2.08114045919865
2.2483657165357727
52.65107563863057
4.528260642320674
9.97072402644335
2.4694551429165585
1.0375583426503
0.08160508681248757
8.789848174561484
5.551017585406953
3.7465343163275975
18.44765266907052
3.914091224745789
1.7544229353115952
0.0333266827656189
6.355289462600922
0.3311504365556175
6.0225209994277975
2.154058227872156
0.4100928173174907
0.6485144976395532
4.407966096983728
4.951669354170008
1.1910747821530094
11.392298701586697
0.33106530359145836
2.250105425933725
0.9971656775342126
1.085596993125364
1.4678452998159628
0.8146214895168669
0.8234553849142685
0.4920172044694482
0.8478070468190708
3.70781663181333
0.011270807670371141
1.2117253844771767
0.929639188478177
23.259897147258016
0.865034114503942
1.9928936535143293
20.982868354883976
3.9339517642474675
6.985764326749631
3.0472769874395453
7.925445419696189
5.067002759449679
6.4807844912029395
1.0030308588502521
1.473732044811186
4.83186119102902
2.4750911366645596
16.77455068929703
1.522306899922114
2.298643337453541
0.518612466603372
1.6785275593720144
3.3319408847237355
4.122797296757199
20.76531446853187
0.6718456462367612
2.9019247802098107
6.577441265293601
0.5629089819085493
1.5249082194241055
3.635375465910329
0.14738604552985635
0.6362084755928663
1.4932344398148416
0.6239681684492098
3.8678926495922497
2.3900578076354577
7.199318920622318
0.47895145584334387
1.7494149601479876
1.3577549721121613
5.700310125575925
7.733503474293684
5.0642436733869545
1.276427714550664
9.747151677438524
2.9922942428602255
1.4498896105142194
14.76035476367906
0.06321432588447351
5.680314483772236
1.4553579525381792
2.992437371180131
1.0013970928375784
23.860724769288936
0.6709906405085349
1.3382403184150462
0.7418774581019534
3.1927086828218307
1.5376756309742632
1.3844379487964034
9.121714147175226
1.1614679702142894
0.23485658903882722
1.1113004002872913
0.7878751973439648
12.276381802141259
3.152976035078609
1.7065438209137938
0.2012270331106265
3.682957798442658
0.5614505780940817
98.86906043467388
11.074347335899802
0.9498364471401146
3.66153507857598
0.40526231086914777
2.9211544284407864
3.674216340408748
3.4150157378717267
8.060460330154456
4.2531308027864725
7.23679386618096
13.556857801988372
0.35744782547772047
1.7469000838573265
7.5404246682046505
36.94269627235917
0.8166909153878805
0.22104021195991663
0.5085914567389409
2.2120420121027564
3.4560247366971453
46.300190511006804
3.8368119476836
0.9821850210428238
0.5982802954713407
1.0769726501457626
1.0457547271616932
18.264980937285145
1.9055244900882826
7.588521540634247
8.52543680081726
1.3937140781417838
11.078609593681904
6.2847966144217935
1.1974832527594117
3.5595230653780163
4.68585667158186
0.5244087072605907
0.3627206417368143
0.5134098378548515
0.12605460663689882
3.06272510587587
1.2752251911442727
2.792092091309314
1.653507208055089
5.174676641479891
0.7903998872388911
9.24018438159328
2.426506624349713
0.2803432148248248
4.566273984837608
0.1450575527996989
0.04574917100399034
0.669739392484189
0.901055183243443
0.7272910620049515
1.520351357787149
0.925693547429546
4.876187893220049
1.118041217134305
6.890522227757174
5.027793707904493
3.2347740713739768
3.8602501156601647
1.0894814296734694
4.230552075932792
9.467881101521925
1.5401782324843225
5.850225169899204
2.261643964364339
1.1292106354921998
8.72200441672976
0.19748236616214854
0.058353916072519496
4.628977045285865
0.10174699878552929
1.3920063408986607
3.302956626012019
1.1855851681211789
1.744492619571247
0.4930753294211172
3.129786722434801
2.3231026901594305
0.023707376818492776
7.495974303063122
14.217715003702324
13.55571574379428
2.213264308498765
7.12545743015653
1.3935121184404125
1.1686629147516214
1.5154183059457864
29.509516309211904
17.355051848040603
0.47999578193048364
0.380951425202511
6.357624842083169
3.4845432720212557
2.021434120244521
3.2966228278419294
2.9678145552279602
0.8297978781956772
2.0194938367603754
39.7169925488779
0.7501208850990224
2.771660688867996
2.714981955821713
1.0333933875735966
0.15528112524043536
86.97294830066676
7.367411462160817
1.417646357553167
0.31067553467073594
1.4921445170220977
3.1113857430027565
1.8350380875344854
5.722940882460534
17.030491746914777
0.5132806266483385
5.357659313518525
0.006379304140864406
5.439800910236954
3.7369491281569935
18.042223450680467
5.0714526885676605
0.1325517648474488
5.252987048206705
7.8116649614639755
0.1925011925122817
0.008735660478123464
4.236546474541683
4.100606259202323
1.97110880062246
10.783577780988708
1.354307106408669
0.11002910901879659
0.24212119620642625
1.502967675052787
0.6036431551801797
0.3729507080570329
9.250876091195096
0.7078036557140877
10.196625147676968
20.610012702389213
1.1261564166306925
3.4890974057052517
0.06067967659328133
0.2893224978033686
0.09931850971042877
4.139149355025438
2.59848062783567
2.4367556433717255
18.502747165824985
11.000813729740912
2.235066845027177
3.965724991634488
3.75314877017081
65.46071053502237
1.8634318847070972
6.406874330717983
11.55739741060097
0.25115574885785463
4.987510580151138
5.344659848789888
0.1828412690483674
2.3119029889639933
50.44369842635206
24.811451014909835
0.8016507819120307
16.064815283705684
0.0919541533512529
0.6784313743846724
1.3340376956693945
0.48064007309585577
3.335368520580232
2.4304886363170226
4.936839704641898
5.09823127900745
1.5130383519390307
1.1592965342788375
2.331397752135672
1.5161611191360862
2.2956760353663412
10.95696748332557
30.100425341493974
20.888464953910443
0.32156644186761696
4.396741069202108
0.16914500059647253
2.1925052773913194
80.32221981504335
3.760140150985535
10.834605906427896
0.20244240544343484
3.362440000913921
3.3176527903488022
4.4992317956021
1.025908509924193
1.3541380922179087
7.95708495739018
1.0827460630753194
3.0464889516188123
0.2994821490756294
23.913192754098418
1.785878607599443
18.45479907813933
5.193804085476586
0.532850624553248
0.505270439934975
4.3571762908068195
7.462189175934327
2.447474503860576
6.14208604284795
3.1846822075349337
1.200852476311411
0.5467113229969982
2.6759654371999204
2.234528136345034
3.9336615854335832
12.74599708187452
0.022035590205632616
4.198029879382375
6.273744667199935
2.411303271230281
1.0690803615179902
7.379839721768803
3.047015136195114
1.2578780521544104
15.291742140918359
7.908828221596195
10.964233816754131
4.971916181504639
0.9919336845196085
1.402575011827139
0.22939474134182092
2.7170055089773086
28.550219291388203
1.042096378219867
0.7409157817928644
3.0476727194036357
0.8673720295264502
21.5980647861943
6.330588407901814
0.9322811529891624
1.449323011431261
0.7022317796654534
13.636217046980164
1.2691155191023427
1.0960525660229905
2.4453824986885593
3.400691400438518
0.15999182881205343
4.344996881489351
0.8428941062302329
0.6350600494406535
1.6893468975795258
3.7865751582830853
1.2910264358433778
0.18446544247854035
6.487969366215111
7.6136261162755545
2.989701851052814
1.1956455113686388
2.143673211110581
1.7685342798686179
2.837761891554692
6.463222525489982
1.6011487228461192
0.7266152880001755
2.1249758478043077
7.554065813259513
0.9388774888284388
0.8429686338276952
3.6750033445641748
0.3616034566730377
0.34863121701346245
0.5727661444652767
1.9442051853911835
0.8967980686174997
2.682382283077459
7.737729057764227
33.921110353112454
2.0059378950427345
3.4902336307641235
5.459042152153415
8.269174913930328
23.5508502432167
3.141032507537602
0.4625543147267308
0.5605236030060041
0.15079779335064813
2.02959583701886
0.34280171217324096
3.144647853117931
1.0790723456884734
33.25485217871392
0.7076322648099449
0.5483975044662657
0.8522505029686727
7.248802735906793
7.090073536070122
8.955097255744477
0.02941294700212893
0.07776882142570685
22.3411025041205
0.48605448713715305
1.4508406775275944
15.953553889859904
0.4235830669495044
1.544540230450366
6.2430893371893035
18.498930385565473
1.558083410774998
0.9937634400848765
17.6362382449297
2.2628283425583504
4.5666569797140255
0.3761171119476785
1.4641284314056975
5.326374927939469
0.7651961911506078
1.5746114823195967
0.9355906727396359
0.934716322029999
6.182696606272657
12.528006688371534
6.275092676216445
1.4830172985821264
0.922167501248623
7.254886781309324
0.44868023746312247
0.7330268405385141
0.46939132537227124
0.8694118372441153
1.51048344339506
1.285301713483932
3.3380759922147263
0.99091141072131
26.029457289234415
1.9764013749918377
1.991966642159241
1.587540650212759
0.7611057210997387
1.0038134416172397
29.964847260922397
4.001432868277334
1.9313799168376136
21.546775416707533
0.36230151953714085
0.078388205034571
2.4085441263196117
7.481566272057535
12.865262372230063
6.90079314792456
1.832538716509589
24.24180189967592
12.588655474188272
2.8721270644491597
6.928616240162228
2.4120186294749146
7.170379581799352
2.428531309687969
19.287521248643316
2.9972515230765566
0.2975110770094034
6.349806955051463
13.717940084381553
0.6646222292220045
1.6534585057488584
1.6953081475876388
0.460046630953002
8.366425295320369
10.769293995726912
2.9398860411347414
1.1554559691903705
20.514865085275233
1.5535327148609213
0.4829426743381191
0.22307885729969712
12.620070366650907
9.493069976397237
21.507183032252215
0.3308265750747523
2.9972407931782072
0.8050133813558205
0.08146320001469576
0.3184880068183702
0.4842262018028123
3.274798030506645
4.646086682045279
0.33938558423687937
15.4340258943339
2.8399926016390964
13.395490600065386
4.4445888031841605
1.4032310350266926
4.692879190108215
7.959814618585369
1.51396924540677
6.208872839590185
2.7190469459164888
20.83459409733041
5.433579952368746
28.16715474943703
1.0620492636298877
25.71998840634842
3.7687492615114024
0.31017393607544363
1.0991689622533158
0.19136812913347967
4.090834745558823
1.958201708002889
3.853015557739127
9.363569047385681
6.804519610326679
11.827466540329624
0.8885281230177497
0.048664378493413096
0.7554513450522791
0.4344084989170369
34.087661777193716
1.5262042353278957
1.7938561517221387
29.661424818405067
3.178672571473726
13.089568035728007
2.457888055960211
14.612658870239102
0.021844302926183445
4.9055899122104165
5.887203024667542
5.4809220421775535
4.4211494780938665
0.24177540026721545
0.9735375585623842
18.00355164135908
4.9142041489358235
2.5456619545911963
7.907766492371593
1.5164672162791248
8.529508504314435
0.6276985711592715
5.380366236553527
0.056409469834761694
12.664963727558643
2.9028491065546405
2.758961841744167
13.093027950653777
12.55144270096207
12.142150990832306
3.7565382644170313
1.970402079867199
1.3074522370880004
0.7926129324550857
7.52275285729047
2.8779266339697642
0.5781660409666074
1.671326342780958
0.5487426753425098
4.302434222361626
3.648980805071915
1.1661355925607495
1.7832091038326325
5.008363514152734
2.6232031802683196
7.514401119598915
12.79156660354056
1.2368375130245113
0.20982604548771633
3.639604553078243
1.5432292298282846
5.47299656911855
1.4708697991954978
8.581798053488455
4.074396632018761
0.4739874336628418
0.6447163168086263
2.8374313971253287
9.722388673457317
1.932206894733099
3.2803651005961
4.11619235597027
0.248795349336433
13.259047707189893
0.026663655960874166
1.4585383088997332
2.9083639679120097
1.8837525304843439
0.8076210479994188
0.3534485774980567
0.13481302066065837
2.854446837300202
41.05513372339192
0.4387357238883851
0.7100487633906596
0.28411354045238113
0.06174951986395172
0.891326111905073
0.2986585435755842
4.374707887694967
28.803914066633297
7.188439025241678
0.6371103817946278
6.102390625579574
0.6841520400193986
1.004727047708002
0.9505589025393419
0.1823408049531281
23.940612776092166
1.9891505735104147
0.3247209785731684
10.707223082168639
2.2907374226342654
6.261330844441545
3.2574079014884774
0.9115447747717553
0.579507703314448
6.297137439290964
7.563440884183365
7.5612557161621226
9.254001208279078
6.212560241710889
3.160431841148238
9.65120211433532
22.102743822022603
2.6360964514678926
0.34923571755643934
0.604552232340211
1.6237134361472272
5.806225554071716
1.386329855024087
2.9805972310641664
0.06358419441312435
0.08891326272350852
1.7748087245017814
6.243667732273025
12.838481009508541
2.5656361585533887
2.402987547313387
6.631108794397733
1.0267914222094987
3.0597702679187933
1.7573451533171465
3.082677118207357
0.6560601843775657
5.114831432736537
1.6295697994610236
18.36350338772172
0.19274034920454142
1.3321148333780002
5.886238305447478
5.642155674056994
2.199853849149804
0.8861786142697383
15.401976930093952
1.6576268930330116
11.980707652088313
5.175207747499371
1.4549251824137173
1.8881854520295747
20.80412409276323
8.425055055820849
3.3562321092358616
28.293966857883788
0.028587146822246723
0.021770080435089767
2.4364019682907383
8.316008726807922
30.26035296392729
9.034597907662828
1.3414224287880643
1.3010320747780497
2.891359074448701
0.7535435650024738
4.421529009501683
2.480990798900166
2.8668020432487538
4.144074464948062
5.0481863651803
2.7257429685414536
12.075160451146076
1.3623083320526348
0.017791189322451828
1.9121419115290337
7.8898779678711435
0.6426823705551215
1.013004952648771
14.97799312313873
13.468862590005301
1.0721389352111146
42.158795616967836
1.5052143292305118
52.04182472989851
1.8522416721571062
1.4230997686245246
5.337337077176926
2.0885123081170605
0.4388083084631944
0.049710118346411036
1.9142595169250853
15.242779667241848
23.18932141400728
1.1936522803734988
0.9504417449352331
0.891492040551384
0.9069749207628774
1.3815625664974505
0.4392530324330437
3.271494049273315
7.4143659858709725
20.469465767484508
2.1157907995548157
0.04903984341217438
13.671704780463187
10.205108248799661
2.2162120808425243
2.356589760784118
3.7188925412556273
2.026030203775008
0.005787753816548502
2.151281018206646
27.869055094961368
1.0575141981171328
23.11578350072159
2.1520750387244334
1.4558889229010674
1.2331137022265466
1.2352529158888501
9.855802345315169
13.51333374619935
4.332772172325349
2.6280571919051
3.853925493785937
0.6025780194249819
0.6795606445375597
0.21859098349887063
8.392358181466989
11.0569002325974
0.2624562501296168
4.35474949350828
0.5832022968534147
3.312032118832576
1.0305882945212943
2.6408854203109513
14.90015062859311
0.8170768939999107
1.7467686915988452
2.327756358721672
14.68961611121631
0.9968048981463653
1.3481636891192466
14.226164385927405
14.161664484625362
3.5234478158054117
3.8382666164907278
36.520293152414524
1.1259197275794577
0.3502931419061497
0.47450813604154973
1.9939188600183115
3.147702341724653
0.9646723665646277
2.2408171623064845
0.0871157702349592
1.946761467930628
15.114762908298871
4.541643727450719
1.2720332030730788
23.07874439652005
0.04872935762250563
6.012128477650549
5.506852885617263
25.982735239660542
5.433369468752062
1.9156742348495754
1.6863061836993438
9.505771911070042
4.027670840911014
1.3433159859923762
22.284325751883443
0.7300082382789697
4.060105113108875
0.6534735834065941
27.66337352719347
5.763618989829411
2.1831481823828653
2.044859891910164
7.7116560964532255
4.141283738732454
1.076020537500881
2.4233830709708855
10.049634107221209
1.8238616023227223
1.2050101409186027
4.340852314377116
4.7011778809610405
0.43065375815785956
4.393951649009978
1.7609267583939072
3.4651079179493536
18.295955782745295
17.712197233697225
1.086081001223647
4.918237200265139
0.08131251020313357
12.59169045440649
3.2893878842114646
2.789832635102357
2.4678611217714206
3.725140723363438
3.8955886778894637
0.42146194832457695
14.54785812951377
7.619508212897927
2.496714715631242
1.8142495227039035
0.4065390896939789
3.0597896240833506
1.9120112851560407
0.3813575739332009
3.2185583818099985
19.83609699214867
1.1769130577740725
8.693215026753023
6.375419891413912
12.465213273353584
13.171401131148741
0.47242561749590095
4.994333419377654
1.8297628804502892
4.356480853562971
0.20620468959168647
0.09830506841899478
3.9278711373226542
7.668872909096535
4.84180084761465
4.214201217451773
2.0378851010173094
15.609418365907914
3.371484639807022
5.720313353260281
0.03851823518562014
0.8869190564146265
2.6684348331436922
11.010305465621059
0.4511292783099634
7.164855958231783
2.095600972555985
0.05791161932575051
1.0015506073796132
0.10684186423532083
28.426096257921017
12.02666492120261
0.0065871012084244285
2.268770861435769
0.462287630449282
10.93154339900866
1.3714848138188245
0.14135148026616662
3.799067579653638
4.866131981158105
1.3679124131958815
0.18681242441743962
1.885192142231972
4.524562694623455
0.6963795571900846
14.399955936241895
1.433537449403957
3.5092428363204817
2.5878493384370813
6.569590999111824
8.03846318741489
0.5123097705982218
12.586825416219654
29.405026815882593
0.4784027177702228
0.8500766695797211
1.9685745222232072
0.6240160020752228
2.3713715211779345
0.06615129199417424
0.16635512587163248
10.212320290844218
0.7162639594716893
2.7906064357594005
4.690233143293881
0.016693143097654684
0.4032152056643099
2.4017361167607305
10.185668991973216
2.4093714689479384
0.5975223180139437
13.22354427929531
0.8705077312915819
0.5224493979039835
0.7855747729154245
0.371309597252548
4.2025692754359625
5.877465851321176
3.187352206379728
0.37010793186709634
5.962131500702526
20.83803240690395
3.36635400220257
1.8312921180004196
0.667792440737685
0.18595102918698103
1.7454031459928956
0.3575233910305542
8.078696630866034
11.749376267471234
0.42762869866055553
2.72552143655048
1.963226518011652
0.4561041560336889
1.6705686757559306
2.5678755478729727
0.39341929741567583
0.7560519600156113
2.7522855088172946
1.2115850018926722
2.69309272659666
9.488992185502866
0.3868904291157378
0.11358941103389952
9.985255276526004
4.088013997636153
2.717950523216132
5.417912985667499
1.7527499384741532
0.9291908381055691
2.392271568722208
2.850070406413579
3.583485232433304
12.164753253495292
9.850103723802022
2.1543795201723697
25.11636915895724
0.9714957496398711
11.998660945017036
3.9913268023410637
3.30837475894441
13.648345453686488
6.1030387437022
7.1514578725691536
1.9441486458490544
0.0022433317717514
7.186964180473296
31.215680199020426
0.6950773765820486
7.008211833672249
1.0245998573918769
0.7416070860017498
0.340072088791203
2.950685550669732
15.426685003596504
4.372391951994359
3.082685408349789
2.3613894107329543
21.565041429847042
1.1924547054914
5.252919277467299
39.30166107375044
0.11930936557473615
3.752618478392833
2.233134879381396
2.3618297213288315
9.554490590115165
1.1528111381157942
1.3216651292714232
1.1625731279455067
0.6695812221223605
2.5769821586218313
1.0183975826221285
50.833812467648386
1.0964545717324654
2.341968793709384
0.18814296837445
0.6420168563345214
4.64805046048059
6.662934426800348
13.839887843543693
4.474018278779113
5.422847295685642
6.302796300660702
5.050580511084263
0.5736151156088454
0.2787458071834408
1.279411775063636
1.223436998843681
2.450776752208185
0.4462068121538323
7.524534309432056
7.79859709367156
3.0789687398610113
0.38233951984148007
6.689744825005619
6.6049617235330516
0.4805863660913019
2.1302411841643334
9.049923478789424
1.153513774588646
6.363735082421044
10.326570139324758
3.1728375633210817
0.039854962458775844
4.7005742492074205
1.8878275118186139
9.820561217256909
11.503272734837083
3.3096219357867085
0.412262417099555
1.7581636566537782
3.080792381610081
2.42193769685764
0.17485039899111143
4.575753505007015
0.6598232896540139
30.57386534598845
10.457825051100372
1.370217153984413
10.94829066935199
0.8401151761281653
8.434975868225592
0.030039600242162123
2.8608560535285505
1.2358803957904456
0.8920472604586394
4.174650803590339
0.8328780187111988
1.7054592419881374
4.055084082549001
7.568441512354184
7.542712569484138
15.08845844451207
10.434026751656347
0.17675732087081997
1.4163082213090092
4.144036963691178
0.22834515841532266
3.997736438352149
14.307607212747826
3.0807193313521566
2.2168595793227723
0.3035346572105482
22.676367493037105
6.496032247760013
3.8911061375692952
6.271932088635367
0.2515775477513671
3.49381760032702
2.4272981934045674
17.776050706346723
3.42682325075657
2.6950590596425172
4.751243525974132
15.86707818994546
3.5442804933954903
2.1728086513467133
0.132185553531599
9.291470245196251
0.6063701927487273
8.014317714598292
0.13428230729914503
0.9408220726145373
2.022950872687943
0.050182146711449604
2.1096718950102513
7.138607058510388
0.05493664157256717
6.30048075364175
5.534019438437099
2.099844867887441
2.5046735009163967
0.7135456654541485
2.5462688885600073
5.817843095566786
1.404107754919096
0.27716053639596794
0.6464997968687385
0.023335809779382544
1.7231395673188672
6.317798063599184
3.225425982094748
0.4148811821178242
1.5956405580727733
9.199859544871288
1.2894274179634522
5.977144105530897
0.5540053797267319
19.30433109748992
0.8152431415182946
2.352919614277198
6.206906284322031
3.29426475631044
6.321826443661848
6.197417085921188
10.192509151172999
0.26820142378710443
5.606360567424417
0.6198487787041813
1.0705471190340177
0.38561123853287427
4.032897071414482
18.454539001097146
6.7442085395159665
7.242081281452556
0.19876517260127002
3.673867430181417
1.8287001064127253
5.688448718119616
0.9180610201328818
1.2220580695284298
39.66015040197453
3.3676293530770636
11.558302849134634
1.7321247972322453
0.6211366850257036
9.430101365716837
0.1943907322420273
1.331623335609038
0.13251441971078748
3.080448079173948
3.2504908923256153
0.2756632329619606
0.9715275290909631
0.018718768831604393
0.15236677802022314
9.932773503700446
1.193064468629018
4.959313997638674
4.184180784315686
5.563727592056239
1.7652026374926209
3.4862860172179353
0.6470682894614583
1.8612810093291046
2.7761362080236722
1.7569514700953732
19.357545179267618
12.063150053058052
4.919133771123597
14.34065261943033
0.4395050538369105
0.1907445712313347
0.37634715393869556
0.7696807310894656
0.9573081211528915
0.42630771947005996
0.3303843530084123
1.6873785509742447
1.382167694158852
3.541804671574937
9.296952517797763
3.5867755966755794
2.677226895753847
0.35466166902551777
2.1092180918567465
0.6703098188918375
17.058692123158835
4.1431819674726285
1.6262261977572052
1.047386227939569
0.02777586410593358
4.7857814366980165
0.2683689436780696
0.5123734467379109
0.4531421420215338
0.8520775061115273
0.8613171004326432
5.72141682423171
1.7142227825752343
2.2089946583873825
1.9345626927897683
1.1992304181912914
0.17493137836208916
0.44079063257959206
2.709635501516459
2.1537384244875284
0.46750914396398
8.110968379824044
4.238865004364925
2.2977744417148642
4.564567899302347
0.11886737454915419
5.377798026718665
1.7774266161104606
0.25334113930512103
7.5677077076652495
1.5579808094335021
10.497664896218339
5.739396853710787
9.74208250450829
3.2301888030160626
1.1770799027544854
1.9077120751753682
5.219498129888962
0.947564863057778
1.461657512052625
20.94894456457405
0.729232682078873
55.71459210873945
5.950853649377677
7.323488577487296
9.474770715922205
1.5082890715748363
3.7702670481703535
0.5381752096545824
0.5826434370756033
9.834916928179155
0.46188329524738947
4.768298019920621
1.158293237327598
16.059840128582437
0.35715104984046775
3.0193126145604765
4.24819701078377
0.66392184369397
6.837648374232231
0.5307941691789893
39.28282873711578
4.970352423519216
9.237642553391197
0.5079336685012095
0.8742718903013156
1.0089783243201964
0.04181409296870697
1.2666316233771795
0.277685328732332
0.2932333438184287
1.821399212218239
5.8290302048189915
5.929802542585094
7.0365829414913605
1.4137162541519501
0.18913927524044993
6.47382982522322
4.30945457992857
4.028462035450502
0.2927984674061008
1.8719889651802077
4.264169803205732
2.442048639848508
0.5477056255513162
3.071423739864258
0.16929453871125588
1.3343002636138408
9.215987604591646
0.03229013933378155
0.9904653018165845
1.2120757304764993
0.7417425017738424
1.16753839172452
9.35680513220359
2.5950590719839965
8.442464296378603
46.33359477993872
0.6165314182217116
0.7696364648909366
0.2851195918483427
7.302647709460871
23.35518624357792
1.7028314314156887
0.5619032420800067
3.4065865783923073
0.8007660562216188
11.894074287400144
7.377791885948682
1.9452478896128014
2.0432234093277657
1.9644523272581864
0.9035702185574337
3.9823386839671002
2.4370225342499907
0.04080408264780999
1.5015972780929587
0.12593835048392066
0.8891397776606027
0.06709577748551965
3.262825424764742
5.377240127534606
0.4461574657871097
6.671149477260769
6.833730764268694
6.539734194571793
1.6060681016460876
5.520277247273043
1.221252902480046
4.234761946412618
15.225345315076993
18.421617558535218
3.5415244102732686
7.1180556638100825
27.72301161712312
0.11091685594146838
17.827604006026377
0.6854878828780784
0.1355898394685937
3.282085485134303
1.4631766305465135
2.414785524008039
3.666936037825508
3.0233178311391384
0.7964633735391544
2.3877206012257375
3.7391626201861072
1.1021537963570154
2.9628817581651674
0.7081579059376963
1.3708491771067202
6.817697050428251
1.2743983588989067
6.208262071642821
9.623770662754396
0.8969471858617908
0.695755036202172
3.998855660280242
20.66047071489811
28.93973502634981
5.423839181657968
5.097577185086266
2.048728240199125
24.94375599664636
0.956472279944137
3.700928968784865
0.005755454283644212
0.033578597285668366
1.2782826625807502
20.1876199835242
48.61149221827145
4.631447636125813
0.4289377674431307
0.5040074513490254
0.4244855918441317
5.3102380649215775
0.9750370860892872
1.439954424105963
4.963589824754308
3.456027364707552
11.441431535153242
4.953282636583026
6.650326836206659
4.389905966381775
0.48452689873374766
2.3067223602738522
6.775336607326608
4.491866964228393
1.4368283328512916
1.564809641258762
7.849021233883832
3.2315336703795765
0.05112485964491498
4.0494482030917425
0.697726114638499
0.7533086084367824
1.962897547215107
0.13216913352516713
5.3134506856767985
21.754133547554375
0.4506506870420708
4.3347754930837255
4.827839611469244
15.647906113565114
10.65786489841048
0.197191037099401
0.04219968704273924
4.200517721354117
0.5556072089530062
0.5022087497491157
1.4692266794481839
7.9124642846036295
10.246955646347487
17.528500212989456
4.568327167100506
3.253135634258797
1.5832188237909577
1.7445726030528022
0.9659808682517905
11.861170373736968
2.113687723285693
0.7557642713800306
0.32365776252481737
0.53570713949739
7.853002532890969
0.46561351920172456
0.2919794023182476
15.026711808786786
4.694426149941137
2.303497392556892
2.4065195946132008
0.23877240134606836
0.07423027451295638
1.1066019764839439
0.7583507944837038
3.451124400642584
3.266156118228537
3.7303981740333256
6.8688224393408746
0.09516576632449869
1.215812851300143
12.319080741453945
2.6834503348763974
0.36083814441008144
2.540215918848844
11.54254275108542
0.7225592680915724
7.21973489762604
0.8311826304561691
2.8907804730442876
0.5231027757217817
2.305957871769351
3.45872923405841
0.16602748400327982
1.81345919289015
2.870444040348957
0.5468402311707905
0.19230372177844401
0.2743575916028931
1.7541805638938968
0.6238122239956283
0.04206622075798805
9.885455194929818
0.05896648659108905
5.455071270094777
8.667081516327016
0.9177045763317437
1.7733119356526004
2.8905471281141217
1.4836250573389407
1.3504370520604425
0.6415859241496946
3.03612384326334
1.6730414417288557
3.3129055342869833
5.952526310928079
2.5449638072313974
6.10221752722282
42.52665133775736
6.080135881857132
1.9307293780511827
3.2822471813597076
6.366542480493081
1.52347378518607
6.312809424900479
0.5136546353605809
0.28756835432432126
0.39753535734053
2.6838112354853365
0.6498702430617413
6.535120960223139
3.179515097013791
2.326814589967398
0.29427134474826744
6.220611300257588
0.01495352057099808
3.9795016992866294
30.128745585159777
20.582152849608974
1.8360248787976161
29.253455187772488
5.4245941769149795
20.117048268464714
1.4971140562629444
0.6516951845514996
4.567177432938479
14.034279083582078
0.7793294904513459
12.94689088837913
5.351120109600743
0.5352615341980709
3.1399536651661037
0.6458227287548652
2.294978109999647
0.8757598597512697
0.8186759835953126
2.4442363147754804
3.685701512535161
1.7454791333439061
2.3287998158848495
18.085923405011272
3.099361597734969
2.3259069439773157
1.2273106092470698
8.378216562032321
1.0981159947186825
0.18086505750761717
0.7681805074462318
0.6516551796303247
1.5730399016865704
5.102143361753406
2.397332771368383
0.9960787734089536
16.574609433941077
1.976965176185331
8.738908876384812
1.463056785371009
1.9285567403603636
0.7242966707453888
0.6411355708587507
1.4935169108721311
13.438151598478726
2.8235314576486417
7.571694710197335
5.693978343457275
0.3377792761020828
8.882190689048002
0.2928269751428161
1.89536672876784
6.367205618782464
0.35238950316488626
0.8657575345641817
2.434156369923585
5.251303774399275
1.416119729528873
2.4815722819002985
8.589886414552893
4.196697360694088
2.897255293057242
5.0625798625806055
6.308135423663771
21.772280119253992
14.044636315782554
8.24378442806119
0.4345426914951531
2.2395518213743344
0.7326792717649369
12.165994867955305
3.1496814509919204
0.23996112560416805
1.4955038062980748
1.9864363158776541
2.978268063034193
28.060003214592143
0.588565363388625
11.373300810417277
5.984640180180577
4.7743127993853705
1.8788349020833266
3.3071478004567325
10.842843354519573
3.1149773686738627
1.1992477060121018
1.64540912024313
10.480705821464653
0.9637517521259724
0.5760941237058432
0.8651357467606431
1.0127334268108825
0.10970064648790867
1.7038924828339077
17.1432971679169
0.24192571343519376
1.3665074119635392
1.677947067459172
0.26727889465837507
1.8737869446376862
15.464776212244033
2.311047829749441
38.066539411840495
3.5875478728776216
6.797313346160081
2.9519197508452635
2.238661354069336
2.760811488613399
0.9038823805749416
0.506870052387967
19.153761645688064
18.80654445809705
0.8636523613859026
5.279923825120932
2.1723265086548054
6.407952096524241
0.5047342485122499
2.187533172465919
0.11359518598692375
10.726760340654437
1.962198690391233
2.851409256378247
7.329471274082607
1.4649325064456207
1.980413734461763
0.13117267139386968
1.5476119876111625
4.899175017202651
0.9691956118367671
5.23390390982604
0.16550332856058958
1.224487010134908
7.9568207327210985
0.8742172518650477
0.6434043880362879
9.57596678434129
15.094750850337732
0.15791372516468982
2.1383592976162618
0.49464999883275595
2.9504629190123524
22.680248880828003
7.704442108526564
1.261596954511333
6.3074900752762915
1.0148531341001217
1.0817476794727554
0.04165175720845582
2.4313270049897255
1.843909812563652
5.189091680327692
0.3251324411758105
0.8424539620064024
1.6218997530850174
2.4957950029638596
10.56878571368361
4.729289989474637
0.15483438559022034
2.046513070759829
0.23255508782312972
3.7982980429005693
45.69129738697666
4.620756683401851
0.5072943269078678
5.139201330246578
4.996495730421884
3.2597388528083684
0.505636308760586
0.8476533593675413
3.974155815631093
0.4620819716255937
5.10666808554015
3.9654174703428
3.0335973667242797
0.17537005072517786
5.308652099527535
3.8263383752200752
8.847056527833047
0.8693842420107103
2.438548785637977
0.5334855671098921
2.0415554771789175
16.093656470631686
16.02612707346998
1.5750835958024254
1.2253855136659695
2.7253955782944104
20.26385633785685
40.5555978571756
1.4690923164052947
3.6548734622738266
13.681867860959755
1.1117075470538111
3.864124873700348
0.8492925746541005
2.5344608048435475
1.8123708141501993
4.20621398680305
1.8571491068505566
3.5161971859379264
8.780755592531932
0.10684995282645104
18.14790200545758
0.29168831344577484
15.65287697327949
0.43317026256772806
0.2678530677803792
4.090956118936447
0.14480404468122288
4.669798738486861
1.7782948802923784
0.8619343492064218
9.543654001932737
0.14200464111854672
5.229961437369639
1.066768019576557
1.0709242155971879
3.4495421803731006
1.5270224449122907
3.078318902567844
1.196809933451732
1.2769565704802517
4.435911330063391
3.02182125879699
11.250640102040052
2.6113027696301288
0.09522790576738771
28.370934663245862
0.2697222436108859
2.2106803498245426
14.847323647896701
4.2132133577579225
0.9259624813166738
3.3563720969359565
3.4381036331687937
20.2982912536645
1.3486906131693104
34.82910394538703
0.9948535831244953
3.011742954095098
0.08106919680722058
0.8625591280542722
1.2403759892731614
84.72833844996785
25.86182109985384
4.519956690117397
1.938551677911164
0.15493645316382754
4.051589198701549
3.484101772792201
3.9333709401180386
0.10827676439657807
1.8753946688193537
4.0556232601629745
4.790705072431592
12.685200101175724
7.091174833887635
5.9501052131236065
1.4251994435435336
0.361350162565941
0.26872623830786324
0.2856469320759061
0.6170266847038874
5.086424943583552
2.518121865006833
0.5790860051638447
0.3607423506255145
2.4713306663361436
2.6052899651549524
2.5552146324553178
3.1517871082069178
0.29680806033866247
2.373083626429434
0.29460440607726923
0.007514626151532866
16.626172922799014
13.812992762686918
2.3004491765714192
3.11910396418898
10.154106968129781
0.09860718326308415
1.4634721399233968
1.3945499440596905
1.1615080615629267
0.6661173768989102
2.500192664720089
3.8933475577869103
11.882508802733355
4.920699349782808
0.7888686176229385
0.9530204348229745
8.278678109429165
0.21829907059509424
1.1018436516133079
0.3518437141246977
9.986819625628414
1.3428141803342442
1.3286113220456173
1.635676826863346
1.2035410767239227
0.105499595792935
3.51114446599604
7.798154543979763
14.916123599832645
2.232233293761965
2.7093643559492193
7.223451757381554
38.940149184210895
1.4398740621581965
8.137125270655815
3.368064152855368
0.260235864421702
7.7948953465493105
4.456923343830567
3.191278237161896
41.68744338609031
1.798820762505784
0.8560421549300372
25.526092143554706
7.830418968624144
1.8203998088101798
7.290809822286974
19.16449208674021
18.267336386968964
6.057639828737592
7.1771898461047385
3.5233162106233067
1.7638082795892842
0.3094574879978609
1.6398217630885483
5.559430334880744
8.352301231687306
3.449930455746653
4.304347635195882
4.045357273760601
0.2887261740579561
3.6119668080027623
6.146714885227993
0.2640656606236007
0.30696397727297153
0.2665352961048484
1.9351513936344418
9.166810261827777
2.388941070279543
2.741478872940206
0.22085797068939428
25.21221995423548
6.63803497209301
63.74087219804278
2.536443059943849
0.18028542682804982
0.18748509926444967
2.1586640984278347
11.546139441048581
1.3416298290612758
0.8720362593194295
5.787398684762593
0.6143595408975671
5.982065166455868
1.9157592816882243
0.7408008276834153
5.095062392316322
0.393519639983424
12.673701671912568
4.0331161661561055
66.19987206126461
11.2065263384211
0.8888885807791667
2.285886760128051
1.0101182983380568
0.630575823088293
3.5395069752303243
0.0754686242871685
8.86423003535674
0.706561001996306
1.3509432921782718
1.7293461962108267
0.19464956257070298
0.1684331769538403
15.444350502311863
5.67047344736784
2.071359148601914
3.049706515917933
6.8508445613551885
33.944560502346576
3.4457719013880705
10.820367679800256
1.2199331947813334
1.6279312630686036
2.933830001780734
1.7935711244754202
0.374250859280437
3.5865371235668135
0.6027929291958571
0.7177596655747038
6.824905068278895
11.067736792039796
26.994355987448216
7.818625421310571
29.69849470643385
2.402999904945318
15.43213903569631
0.27193620943216956
1.4861808762943838
1.4736234598167357
1.904111469953932
0.05441676168265985
3.124679903005017
0.9512429340466042
2.4493585411946697
0.26987866111812764
2.43122440535808
1.6889016449640621
2.6147886518592713
2.214080369401927
0.13824232125261915
5.366011751022597
2.2242844577267533
15.138460156915244
3.783619429450482
0.17491362313376158
6.298745561703981
0.8232505763808149
3.140952100424329
5.907546922069741
0.7671447589164018
1.4749595959365251
0.20429936880100286
22.88825134196668
4.258501492484356
0.14529659420077223
1.1519958270291681
2.1633004369141418
8.93642517272383
1.2388161367780413
0.9005043234174082
4.717452357108414
37.4706077466617
5.699797822162509
1.7979452380131988
0.7882295127492398
0.1943540347092494
9.939832103227673
0.4898506057470513
5.342963167491689
12.476859856680676
2.26663152918627
2.00303150118998
0.3637907286101836
4.4607439834180695
3.568186051732482
6.9060560709331185
0.8458591602720844
8.23151008307832
0.8834481527592288
4.853628000280878
0.17587442381773144
6.680710362401442
3.722421460206533
19.16156018554102
1.1350465671894199
2.690373877660022
4.152663369764923
3.3297632589092245
6.933109088957281
0.7637933023288497
7.561531117738923
14.449630991464801
1.9782753086910816
5.391746307057474
2.4707859346781333
10.587704161429428
0.1264932251033315
11.69915814506021
3.9738947756559355
84.28418838192374
9.344329176547035
1.4555671148009424
0.12213508916102
3.1373432440886972
0.373015421871969
0.4202635099609324
5.278387797814503
1.4832019666318956
8.998366303814691
6.147341381452861
23.94025933271041
4.364665104476444
0.8642467708777986
2.1426535692116886
1.7198872781955288
1.0523449715255992
2.962951684352447
0.20417733191789011
2.308759958079463
1.0507863617749535
5.18023416291544
18.99585797324471
1.1128008530686202
1.342552139009058
7.171887731859897
6.197276831044292
7.239957113881246
3.19166716352629
1.2319396247803525
3.8464096631651046
0.013395274098002119
0.839754688746325
4.88433487806833
5.174287396559521
3.1658182233768457
0.16810670867198496
6.0419404946878785
10.262224397352838
0.28388351828834857
1.1822475524895708
1.178911008824798
1.8156546839127259
9.16669215476577
3.870807402963692
0.177513916441967
2.15505241027131
6.229784894323529
1.6933001095421787
10.236570304790803
18.334105487301713
3.9506827119948866
1.226993209351349
1.499764910502563
0.7244496434432222
4.067008146681474
5.7742982202726125
0.7499966986651998
20.82435389090824
8.632526768626121
13.623607473164157
2.9441836492151197
1.5721010814013425
0.504478874765482
1.4591633545496734
5.012097894385079
4.326918673221371
5.891454906792205
1.9958475231433113
0.010986607194354292
3.4764572257299733
7.904603046281409
3.2381280117806455
0.039436388105968945
0.8299420501862187
33.177743848762475
0.4788047188631026
1.086499874771107
4.016724330591387
40.84518673696584
22.735087647964974
0.8523189319021185
4.176117933817295
2.7038818593064207
5.464152942920919
0.17950019856289146
0.171484657585097
1.8350866585860786
7.902032327299821
13.826755838184908
14.260522130207391
0.27546857887500664
0.21929010178064345
25.29267928119225
3.453860871191864
24.556549147288024
8.756924570105184
13.289982907645026
3.811034105030558
25.00148707743938
0.8670399349139188
1.7864794247398095
3.297186878568027
3.109741372798453
0.05613780191561091
4.309066097994219
2.922082190256333
0.979440634688217
20.712349119985447
2.0468892573626363
4.9728870305625605
3.1205494825335336
1.9445527185380342
1.6471190340453177
3.607184360946121
0.022886146765813464
0.3969132229722163
4.018862855846237
0.9766347847871657
0.4610274294500414
6.438773156816751
2.591444830519322
0.948685357485374
45.54993704174194
11.600474038288667
0.18294211480679223
0.39220348079834366
18.696978746105742
2.6249081007772475
13.2162822709397
2.9682264560360636
0.024439803826680873
69.37809168408057
0.41220909097319236
3.9829093804764852
0.23227099729410838
1.201648284732073
0.8555646625463851
0.21776951279025525
4.0289766610185325
21.066027558015776
1.5957956126221688
5.586974527024722
5.7753674255618535
0.5911962912032322
11.120180569178046
9.313492867793684
0.7662734604200523
22.645316252237535
0.37367229763549403
2.355005873065238
17.036023126915097
4.88692139925115
0.2535278785690025
0.5523952275361808
1.3941871320057544
8.465424819376494
1.3121556010955828
6.067515515427658
1.2104192431434058
0.5576541465306946
0.08803407874074765
3.139598140711314
4.043902149889618
3.0230276969232364
0.6562524917317205
2.097217476071819
0.08824249995086575
0.06935914566929569
1.6610143886209698
7.394302889264509
0.7289624406403163
4.860230289177707
7.481475680040603
0.6418623861209198
7.2804995145816065
1.1220180821655958
1.473255822656938
2.4865660866307735
0.8389208444023097
24.676350458554225
0.0038571122349821962
1.40816634026487
13.427796905281866
0.8959434775642876
2.42576824329808
4.983338786900276
12.40228049461075
3.787145952686842
0.3494588240100711
0.7150446989726333
4.8877890172771
5.38672749608304
3.2549662033852655
4.23622633672494
0.09418108862519148
0.7689053511021484
1.1871271150048415
6.4443028983259865
2.6051849370669515
1.7768504259256588
1.4326655593504256
1.6375797687942395
0.30064761107132654
1.7041513795556966
0.5104906773740367
6.792114397510886
0.1978995199133351
0.2605776240998239
0.02844218467726023
3.236181430555007
2.778693136158836
0.9216606045956723
9.7165587801137
3.2843180236232
10.842806459448184
0.6083482157591789
3.5340641763832537
14.009479737876973
0.7153051622808562
3.4258279576279165
4.843131636887847
2.98883801712509
6.642091088746383
1.0696764276217436
0.00852051428591949
4.265766909658851
0.09213214956616866
1.5837648728738714
4.441514492893475
22.236195155393943
0.6879165534774074
0.5401785730500706
1.0863158363572438
0.03492987001664005
0.25121314507123316
0.14027935550620896
1.274105273801979
1.5564077626622748
7.082623860191234
1.955264721505955
0.26078368670641794
1.3474831122985051
0.8941863479521999
2.669074628731323
0.2780639509182947
8.33154156809178
4.338287874030357
0.7647556719493878
12.069091842149646
16.356143163786328
0.12877543925424106
8.236431670255115
0.09426472241466399
2.6033436647994677
4.510788529525598
0.25828507498226827
5.285666768129886
22.451672991119267
0.7180313355565886
8.875268375762971
0.05563512281514704
0.4012781232013367
1.2973454583807325
0.9328337630540773
6.458243044966366
3.4316675367335847
1.8587580363710003
5.961277674141456
2.4516745438813814
1.1329570940979465
1.027365136287699
1.4055925498360011
25.413748888706323
0.5569856844449532
4.35020740719483
3.4365676180932496
3.4658069929719204
1.6256033750796632
0.40139956586790504
0.7595588006843172
5.942405266661808
0.991476304421667
1.8808009988824779
0.9903895042880322
0.3910697954161151
2.764933691603801
2.668664567754604
0.5092017269707867
0.9914571405679453
8.99573067068195
1.1425468109737267
1.4963039740905515
1.623618382949644
1.2991821660216374
1.8473722713788447
4.245405049055989
2.7022514562122524
5.979787536176445
1.1418062753327831
4.656960668777174
13.550639083245187
3.8298447382876475
3.8797479510249104
1.7882435742976668
1.9968624275679758
0.8857099206106795
0.6675312127554207
0.06125686263112584
2.993457950604352
14.451478135295474
0.3691140223418188
2.0343283116562816
8.522037233818992
1.700984306356986
1.9098613702990406
1.6559710043220548
2.4520310988773417
2.398443126352504
8.002203182622907
0.48640547940522083
1.0821228068198252
18.804732121709094
7.479592897681869
8.25878079949689
4.019383312272112
4.257350111653068
2.326553692593734
3.745884647316416
3.442521207387472
0.36731483005860355
19.021665921296517
3.4218444545440434
23.244688256818336
1.8110574657985126
1.408980102634814
11.924770837104006
9.568680898028106
5.063452465117734
6.538763057284086
4.59906720960862
3.9404302986840776
4.213956978419446
2.323593393604824
1.508725134168344
3.207896869018441
19.0522985115349
1.5700801564489666
3.735140669905377
2.8869834233082656
11.70401203950314
0.07779818960261764
2.9017952710419195
0.27908389729782357
1.6474683146734606
10.02247988383533
1.2892520086425066
7.072716705893981
1.166214739489078
1.084861951381754
0.29971390003629494
5.831321582776582
0.30378417734755203
4.502422234443657
24.442652577894478
11.252820800054906
0.17971221290281392
3.182842534930387
0.8451979481360468
2.9652951824027696
5.440063200316217
5.031345064940979
17.422725446471304
7.527990068174404
1.3357992956080125
13.273405957213981
1.4270682785827375
5.966131281540584
2.599570223934279
6.2319889121863525
3.6890612683091604
5.929079153844214
40.94283267221181
31.063372010248713
1.3298932041070657
0.6822753610831569
3.7212023181273253
1.3275312250916613
6.799700804724125
0.3154175465606386
20.62547582357365
3.600230047148216
9.632358368715359
2.876237174281414
1.0630966023818473
5.043450985132949
2.502924573069322
2.8530689858780534
0.21724951716896612
14.641168374189874
4.097569481222308
2.6420662991113204
3.0025842291288427
0.18390943422855344
14.427179818321747
1.34878571608715
9.395140501001151
1.342265731200314
14.991622245288454
0.2843111725851486
14.37038587265124
0.01962189280675375
0.6293882817626582
3.1250390545101254
0.08744932585614151
4.4586348838492995
0.9991052179284452
1.9430342803680105
1.037864789213927
0.8684815940832777
3.1115684291034995
0.24629073703181348
4.933688064505986
7.646723684403696
3.6017727708058374
2.1886622321071627
1.567200951911218
1.7747108773764921
1.1372770815469266
0.12370959443069296
0.2091309688948968
1.7795442672322679
2.5595339428073203
2.052341788305057
14.232047374323884
2.402181529425434
9.616269097212353
0.12665137071235222
6.984572589059098
7.816266164834815
6.753555411938578
17.36588974050028
0.41705312080375734
0.1621516544073529
13.990278088647756
0.014476536714937538
9.263693793709535
8.209631328347314
10.187313022746821
0.7544228587175894
3.6306515309661336
3.9423252569504257
0.2569013241409266
3.7657201161273406
9.378630778115621
0.4763953874062281
0.07252425538536045
2.229744562300766
0.9425506347542978
3.168519220122107
21.018727437065536
3.1714136075243005
3.1167711982088804
0.8249808478431078
1.6407265791167447
12.819929059434799
0.2545223043198348
0.03516845087506226
3.654623574089783
7.770466730667977
0.4241684181833989
0.27536471968051046
0.7450087088618602
0.9635434616357088
1.6848938977273065
0.9789279463911953
13.96579170966288
0.4148653009578993
0.1300128684597439
2.4018576175258204
0.7741788144994644
12.487969871264795
1.1013344897146453
11.072467527203116
2.689706444602052
3.716025023779366
0.5750443204451585
6.102375827798824
7.5656864141565165
22.11077488952651
5.10911334728371
1.1193889327951183
1.9575378327608632
1.3707223663041077
0.6507570428257168
6.088771219277987
0.5772032985369151
30.118553367061395
3.8789131044359237
4.256715028914186
2.4584539642564778
0.38714425826765364
1.5772824990417575
1.1540363141830312
1.6224603702175955
6.990424461557268
0.34954164872397087
2.3210008257083246
9.629746202972456
0.2622401164881012
25.593471639298514
1.1419721583624778
0.817853923275834
1.3755237787336227
0.1424057589865697
11.049791860888945
0.40816512714809505
1.1060564078798052
18.281285708002542
3.4649194556404836
0.06570668017229764
6.5533932855323656
14.888157372482965
7.487923581666109
7.2980174580879975
2.6158751942493836
3.554311288677127
20.114884989048733
2.134608968248358
1.5918048813800851
0.46158318825109745
1.8718661210696155
0.8773997150383366
11.15768017021037
13.924960777967499
0.5299331318565237
0.4527399678736401
0.9573353514133487
0.29113110660546226
0.8428542008914519
5.295112507235899
5.874357528813562
2.509584593681211
4.157077930347441
0.19039169886309537
0.42592593174776994
6.068354489023477
0.580758277374116
0.9556332144566113
16.32762490746245
8.308989278055378
2.6252262254129164
1.2706243789616565
2.7407664845923136
0.6722203594690654
0.19867171523947036
8.405026668442588
2.1299654784415907
3.3396898426290136
0.15321831505207228
9.30913877482817
0.3334730830065382
9.933081038241653
4.8372783637969405
10.382159648546804
1.1795991654289537
0.6953606129645777
0.5702223064909049
1.1250909031296032
25.590295530095318
11.102822306540475
0.5301568370596215
1.050284273638681
2.6215885015772074
2.8968721099809045
1.1788577095649089
6.40711718984312
4.192928604108602
0.1696106636300101
0.021845757251867326
6.026904486796411
0.19988453905534698
1.8911034030970768
8.372325733475009
3.1326809746860818
19.38181403284034
1.4152175054114196
0.010774776776088402
7.052539103075105
4.314760519166157
13.065215159072977
13.092329837149009
2.9998674057715107
62.44559992474751
0.501981545574381
8.717152223034645
9.950466739992407
1.6393220213140012
0.6976032808270247
3.4049784935887146
3.099860588557931
7.543771596203442
1.4028630204375077
0.21847691910443245
6.02576193214918
0.7943531882374373
2.5273465023346944
3.3760561586568656
6.214263373713038
1.3648457746421627
0.6800879306247225
3.4799546378853847
0.3576907654351089
0.9443963619050919
7.13202875004572
3.463321977524174
2.190917516116315
0.6421450934976747
0.8041652014762803
2.531844104476477
6.677075415798754
4.294966895471589
0.055773888245312264
0.4241206916703959
2.3579924074692826
20.290514608339436
0.22834951883123722
17.11219466548573
20.148366620833258
1.001583723074873
0.09772187055932591
1.2019661047888803
8.619236906721198
5.213363625214697
6.948071448576229
0.40693824905974907
0.61158691167293
0.4888086222454149
17.019332155716256
0.27784658285963815
0.03987017813051352
8.304747843383666
0.5477271409072273
1.0173770742985653
2.493864478350588
2.2340923519368516
2.0985473221990105
0.4010137892473722
0.03567403087436105
0.11744226448354311
5.375055456392147
8.653415921216947
11.632856492953579
1.2660395436105318
0.08723118079433334
0.5409667163185077
0.41450411854020786
0.9672839029408351
1.8353856022185937
1.30093464728634
0.17322180694100098
0.6055721958291542
1.7166991405210865
0.10251951982354512
4.811028269632516
6.195087420910568
27.444932367794536
6.206396909798059
4.9195383029546065
4.962886111905391
44.47977362580059
3.5119275210272463
0.05823601226802566
3.9812115997738147
5.184358409449487
6.927453257878369
6.297634111011575
2.205779725249158
3.239769778065238
7.143534897331847
3.0256232490537514
1.8484220266327611
6.951033742305299
0.9669820900853665
1.5652955610203207
5.586391676009953
9.428180933216936
5.309022887369792
5.837679068976286
5.376285711154196
1.2504535840635072
9.017956814943318
0.33703531966966693
0.7842145733593497
5.105631544531207
3.1646715010247135
0.6336319506299333
21.236544872808736
11.61547815729864
2.2632030609711364
0.29976138608617475
7.631400316673535
0.1360273130594578
0.9871725489283563
1.062794306759315
9.47266302501157
5.745752101651306
9.129550696849037
2.6000765306671383
2.5644756951769523
12.928795432064362
0.0962318996535032
3.7909394598427752
1.236853905080352
1.2156261676864233
8.472110034628713
3.8498265118178097
5.547086907688936
1.4570852253709745
14.29284640287733
15.915145107283024
5.149971389357233
3.492497691851895
2.8334672763958224
2.755622825174214
6.832120089438831
14.812166057658033
8.09104716116417
0.36362766351157916
2.6346963633077394
17.997519576190825
6.999392460085801
1.56043159145338
3.682207000816561
2.889522614157613
0.068006300531124
0.4263701215204492
0.36213798499375116
1.5312309460277902
6.430195910583279
25.33246157213216
0.3269279251435364
0.1927941463436582
0.9754650621907786
3.2184455526221427
2.3379101996506506
1.4336282496478816
11.986130852033966
0.30996395239708363
5.332637835661444
1.0520855472241237
2.839406601546216
0.5809707726584747
0.06166207769638277
0.1836236777344311
1.1879123396174691
18.870911542264366
3.8860256962070707
1.3053330422881118
2.8422495598751993
0.6447022781685519
22.808764497975062
0.9174372145789675
1.89982682768823
0.21334183790531824
0.23440197448871913
3.4211048571014544
3.9801211089870776
17.726769860921195
22.97320346604465
71.75760633571917
14.790298996183992
4.380330362244422
0.6564941017713863
31.37084974410027
30.37589293392375
13.8411687818043
13.664949952355528
1.3733927662287897
5.869969126521028
0.36482189692469547
10.385125317865459
0.10199096865108004
17.40239536539957
6.797881240312563
22.643433998669934
1.258525156405085
0.35582935838829144
2.582502009052405
0.03306313031134778
1.212798000433395
2.9357847959945502
1.3867247290108935
6.6465397573047085
38.34134609036482
4.390339135170507
0.22739211669249926
0.4707661115571682
4.482850574160693
4.221386933000758
1.0532260011459584
0.557659461741423
0.8204304077917186
16.225931338023656
16.13806376836874
0.4234624998571235
6.718156130733405
19.905126144571113
2.8336980147723807
3.1357636878783524
3.5673690152252675
8.131202003263752
4.511793237637903
1.0665050947245618
0.6808858952572336
1.8903064997211914
1.118156268606981
0.01825451491822605
1.7830086583308002
3.3083153898624005
0.6456280308957503
1.9436667480295
4.80312610762121
9.275829379064817
1.2499917602071946
15.167184445268504
7.925595127268025
2.6044349344592774
1.4834475940479024
0.12058752384109539
4.090603951186495
0.6663629386130197
32.30365583408275
3.1794227495702216
16.215024370154424
0.5099273456435185
9.911607005953556
0.4729125980011304
3.3666922126940335
2.606426562728302
2.7382566408341518
0.6931014912734099
0.5523840987152653
0.16063763127749553
10.094492817537684
5.236096487758914
1.181348448881181
1.210428944981686
1.573913564086979
14.276813183474587
0.7005408726654423
0.18514420334031456
2.9149921717435063
0.6109370460653736
2.2381286565105256
17.492944055440603
9.211686511138396
5.984572860837943
4.707117370435299
13.494802999692183
4.275729563396453
3.056967518172314
1.7502641938372108
0.5750952908892941
0.42468146775718196
1.8903569026733749
1.5187378078517213
1.0661848073905276
1.3294244227799936
0.19245170226713526
3.6855589105653053
2.1032864365952264
2.060852523380163
1.0953069853821944
0.4569160988103249
5.614489401883475
0.6646786681594676
0.12711883161682636
4.859985815604887
5.958443323332176
4.11699034274352
4.534849117822887
7.715445233039645
8.402106016372272
6.078728602809861
2.5585888886053
5.040273425369378
18.964552893263317
2.1808189812873024
4.995502806195873
2.8006281422567554
2.841247184529493
2.887588947349286
4.189301317201171
0.8821737058751751
2.6868696647397883
6.002478078258719
3.386145638931339
1.4347342298351577
0.2222780810916447
2.7795421707705827
1.0036318578167993
13.948712397708732
0.5631218670278031
5.15802635410364
0.6372622272865556
0.7871921959631436
2.3895954526014975
1.0495246257123654
4.498302379673987
16.062408286168647
0.5197675496528973
0.6372301393603266
0.30415381149578025
4.7919628584058955
9.323402413087024
4.220591633606091
13.976707651781908
1.1833692897780566
3.1332797804570873
0.7447588702161738
4.968901374977577
0.8034429469662427
0.8646633906937495
3.1948580769167165
2.208421742088831
2.4437250034461613
9.022546858846908
0.6203678857818886
0.8912887587212026
4.5242734677303815
5.53530247051458
3.846807806272409
1.2071739011043974
2.902987934936391
3.385965775600198
4.102308990954043
1.5201066658955824
3.111649259488331
0.6669553807369084
3.376067722667358
1.2750595018951572
0.4226033017257578
0.2035504636442056
5.383491835171299
4.676371091423789
0.09637157506949734
2.126390389403241
13.626870110219897
3.7557048246344493
7.654105842557328
1.201532139439223
7.176263606430439
6.242373743956705
1.2391979772219202
2.4202516310360807
7.0869093518958834
3.7811392114163027
3.14533609733553
5.543964687603875
1.3000210744794458
0.05157469981350005
0.488619013071002
14.745687345057377
0.16792446394902072
7.887139518144977
6.178459012404346
9.481897060581105
2.231900176822819
0.2517076423682738
1.0014696626276418
9.216016481499537
5.015065644060087
0.6641582213051151
6.863280262827175
2.3472745735853096
1.502228548473795
23.87829385319492
14.262650659973588
10.393056202941807
0.25649537064600736
0.5080205836238747
6.214154744484404
0.6919119222147856
6.212583896423894
4.436563547944388
3.630017617073463
0.8216786677730852
4.951550448946364
0.3298370988886745
0.7185331043219776
1.8241623492540384
5.833130050283216
1.2861176649603294
2.5552923497562006
2.3119002595376514
1.305042445066647
2.284143774162658
2.0741899400527473
4.855196745316789
7.968480437648395
6.284575479334308
1.8564645618207578
2.8222797923845064
0.8460630961308198
5.465385967439943
12.745937710136786
0.07125565844762605
5.112264326569857
2.877541208818002
2.4492379514340428
6.554899547525565
0.4497427607966529
12.736962401653727
0.8534723846241832
1.5933572904214088
1.367812546515779
6.109145534079289
1.910279105639347
1.6949464849749347
1.4776953335967846
15.777936714126554
6.196099806580605
0.6566717690475343
10.024059663268417
2.3227558692487946
0.29680452841785154
0.5047523896682833
3.754214183318254
7.328533442803746
0.5705007244250737
10.744184772000153
0.47031323229748523
0.8221028551015479
1.9977262798056472
15.719935106517369
6.385891620462644
6.274579240674939
3.6090233584582165
1.197639644247829
0.3009848677102127
0.32277931409407756
0.05958177878710558
12.186794173787348
0.5799102352939371
1.9236003551413887
0.812341175358597
1.8958284525724594
3.3958028900997306
9.810711523812643
6.909634687315702
0.014889388727169717
18.619519961117476
3.996725989447441
6.493963986122253
7.369311105940142
7.102483912658499
11.991156029063859
0.7361676145192178
9.464249420219858
9.429324550117599
0.19654258350419695
3.9989181535820535
1.6188584960946173
5.10355587624872
0.7404925307746453
5.125021168070816
2.341276457602362
0.7899373288855713
9.71936676511541
4.282218679923972
0.022457728864537785
3.293799451592349
6.5866048575917375
0.41746106070058886
1.256210189065314
1.311295768860873
2.930756387511792
4.405859113692713
0.29697543218935607
23.68064438593501
0.11746552594195236
4.852256575435604
0.13146168537423364
1.9399390155813308
14.314234536745062
1.7573750652372837
4.095664584587212
7.134464274320635
2.1594101756927557
0.20351493915950414
12.984384658979252
2.344518369256548
0.5554930477810558
2.503272874480899
25.149598784857517
11.39797448103127
1.2830316722902353
0.2886124950600788
1.3399872291593056
1.507117858989659
0.7167862737078394
6.46647489091265
0.31864278388457024
5.158702066797559
26.285895845034247
0.7506318567175185
11.721030138291098
3.7278019469122228
7.0611450672768115
0.23933479292463744
8.55048438717131
14.244631901277899
1.6197932267932629
0.5772876053561049
2.450247106993629
4.961598279718601
1.6854058279423043
5.767500819503766
21.06463570860069
4.994773029295175
0.7069216625568515
4.27631047651812
0.6093089568457799
1.0409578746330226
13.160499837715179
5.741685307719308
2.224513642657257
8.295269853246282
0.8125452816275356
13.050043430019286
8.466484602293349
0.7516951329052972
1.2712428359482146
0.009057613875484094
6.8583126612174965
0.6857855849084444
0.3311020268520224
7.1630268598710245
2.6474119272606913
0.998095765193284
9.199316147813079
4.928233857699524
0.6805035690049408
5.786346015596791
1.9282112442160724
22.411142447661405
2.1407967233208183
0.666964118659962
0.7841786284734553
3.890601824521582
10.978477009495691
1.7658488932065666
0.08249854549649172
6.869194212387811
2.9079058348324907
1.8509385557663336
2.715783065821597
0.12226207004641765
3.261955548754486
0.8270323703363829
8.671708457062778
3.0224264934731764
2.8716682657614
3.0596955529181287
5.719598144994961
1.0329753253427043
18.84601130872761
1.8664960413079825
0.6371045371706714
8.103290150935209
6.294483036333986
0.9665790062827
3.9126408829142747
1.5795518962659116
1.7869230443429842
4.335802377576329
4.966935228065267
1.0776202738961729
3.933672100039985
1.754534976920695
16.693435219232924
4.042706098633062
2.9046719858779397
7.126163061588159
4.559996308271366
0.41499683778965846
1.185159290474985
8.564445989450178
4.657337732845917
2.115854528172349
1.8167508380247455
1.1487929362265277
2.775555630611052
0.6277072441589553
34.4562521247135
1.0589752393279923
6.124540783101111
4.252777862420771
10.972871527141251
1.8691350788103591
0.501240194284037
41.438990613667556
1.1625278491228528
0.4110928129084641
5.2987031305456185
0.8650630642732722
0.09898615002748556
14.78890377949574
4.026920426342258
1.3038879402447492
39.62983550491845
2.529424264215777
1.224789770119969
13.784687320658122
19.960836440568528
7.769830022727547
4.781781813864654
0.4327029530359141
0.9041389044323296
1.019638126843347
1.494097895007144
1.6523824122195947
0.978356769803213
0.9312165579794964
1.256503758711915
0.06327251359834918
3.492294934032543
0.8532361735597078
10.887374123729387
4.094063182408718
4.844097716795659
3.9254817974106118
0.44896805596727063
4.14288238723384
0.039971333633729955
1.453149146567739
0.7047105607416597
6.1547328222950455
5.153054618356691
0.6264307577657746
0.10119769432276371
0.124226147763693
2.867644988495158
0.8156210784181894
5.612860782388452
1.3477029830646643
3.1840530576228048
1.4441347882093396
4.121295448629098
0.8094260360267072
8.374961546360282
0.1112175292619213
0.28420330659355386
2.7764166337838105
0.5969237344470457
8.834217218598496
2.396878182895307
0.08772977288390393
5.5732661678266595
0.34386201161396457
2.398192018561531
4.55266512860544
0.150649008101027
4.65718801379262
2.6308840992751357
0.7551843318506144
0.25499092744939844
19.092925171906245
2.867079530202318
6.330425053005456
3.3161536905427056
6.474582540391566
0.6609902639320353
1.1654846915480448
8.807141176763253
0.49947456421432435
6.515198933891952
5.963023976575641
4.600168490393116
2.859133846279292
0.16599263117677765
0.963076164953236
0.11249982004665071
17.61488682671552
7.032018541398429
1.1051667450046807
10.486176186484954
0.65349579762551
3.3261301101556455
3.259201481621858
0.09121737151144771
2.3229377805255353
11.212095662700449
1.4700969654695655
1.856171882362105
2.2886584933075937
0.5474705195956631
3.490231932079041
1.069833749501413
5.86011356529707
22.665904471909016
0.10318929604181903
35.5487616786304
2.3907298600533977
2.0679524430852325
2.466375242034701
34.18714820468449
12.071722203585523
13.788945723506913
0.3127013240045926
0.8924152894833242
21.326178357678145
2.557264218226919
20.590014176810655
0.08640858231956372
0.4155259684448538
2.64108707219566
7.553808542415936
3.201666637418384
0.3753816223288595
6.235072652863892
6.153595983269042
2.435152381462103
2.264781830846914
0.01914158543513622
0.13922726344753755
0.7964437976988847
6.222784156259877
6.284772793100274
3.1447989673761185
2.684573654067208
7.9890360529389
0.190774271486589
5.641764251759014
0.17657305335524143
0.37628881695491145
0.2987156879535178
10.243180879439024
0.6803555568112643
1.159953133246745
6.79771942946536
0.4208095110152499
6.058996527535783
11.311223106597026
0.6916995294886874
0.22498922437807778
0.23790185407415265
0.42752515504616895
8.16534143435274
6.782740013375587
4.976124605280347
6.329089878043305
12.316797613839299
0.6072877289370808
5.097450744560774
1.7242812702897936
0.60792292638871
1.678884865166765
0.02401437460866873
2.357919976093399
0.17678555627571768
27.236820159789204
14.12075778041617
0.8011423579409893
1.6938055599857762
4.422018666056829
0.7417185167687421
1.1773977921766345
2.020378865647217
1.3240184417954879
5.32896347224596
2.874697356182878
0.6457051213910745
2.436726040305075
5.612589192634914
2.3882262136139616
39.5531929008248
6.118369884439744
0.7816439401103707
6.454078173297603
