0.23740222891501617
0.2687699958041776
0.8106727560953004
0.27122464109561406
1.423219830801827
0.03536800363508519
0.7995235759299248
1.1337172803177964
0.08069158751459327
2.0122314132604515
1.2501920775393955
0.7334929936478147
0.0913311666372465
0.013014927113545127
0.7084640022076201
0.6320840044645593
1.7928997784038074
0.3064596196054481
2.6512476197676733
0.08604733691026922
0.01448055294167716
0.6406846741883783
0.5626338444562862
1.7378516747849062
0.14781054013292305
0.4510244992998196
1.391162768661161
3.0729362127458444
0.22398290943237953
3.1682543227652786
0.26233497355133295
1.444895861131954
0.7260212557303021
0.5069586947065545
0.03073564988153521
3.9954504040942993
0.045827197332982905
0.21506315263104625
1.2493834306806093
0.3583666329504922
0.05903057173418347
0.5547923487174558
0.668305698025506
1.8828577605745522
1.6395756226993399
0.9990393424086506
1.1912457282596733
0.743936950340867
2.4664114587794757
0.2894451581960311
2.7090675559593365
1.1054233194008702
1.7479451322287787
0.4378821713180514
0.851441093836911
0.9873307612724602
1.4074906576861395
0.11189811764052138
1.2727564227679977
1.2743431567796506
0.19242764843511395
4.3404948611569125
6.82327021106903
0.8173989987262757
0.39494057462434284
0.06973308626038488
0.4003459205850959
5.881746379396645
0.27658757343306206
0.3113643436372513
0.09126559029391501
0.9940854483720614
0.21820540583576076
1.7874149252456846
0.8431377597153187
0.0946509113709908
0.05599245228222571
1.7088322362542385
0.13731752801686525
0.7592957269953331
0.1420028289721813
0.6815830582781928
0.789905884405016
0.7174471503822133
0.08575527738139499
0.830334139536717
2.551139388291631
0.701220633360208
3.377922488056356
0.7402066341746831
0.8960265837376937
0.0019509061676217243
3.136127893696539
0.4827017622301355
1.589695985414437
2.034975676375325
0.2045630948705366
0.615236531230039
0.032321943406714126
0.8721984254661947
0.877131471366738
0.08145589886407834
0.8386340074357577
0.18856031571340282
4.327371076971758
1.3885591697035125
0.3190770577348303
0.07644147060636897
0.6714780989859719
0.5007890443084762
0.43305003207933623
2.03188705642242
0.9861547884065658
0.26510672314907424
0.4162397445179522
0.12001994393358473
1.2622061423026025
0.09804366894240957
0.2293073135515442
0.15245927618525457
1.6274269741697935
0.17666363438183907
9.523145250655944
1.1489457340940135
0.4968667450884823
3.2285855445079505
2.688261365852668
0.590893758679158
2.0424424853845267
0.4811038247717079
0.6880046213191235
0.7370309726829873
1.1624198846693616
1.6386752193939174
0.0025231652980437502
2.9569729791546706
0.00529999312129803
0.6016373748570913
0.6857922502822476
0.1402512118802406
1.11035547087522
0.090241497833631
0.10971372325730044
0.680636110206251
0.01470135647105053
9.85185431066202
1.5842862675781362
0.7486006322724279
0.14169724193925504
4.673724929554737
0.13172703942109365
0.03689319251861889
2.426450773025863
0.8260889657685766
0.3322285173635464
0.6004844585550018
0.04057517249020748
3.5273520594928414
0.535736483099754
0.2902492072316818
0.11742359399795532
1.580379481165437
0.5862441082426812
0.7203135748859495
3.943983966993983
0.8108829868870089
0.5311683599720709
0.7545430615282385
1.9866195421782322
0.3274583590682596
2.2769292956218123
0.8577588482730789
0.5425518853880931
0.9085700558644021
1.1938817284535617
2.544996121650911
5.9066971130960155
0.0003229768335586414
0.13997019390808418
0.00032104244746733457
1.7536377109936439
0.7483930698799668
0.5778127353551099
2.149497503603925
0.23671600517991465
0.1976446385087911
1.0124121055559954
0.033837529277661815
0.673527715873206
0.09736216202145442
2.186031557575916
0.666693169347127
0.3071783968480304
0.2470095953613054
1.3300683296110947
0.1538286049326416
0.589964249113109
1.3508760853437707
0.22307202403317206
0.7278134715452325
3.7883790577179752
0.9308350670180516
0.7523543554561911
0.1154352052253671
3.9302367547206813
1.211413727447507
2.8859967586031416
0.1127170349645894
0.71556360978866
0.03635057002247777
0.48390006422414444
0.6221605543832993
1.1694594163127476
1.5250936656666454
0.5508249727427028
0.7127077697368804
1.383970359544037
7.328873444566852
1.4035093935526675
0.45449647220084444
0.2563728400709806
0.3311531617655419
0.9756142558326246
1.2831523817003472
0.12256614796933718
6.121554663666757
0.572292636599741
5.5253145986789605
1.1017012523516314
0.2639160739199724
0.957369739189744
0.31756649145972915
0.5665661121456651
0.17442104702058714
2.3817117172729922
0.39888470091682393
2.7699085959757213
0.10631454827671405
1.9872971572040115
1.6170506901980843
0.3876636797795072
4.7736311755288625
1.1088975943275727
4.222528746497119
2.947830852746847
0.6230949886230519
5.724085142137483
0.7333548068709206
0.0661144319747109
0.2993408119655214
2.2087186150602065
0.9081097148155095
0.4513988589460496
1.0959105186484521
2.9490550820628414
0.12371936926501803
0.7659806112060323
0.15715886525867973
2.7107332728191977
1.047175500963931
0.4329413615196245
0.12959288578713313
1.369343431753805
0.11754862368979957
1.0394653680268675
0.27518275486363564
0.34890588784764986
0.25267835149134044
0.0656917421874823
1.8052667150186608
1.9517119541269494
1.5357208144996548
0.1553936326672556
1.6918137224420207
4.007249714864884
0.43581627612002194
0.08808941423194483
1.32136693476059
0.977872015311732
2.232155437464826
0.19871385596343316
0.6222660297935363
2.0714433224784443
1.7123513223486952
3.83703482610872
0.4055714899295708
1.1953721176250838
0.1651769569289172
0.5498914539348334
0.5367352046159795
0.46641548254410736
0.467637234571157
0.6537912508938462
1.0754766722820932
0.8709012800391065
2.860080049285898
1.2567314106272534
0.5053696415707236
4.520629899023334
1.2251323828095337
0.29186805634526536
0.18545698633533902
0.5159128644154407
1.1160663518676301
2.871294282434974
2.355942318565212
0.3527144291001605
0.24513237037172075
0.5215776640980039
0.025600056556868367
2.6604885024862597
0.8397262747603236
0.06781482600490563
0.5645104468276259
0.3228870650928002
9.346326080500148
0.21598479691601824
0.1268064285541186
0.21975850782473572
0.4614579101325944
2.8599209829990286
1.5853788409440313
2.426076981559163
0.5925502192694694
0.42250574167701416
4.023137621101341
0.7668292883608956
0.6024560462974478
1.319425311870873
0.29817617499793414
0.8705994485208066
0.420062732315273
1.366770588894724
0.9446725348097971
0.05899213231168687
0.4610637941659661
2.533162638050271
0.2559920305793639
0.08500711609667633
0.0491800889139995
1.393636856955709
0.5677940125460736
4.411621664723498
0.4797926482424373
7.4461070586694404
0.5588722661486827
0.35153268912108615
1.0012075205158908
1.3094571585243102
1.883370373994694
0.13591140932112467
3.36848358050338
0.36262977178557776
0.25026880684890784
0.051759439607849345
3.044287183554843
2.1697074110707035
0.01405936670198571
0.2692910198820755
4.43871417074115
0.32291711775178555
0.5064743064722279
0.7139704937726492
0.09919689809612464
2.1385499158204766
2.9650669026596006
0.3463547600113088
1.701064522814704
0.46850497627747245
0.7201400595949963
1.4319983028399292
0.8604624303261517
1.8733345073997043
2.095411574395257
1.41067600241513
0.06022110859339591
0.1862862548296107
1.4803759912756504
0.19732110376935452
0.19119247983326204
0.9819057455606526
0.07120584895892534
0.11366434718365781
1.5214332340838155
17.02764065352676
0.08970641490304843
0.515106659498997
0.8251609007129446
0.16508750987122767
2.4706373005756177
1.4855421241081785
0.48451386445958633
0.866380605410086
6.0360626694891835
0.6852074232010636
0.5604731099447235
0.43265329900896177
1.7497028996003792
0.16521670312795322
0.11268313342588954
1.8238415846135467
0.678911022900138
0.05724067077971995
0.2409170356550021
2.067223953665234
0.07663699299155269
0.10349903246969916
0.40167051028402057
0.6449628597765695
1.210737932851771
0.12707741676422302
1.327172735152999
0.8183370003389427
0.2655767266114708
0.3515668306645239
0.35759250550472643
3.6953379100887105
3.353265802565147
3.5968490964587545
1.2484366011194652
2.798159859055886
0.6656201800506096
0.8445018769998569
0.20681984745897353
0.020381213325890712
0.485811312799342
1.3628728114272235
0.9520668171753641
2.5572905845037894
0.4298369304742664
0.5481683897378389
2.063843390074908
0.0745262323616771
0.14719682194117922
2.8527892480633454
0.03551849999348633
1.254726288621896
1.1333309216715861
0.08196248160675168
4.607510435627773
1.247982275992399
1.3227354658738477
2.1715462761640083
0.36671556849614717
1.0331191918085096
0.02480797452153638
3.9557344478962477
3.7395221713231876
5.529353289210121
1.8600769075274002
0.2982454499870073
0.15832816988404375
0.5478558980248636
2.272404459727113
1.7549110356194433
1.6457130683993455
2.7112583251146134
2.1376732968055876
0.6900328541669296
0.08876128021802288
0.6060515912540723
2.3346928666724125
1.952421749549103
0.48816810245625675
0.8242292116483441
0.18615800453699194
0.4362699370685732
1.1415561026369687
1.8086240656120935
0.6549614118994214
0.47665733013127465
0.131910610027262
0.9892668799730018
1.1994996548455674
1.622480729885865
2.069228752530762
1.2430827485077316
1.4248557348473696
1.52556386514334
0.3913688865286531
0.1995906081283465
1.117434107363806
0.11260840567410924
0.7971959517308278
1.3691659526957665
0.0679408635769505
0.3340830372326309
0.2538638589467155
1.54752384085441
0.4748935727548087
0.7668853456125362
0.6177908539830241
0.7843179557239637
0.10548741990351118
0.017105450824601576
2.8096276896831114
0.6095717704592971
1.8931657177745365
0.47720012147328816
1.9435979697009316
0.30775148622342385
0.3342800099781016
0.3089973297464894
4.019108267370029
2.2905385802005185
2.6202448452968383
0.08761827669513877
0.6550855697860243
0.54474204411963
0.28022404458897654
0.3398684517160291
1.6793442837515613
2.887253579843673
2.030524445071933
1.3339580106694484
1.0034530654957052
0.9322595985868247
2.234452547505498
0.18563600307970773
3.1740237541525858
14.8930887132301
0.5201945784501731
0.15169688004243653
1.0581547913316172
0.5794017521839123
0.5375651998620015
1.0021265928226057
0.19869640190154314
0.29551981354597956
2.5951335812569596
0.21535741255502217
1.6420728338562185
0.9026757959363749
1.1688984435459133
0.36792558795423247
0.13008107885252684
0.9576052863558289
1.1070707910548663
0.171562259842176
0.11835152539424598
0.8648970754729817
0.871462892042473
0.35948569113679696
0.1693518015090376
0.01707773609086871
0.9562685310520465
0.28654738880868535
0.5344047505350318
0.8776185234455625
0.15297180238121655
0.036379269338794984
1.9568584620428737
0.7927477130724583
0.24710457411129028
0.11833187147567514
0.6134794997633435
0.40989947043999564
0.022800103106419556
2.93838843939011
1.0053042955551064
0.8788246653566603
0.07533667556708679
0.4837688772531692
0.20470769576786552
0.32062204800604377
0.4569422379427124
0.06319133480428718
2.821408293719287
1.0975950644497061
0.33607291568478104
1.7489625795569737
2.2743571525643347
0.44924733019433916
0.1983140972442925
3.1382880772289354
0.3021850140648894
0.8963815529277781
1.1408690617390675
0.25813274065149017
0.09222800156567246
1.1904212903318694
0.6573285485064844
0.16538932725961786
1.0075642104493454
0.3671692015050212
0.3633039703126997
0.4926906755863456
1.479948161082575
1.7539536416588817
1.9084761870763032
0.29701196317910217
0.20997341340989806
0.5550993720244151
0.12186636666592676
0.6564209670905257
0.1640095504699275
1.426729702114244
1.2797937192081008
0.618417218196555
0.7895394354418386
0.040043739369139075
0.0794940755731659
0.6851927554816939
0.5800892896950245
6.209359909087652
0.0018051908118650317
3.2995227025676286
0.637011098820949
1.0066189078934258
0.4478855529159773
0.11149208719143644
0.9455605608527549
0.0790196531888796
0.07062254472111817
2.58901608864835
1.0371576932811877
1.848816698169685
0.7110644681379199
1.0650084609369515
4.363859516830416
0.6497750092821661
1.2422185327013722
1.7081237467791652
1.3457167720916914
0.01539795464486815
1.6928232915815897
0.7345808775862679
0.5782069040724309
0.1123868839640636
0.1206036399671575
0.948195416625822
0.8544944575987756
2.1070905131928157
0.6647491699259263
1.981866793052177
0.5413533882965567
6.213975252088858
2.82568756765977
3.050416599144228
0.1942263911041664
6.439906715022516
0.23162746289744973
1.9968149560445454
0.1000460530485725
1.024033368070377
0.16919299878645688
2.488371419836767
1.4594864785758546
0.3999424115900183
0.00947629135043826
0.330368450115202
0.3443567160575185
1.5820830537268193
0.38252517594082747
0.06098899523203727
0.8851987657835707
2.340030476800166
0.19052358294720761
0.5056921835785033
2.583293959905859
1.8027186383114895
0.08398689185560215
6.220623872126453
0.17190578392182942
1.730199412733782
0.45944665957358666
1.1319704217894468
0.057386110798688605
1.5583586653519887
1.63104260613909
1.2903177278058138
0.4260761413606815
1.7463703083922155
0.7715451659314567
2.22339275086415
0.029706515866564587
0.9810753531201044
0.9388842893531546
0.6880889526510146
2.969123193237465
7.150359653955093
0.7657362197787734
1.503330110834213
0.5084125231369399
4.433166988834273
0.07241911398887169
0.0993468625965761
2.114843016694067
1.400520660507027
0.2706008501991164
2.1185369004379027
0.9808749301009811
2.0863689652614994
1.058297964380472
5.468223796502571
0.28949564971844666
0.7897796493343776
0.22674855291552376
0.8368685644963989
1.517403333200491
0.6871920133999083
1.3648889880423667
2.0008823094685795
1.789391626167344
0.8732039586320752
0.910860640622559
3.0775332544289995
2.4294987432076596
0.026078178081661463
0.21382060208998155
0.2497433414682746
0.2172972789267078
0.26133359008235857
0.2098946953919949
2.119749532226706
0.27302107417199295
0.6321764672902646
0.22867040176060982
1.1755211788986344
2.086166509980103
0.41767817722575273
0.01338053542713169
0.6912251414323691
0.24227893725037575
1.9678632165450836
0.1090720598003827
1.9913682891929056
13.236269968416309
1.4830512302869465
1.0691116629604949
0.35488893459842075
0.7268908875121269
1.471074025539565
1.310881210883963
1.6102227992960252
0.8841874986392213
0.15947442592005245
0.19499525346327573
2.0178782954608323
0.1062116778921336
0.19407043770479504
3.0735998437012313
1.188726453212439
0.637566127392347
1.5718023452500347
0.6800880130322184
0.08929333867854439
0.3152237674803473
0.5073523541650502
2.1595744537044084
1.4848436839529313
5.006083335611038
0.0019380651647225022
0.9964638099772856
1.0619165110838367
0.5730838953313651
0.057486132995109074
0.17299935943447053
1.8704777019884204
1.625114506809041
6.408640432113316
0.10963114714832045
0.9633167371212039
0.29134639256517403
0.4495196477655554
0.04395622968149837
1.2110919414117234
0.9578814388660248
0.36903230093594175
0.32920052550616674
0.5651496304926695
0.030417600471992046
0.6549962872959441
2.621902556886198
0.0292003481881693
1.7160041498282226
0.7653838947881013
0.2266965009184787
14.569715557969175
0.1024298521806486
0.6568802013061941
1.3615335572103504
1.8160265820479253
0.24911353499919642
0.5081947950966423
0.975927508683526
0.3502977785974508
0.2521754868357675
7.076564506976865
0.7931668212113436
0.030157467379467562
0.5805609512171941
0.7300898955872981
2.0482059907808434
8.82965159280866
0.4315727440844057
1.3637685667781625
4.0330121968945605
1.309554825842497
2.4224640316679142
1.065539323433768
0.04850492697732989
0.570577122780378
0.05820963336736895
0.5679788382258266
6.932550633748178
0.47932299600506667
0.0694088857708266
1.2065676439669915
0.1748759361653356
1.3840731884120032
1.7768551258050138
0.15871084881655406
0.43828536638466176
1.4507815680990461
0.8490298714168603
1.9149554614850786
0.8875045845779823
0.7401589034998324
2.9654858502181014
0.6247024104086449
0.9568548857205315
0.5653789671923732
10.414144684618805
0.5627757703332463
5.348086177385994
1.345848423166899
0.479310389913735
0.022582509234780446
2.9954775001097005
2.7466385700390674
4.7790012249024585
0.8125118021998787
9.592146196344402
2.2014247355546104
0.11033684939320665
0.4318924684775993
1.3015287224843632
0.9593593975296244
0.44632387461024337
1.0009985209035221
1.6830964714172296
1.1024529365531635
0.08233015313453507
0.5174783798865974
1.4217001198267099
2.0896072296309285
4.396153566412977
0.10555497246969026
4.148038862855174
10.86140237642394
0.8304461000225274
0.3147274683433352
9.03420912673755
0.5338445581146516
0.6219703309325268
0.23288913175929338
0.25359539096825756
0.3260154679446714
1.5599129867332522
0.044208841150975786
1.6372626056108857
1.1210543454799335
1.2322690904256888
0.5762449820904294
0.6808181061933283
2.915465026671882
0.5749666862393497
0.35768191670649685
0.6750775731925387
0.20607744439621456
1.8762853223015554
0.8683304879086791
1.3275964787171688
0.22562295409443323
1.3153907275409438
0.18716983668855391
0.26767428082530387
8.859075504165958
1.271981813799357
4.406659696818679
0.12168893816124182
0.424391612643376
0.6017781687696697
0.4899865425104508
1.5631610581767745
1.3964827034214977
1.2551389338768786
0.20132734400976915
1.4482413995428942
0.04507463698973879
2.538571358381887
6.471677188703325
0.7425694705598289
0.19576614815741777
0.725968138765893
1.4479874527460197
0.941369606385706
2.0610009198717307
6.1458753368933685
0.10258444341889117
3.160491418093443
0.7287032223684946
6.696651077785646
0.593295980754192
0.8697119653661503
1.8384161864960333
0.3465166969544953
4.894558199128369
0.2286962894286262
0.2507622537232237
0.12260938380495645
0.2727845395129407
4.116686066103284
0.05905664767487906
0.2331260517530609
0.2637818057119148
0.39989250811049715
0.2083186995005235
8.75767699739663
2.635568188110483
0.3777482201112434
0.13211246285936795
1.7112787372607272
0.614000051326002
4.513036027055932
0.6780311765760416
0.24967612685577478
0.7963131809810875
0.7919155963609228
0.8016164709697478
0.5219229356443975
0.7157815165410284
1.34725176707434
1.9656118784623686
0.44509997908608057
0.3820718433125876
0.9557576154038543
1.1572242566326167
0.4829307099134894
0.23485301701293793
0.656207842665026
0.8631961322098505
0.3170762781810481
0.9067500277014915
1.6959029672580073
0.24660264735575765
0.948063006871962
0.6496585232089274
0.8139550276537193
4.05333791684825
0.9238582349935314
0.21841885782487225
0.04565655910118949
2.867940494455979
0.0386153419240145
0.17976408457616344
0.0922799631516682
0.2645653476502048
0.08239780817530118
0.09374074802326504
2.9393218081677333
10.937718581175432
0.973264776126598
1.5080056831793627
0.08105820018681698
1.293462409536005
0.11502378671139013
3.4699015583173605
0.4559810578793986
0.5403544500150019
0.05564403970493004
1.853902485629078
0.5716387941356516
0.8761543127038749
0.571178999991389
3.8781836018897593
2.385939790503471
1.2722658497514203
3.303671245856094
0.02631574118277058
0.8054034530650824
0.596759180582012
0.8198784373380477
0.13488059781957418
0.27385681179293897
2.672082955003134
4.98004442617821
0.899743902598857
1.5850995525252074
0.32323176649515517
1.2333001137740212
0.1684223246847978
0.31713316014793236
0.43812803599576
0.9012614785169717
2.2941798987449147
0.1710427356447326
0.024645679470268078
2.4580154279246926
0.6329549567744834
0.7302472141891485
1.4101648224459495
1.2956960423762212
1.3069187772198347
3.0938033992570126
1.3849731040827464
1.5414842351310654
1.3063964199827751
2.032345609724871
1.1545733351522358
0.036861389118712395
3.4993191249959636
11.27401296806056
0.7053142998483963
0.405960806645453
0.8865607882180484
2.347135465897736
9.83281464833999
0.09702434758946765
0.08199812559178099
0.68428732448956
0.3866095140838297
0.34312989143654704
4.198124369708239
1.1043470096192323
3.6321574672183488
0.952297235984588
1.071528797299834
1.3096359738701722
0.5975195071659982
0.41053034832293633
1.2453730277775321
0.9021478753711563
0.46623736538458616
0.5907932155096205
0.6991853050567443
0.1431184381362982
0.4675105033820728
0.40034356553223915
0.028077850060071796
1.363620319214533
0.04407203083974309
0.3470571944490075
0.4450707162905019
4.526204613866867
5.470049459763686
0.11052374284190591
1.71462770398648
0.05075374343141448
0.5226380468375282
3.1412051921506645
2.330513414082816
0.7099117837351514
0.6586632542312145
2.235982521000551
0.15245813319052104
0.1973032654786948
0.2634625370847061
0.7480149759794585
0.9129805467091501
0.2685021540237358
2.150993291186751
0.1283933558879653
0.23206246002519038
0.0574767837242689
1.7911776979162823
1.6885453763970872
0.27771486093115527
0.09084977243037429
0.1786249439319363
0.05423932586563751
3.9046628340147436
1.4320791518257465
0.8768285879486939
0.6328581425186712
0.7909331028931774
0.17880975194566417
0.058095899439649656
1.5661114257818554
0.8564777083229274
1.8179840554075781
0.15544411665177904
1.949400866011274
0.2259689670318039
3.4196889776940225
1.281774359595147
1.4991979560873006
2.4858630094240652
0.23838970105862245
0.07093414726841729
0.01824407091771718
0.03320724384684581
0.24502155983645935
1.2322019146959065
0.49311781862343196
2.791302419369458
0.5680958992161322
1.8773954731295817
0.1488699997717049
0.7022605259844568
2.2419397863122867
1.5992108165082755
1.0008711475675227
0.32401531960931607
0.15845280457870103
0.4017021364852553
3.5158247654908337
1.412655753083527
0.5051954718801426
0.5740611558576347
3.372066332914983
1.8835216017905623
1.9644005008594831
0.2710973635985283
0.40677573697757907
0.08133843413088471
0.411900466424413
0.186682238287176
0.5854488373006461
0.4476981651096139
0.009504141184152104
0.3723137665729155
0.6294510153966257
0.3202050818945281
1.9998198975226842
1.2531215978378896
0.5424958069488639
7.136789405616582
1.1486475756100845
1.4682947664987296
0.5007023435464362
0.03568281416664831
1.6443697149516083
2.7158045468240744
0.9455492389970459
1.767821654342697
0.10186080001585651
0.3579510458657751
0.15405019093304873
0.7006634977442445
0.31878573348512873
0.3982382400718052
0.8388528160721762
1.378175143894623
1.288354499702109
0.7393058585003018
0.38625796101405285
1.205181713332422
0.45076500200957526
1.2678197815112071
3.61561699215963
1.0365876252617454
1.2098761590168579
2.3796259549999377
0.4144519720284734
0.8560211297881324
0.2783287298225332
0.03516110629425384
0.9618024414667161
0.6710248275630875
2.0263656322058523
4.517646839085501
0.8447756602690788
1.6674238935665926
1.1288330122479238
0.6701710913475836
0.09973221393011045
1.7554398442007368
0.05753557395655662
3.7968538978602737
0.02252561792556662
1.0125734913453925
0.17529333718994167
0.6667607411654899
0.2779103934299201
0.1893477451230865
0.4124629610887496
0.9698112236219458
2.3167195973801427
0.7126496179407695
0.6178613431984559
3.114099813712528
1.3140390151675092
0.0058568945387378335
0.5040874279366108
0.0032291776733472943
7.554997854182147
0.09531001113646198
0.11173585602955427
1.5310811844974523
0.21929374276078306
0.20113286093692295
4.136504126072396
1.0787856177339563
0.942842553689843
1.029271049919771
5.404693603835767
1.199405989202205
0.4169202568446053
1.3128838730917778
0.5724897936306661
0.18121842421533074
1.3943643105303636
0.05584940017433837
0.35015542090695817
0.7731050374713959
9.346041283977684
8.730394329293631
1.1575012406974565
0.07886446920747403
0.4026918132803985
0.698055364046013
1.3265057594690006
0.2859497322497191
0.8879738971590996
0.5978675233927788
0.4645975185703719
3.6904802311910316
0.29345056241436396
4.853295577966492
0.5437477308441885
0.8869220923370449
0.1490041911310982
2.129886451002676
0.8167876463267021
0.26983576227212325
0.33098352927481756
0.014891910017468035
1.4104128605831647
1.0182369755784748
0.1699193644890329
0.28375498739478644
0.2095913744851714
2.0386276309000095
0.047914087408571504
1.3818150387669448
0.891409163872595
0.8086603356641717
3.4806975803367095
8.040776151727187
2.3010511167522054
0.20571595552610233
2.896448539730045
0.3097967111534672
5.494760746325483
0.07492369384272024
0.18982278298062738
0.47903724818024784
1.0716688939428423
1.1897403784823837
2.0827127412630944
2.2602991443272913
1.1162762392195873
0.06388096540467814
1.327128276359872
1.0417068460519658
2.647181822510902
1.1275379101425642
2.511508289768244
0.2716921829414787
3.0542349969036877
10.01045200014778
0.3020807583234273
0.25268294438137673
0.1305151463020593
1.0154658015089808
0.6468748406769009
0.5912679418252083
1.1270723142952193
0.6143401798472041
0.1440372870565625
0.1812433238956146
0.7986849225853803
0.5558451122196857
1.4559649417788023
0.51669495216629
0.9382687670295127
1.803300451982068
1.9665120978897903
0.6862374230840942
0.1259810348856263
4.3028045600658515
0.08761520628468134
0.20452662630123086
3.818594124459196
0.22626175564073492
1.4675700074003544
1.545029858709313
2.1983675003721146
0.5008757139439695
1.4438366316608153
0.46605421080312226
2.3635873183084186
1.273318271851167
0.40423265199933667
1.029782639729092
3.156522837904049
1.0144879041035892
2.144432322587818
0.49137857362802606
1.9593575561593752
0.3373906828201143
4.910332461236976
0.40792253545077983
1.9974494985799538
0.24156940319517162
0.5679109796619741
1.2616068742208881
1.6757344921061303
2.1512600262794876
0.881150026616524
0.034829530195565894
0.6535348218894796
1.9359056376561057
0.8501820640231017
3.555919622638612
0.17743961022642907
1.9512331016740063
0.8329768600815441
1.3253812562034
1.2719920738600194
3.1367425890348386
0.38459385573514737
0.02179776641423814
1.4889187594671967
1.2533825916034402
0.7013495441497071
0.7805207271740073
1.3051228277327027
0.5375805903313449
4.846342233708128
0.12419693707488477
6.737350591443828
0.8509255922108423
0.32907968052313663
1.3493469544046093
3.5941476606967626
3.4411540713044815
1.9667004545917735
2.121312917675823
0.3453626940754475
2.180584141315194
1.4113297264411813
0.7810846228094306
0.1623944409802789
0.8997464530984871
0.9741005208779825
0.4411931867362
1.5673930489138002
0.23177622823277488
0.6310311101842672
2.939343318066676
2.0788622895342996
0.7096038835734362
0.7299327148648445
0.2922711434948724
0.21137706996523775
0.2489387652167352
1.0310090146958828e-05
0.060273721974226646
0.2708056828851113
2.5760397827398265
0.6619349540997064
2.203344688328798
0.20352556683064904
0.836585346260108
1.9281202915299218
0.34115934385044966
3.5251010242209304
0.09916440820961725
1.6544364923611283
1.758900716318749
0.0394852487515891
0.24569088309362996
0.07813937644823454
1.1802715171506861
0.9579081959673204
0.3100621015910292
0.3807478474773234
4.067604748051963
0.354083295489545
6.527570125726925
1.3467615257395664
3.7154615584295243
1.3647747457725927
0.9798824913741555
4.514247486818931
0.18480909717618488
0.11250512454716954
0.8165277454536408
2.062886553190765
0.4914264393009944
0.5448107191477902
0.3303714621288236
2.5634191161807394
0.5248111303662881
0.987677196128061
0.7530510171636706
0.6464409375621472
0.7468887359573273
1.0016231270128628
0.2750143418670632
1.213756160257617
1.7112598909152439
0.3681080122187268
1.5836332104736357
2.207706898043398
0.5778996882436331
1.1132382318028249
0.13256251758139115
1.1250306673755404
0.35919774949434213
1.8077240761340363
0.9809744497033535
0.5742958760092733
0.05538012640317902
1.4163135377457365
0.8034174818021711
1.8821405981580028
3.3029047954041744
0.17927223999868147
0.49666053263354115
5.823610151477624
0.9356840477848891
2.3653787763614673
0.6819235877192114
1.3094268222339451
0.7443710085062776
0.7454525335633662
0.2704826081317151
0.6436277410830371
4.242201522982214
0.8581111134117236
0.5650647050497355
0.9152881827030797
0.5258539009082597
1.4811026120587485
2.030754722407437
0.44577979047608096
2.4500753411921323
0.41959721202147193
3.7642737437272444
1.4698224781750469
1.3267961235105759
0.5590939922985854
0.6913354234129656
0.09510148227855098
3.6830935304169543
0.45054513338254765
2.5104371480701957
0.10418930239393376
0.1092470706498716
0.3632268974761246
0.0804455519100884
2.7527537266432773
1.7130908632389037
0.3344884792168159
0.5963009303668514
0.17915470867592376
1.2552344010473462
0.2846355592337204
1.5435289893648587
0.3599774558242643
1.878731532866368
0.20988759375177324
0.8194057257351233
1.8781204678234644
1.2564872537041083
1.1436318584746914
0.19950817874632776
4.653429022699129
0.3027434237737907
0.8154074227641104
1.4475198817817727
1.3940848168567754
0.2826404770166846
0.7973224905872485
0.7408303640258964
9.435232800562517
0.570914145981078
1.0410034607339185
0.06570515097700991
0.28308349383587483
0.32487814636260737
0.09093948350346182
0.24713847156090196
0.2363984123658156
2.350177831147448
0.18256750475848094
0.24854620310361497
0.025672606279840693
0.04465095516934525
0.33847905725997407
2.7920935880974866
0.410353426457732
0.5164087443699827
1.2613268313143635
0.29958366582286544
0.5827983805793338
3.636584518608288
2.791931025349186
0.5340385793679161
2.946688762283884
0.022533764175022952
4.491739461387624
0.9907869501475943
0.17811414595053066
0.245990611059824
0.809211757092271
1.2554222904727794
1.0995524191384902
1.8386218709492823
0.4671458294324111
2.7254232519771904
1.4935748429707019
3.734404851507861
9.982132304721745
0.4555904496955918
2.233817917658598
0.6114408978755819
0.5270966789394151
7.490309485205216
4.270486624765908
1.30410756492347
1.643165064335335
0.087673448244459
0.2390285320871044
0.004359729660791345
5.848855558666401
1.215095818246482
1.3461386822746135
0.2855390400654869
1.0183364548283862
1.070808457385283
1.871078286145348
2.521127911124495
0.9920268636196852
0.19365339918294922
0.47300757966877427
1.5162557135918178
1.2374263180827256
0.11790672186180018
2.7303569980576867
1.6192106678790879
1.106553855133825
0.796939452571678
0.062397439338383265
0.3910552690649638
0.8694852713524597
0.06921757706732024
0.5748305098386481
2.8213715438905638
0.3692132359574316
1.3015810407523531
9.90775605023373
0.1468503312644316
2.61521011943114
1.1825263003847795
0.09133947080408689
1.9292717210919363
2.761872714938363
0.3020502526196651
2.676802264963044
0.832109302355093
0.3205006415664684
1.7955159371194895
0.3997155469696736
3.26624143756635
2.809492082989891
2.492149669487844
0.14739392994670197
1.6848762551962864
0.2394012915319763
0.23259716562461108
0.20718899073835928
0.42649520833219867
0.19392703702033032
0.01792976463912055
2.4678470995277166
0.1323382675764151
2.4217528109438717
0.11861053941538557
0.6560329972417094
0.3669375429453794
0.7158454045420513
0.418779862797237
0.6426463117968524
0.3522839529759949
0.05551828182069585
0.16197756133624353
1.2691898190969368
1.9019470679486403
0.9188366779999342
0.0027079362771473825
0.25589952743030153
0.8379737847135402
1.9781341193738626
0.6804054832173279
2.60452140129928
4.4503979536675615
0.4707331921963487
2.648843710005167
0.6314080538722919
0.27868513739667833
0.20477169878722634
0.04853684541012626
0.47632239674567245
1.7472199271287536
0.03551492890983354
0.6686728401400615
2.3143689569697017
0.04687740789086092
0.3521208344754996
0.3687741561589064
0.6387938105908688
1.266647543394356
1.4210164532269118
2.00345775783353
1.265746996490634
0.8114044973481214
1.8223491995158838
0.42806125595234334
0.2993268238642486
9.051057865464827
1.9490628242347157
0.5628997175517725
0.7913052557705669
1.0496873319789302
0.9129627668298781
1.8904068371048197
0.5111877177259885
0.3623524034919683
0.0069612554216291755
0.5817200885649072
4.50465118457214
0.1446602673822781
1.7517912323819473
0.7065315989311785
1.6950081215036334
0.33836382439767476
1.1949427965591894
0.40696124703390524
2.9944133066164795
2.2550273888919037
0.3916330696520163
0.1114326589013217
0.4134922587691108
0.42493850950268097
0.6157047059532488
4.647183191293152
2.197957383628818
0.04250145293190144
0.09483899532642681
3.415774164008326
0.2743464379600482
7.029548311809776
5.82667645845504
2.5585248147835955
0.6645152497803792
2.0283337739965646
0.03386763558955863
0.19635252060834318
1.5269216263113776
0.3626355702872388
0.4099020496942103
1.4892583409673534
0.011419626709539443
2.183622586322599
2.309597075523925
1.9705091806390556
0.19476401462452486
0.7897986182942986
1.615753927238984
0.2744714991567889
0.12488062598276883
0.5459527872590115
0.762540394833195
0.15338107841671444
0.014469376998022199
3.038540167195606
0.0024482072913087904
8.09509265095403
3.108264409529511
0.587992703425698
7.235703888873104
0.0593892619071994
1.163297740960843
1.8018748010217678
0.0029411257564788684
2.0799579423619434
1.4403780417196685
2.24236650072271
1.9408835708745755
2.034167599354987
0.0333266827656189
0.143060281072394
0.3311504365556175
0.6703901129076257
1.7949645046610385
1.103584312935709
0.694135689700488
0.20055523287737742
1.1701740228163544
0.5258147412387189
0.8514624395174906
0.049266297384747304
0.23157638832344674
2.461134518045583
1.085596993129002
1.6114619133149972
0.05761564677231945
0.8142092531488743
0.0056075667816912755
0.8478070468117949
0.5754289452743251
0.011270807677647099
0.5832839346840046
3.926113934983732
0.22729295240424108
0.865034114496666
1.1454396570916288
3.0216617081168806
3.3224897046602564
3.9786577004852006
1.4506449306354625
0.20743649442738388
0.4280474645056529
0.53071391035337
10.306047578211292
0.5234324563352857
0.6729226045426913
1.4084972983255284
2.7901160885667196
0.23401218593062367
2.8504197818838293
1.3471715698688058
0.6931213356583612
0.7791055718698772
6.094875411217799
0.10026503409608267
3.547654196328949
2.3908476368378615
1.0126836171548348
0.49553637858480215
0.6033563531964319
0.38908910409372766
0.14738604552985635
0.31810423779825214
0.03686509758699685
0.2555474516557297
1.6109899979783222
0.771066339337267
1.2303639891615603
0.8058890397078358
0.24709472729591653
5.046516488160705
0.5294926462665899
1.9393948288779939
1.4553147863334743
4.4010097558639245
2.8239429174136603
0.04564096975082066
1.5016356112464564
0.1384820192324696
4.4873856919730315
1.4166466047754511
0.02424076510942541
5.515176956978394
1.0013970928412164
2.487836883577984
0.24316857669327874
0.6571013396314811
0.45511555632401723
0.8629758333554491
0.2038750438950956
2.645646882650908
0.5422930817439919
1.1614679702179274
0.20532551418000367
2.6985922518360894
1.1477533569122897
0.045678127484279685
0.1723384585493477
1.2056744820729364
0.20122703311790247
0.2734795303840656
3.063675771947601
0.8199614807672333
0.6414699550077785
0.398506538302172
1.3968999160279054
0.8533040829788661
0.02657613104383927
1.4194809929613257
1.6748433724715142
0.7938740526005859
1.1129386403044919
6.3298400056082755
0.8312614347814815
0.29276674074935727
1.3753351435589138
0.4334254903078545
0.10275242110947147
0.5185725991759682
0.2210402119671926
0.508591456731665
0.04668667068472132
0.026081591393449344
0.298381730215624
0.02947116002906114
0.9312063557590591
0.5982802954677027
1.4859670572332107
1.0457547271653311
0.08318727748701349
8.005137772925082
2.3356940218654927
1.1512807928520488
1.092726643430069
1.665228438709164
0.844018071424216
0.6535836981347529
0.2881956240598811
0.39023968009860255
0.3814178420288954
0.36272064172953833
0.3501488811598392
0.26344870272441767
0.02492761061876081
0.5462552386015886
1.0623922212253092
1.653507208058727
0.6938087123126024
0.519088599117822
1.446671253797831
2.222637378363288
0.14017160741786938
0.4227194254635833
0.3736729911179282
0.0457491710112663
0.29325249799876474
0.45052759161626454
0.48117033118614927
0.4353094655525638
2.830667276211898
6.420759376283968
0.3944830357359024
2.8131201836513355
1.3643606605328387
1.5525378917664057
1.7220867725991411
0.5861931175168138
0.15021067549241707
0.3282025845546741
1.4426420764211798
1.6764446438319283
0.10410641701309942
1.891833343077451
0.11374606446770485
0.4120497353578685
0.058353916072519496
2.283055119944038
0.10174699878552929
0.18421496356313583
0.8437269406858832
1.6207993772841292
1.3773355701123364
0.24653766471601557
1.4784965221770108
0.6113716059335275
0.023707376822130755
1.1722601185610984
2.0917653716896893
1.4772239522571908
2.3291594645997975
0.1914276709285332
0.44695141408010386
6.338656150517636
0.31825719034532085
0.802635991727584
1.3898654463264393
0.4799957819341216
0.5095076751895249
3.9667471421998926
1.4239603378227912
0.6673088169191033
3.967526146559976
1.3145168257906334
0.7325060754374135
0.3112784007535083
0.1067764058971079
0.9081215797923505
2.232799760749913
2.0957938916253624
1.0333933875663206
0.15528112524771132
0.86763244769827
1.518638830340933
2.270152753801085
6.563817106478382
1.4623164892254863
1.3363357179187005
2.1852350311819464
0.5914783295593224
0.7637644996430026
0.5132806266483385
2.2450430278404383
0.003189652066794224
4.615974942906178
2.0768258592433995
0.5436708360502962
1.0437285168736707
0.13255176485108677
1.7564766320138006
1.0012666379188886
0.19250119250500575
2.040202444564784
0.6495847421174403
0.307262524831458
1.580316540566855
0.30639933540078346
0.7448380854621064
0.11002910901152063
0.12106059810321312
0.18584882233699318
0.0749254716647556
0.3729507080570329
8.13055248343153
0.09911103967169765
0.024219571743742563
1.1148548987403046
0.012157482065958902
0.0436379351594951
0.06067967659328133
2.175227630272275
0.11756246225559153
0.31324983370723203
1.2123849267372862
0.36672535091929603
1.0959836622932926
3.5160812598187476
3.1759679834649432
0.15758031012956053
2.156663163768826
0.3677215595089365
0.19276542695297394
0.5128137019783026
1.7250279727886664
0.2511557488614926
1.140190017016721
0.030379774500033818
0.18284126905200537
1.1192021604947513
1.497924584808061
2.0991624177841004
0.45428348568384536
0.744257182785077
0.0919541533512529
0.22876475534576457
0.8448591000778833
0.4806400731031317
1.0577680409769528
0.11081114479748067
0.4512422734987922
0.1675144624314271
0.6597321875888156
2.4517866074020276
1.3304387409880292
2.0853835699963383
1.8690876245236723
2.208904195926152
0.07447638141456991
1.3518079007189954
0.2783220908168005
0.8222327478433726
0.21688385684683453
0.06534286087844521
0.7445336934761144
0.5408782049780712
1.4033920840593055
0.351142713916488
2.500762699288316
0.10102584284322802
0.17600432605831884
0.5776148491713684
0.9752805635507684
0.6248267149057938
0.3447121158678783
0.2984891541127581
0.14974107453599572
0.8674009716196451
0.538762478492572
0.9119168112956686
3.679566305858316
1.922606638079742
1.5631734661001246
5.466857436316786
0.7335937220195774
1.3148513762571383
4.36588936226326
0.06347427306172904
1.200852476307773
1.3918707438133424
2.8497785569779808
0.36009112490864936
2.842454212877783
0.052501799465972
0.022035590212908573
0.2762415215256624
0.19464664172846824
0.18937995115993544
0.905746132339118
0.01200084330048412
0.4999310547573259
1.2578780521580484
3.556774814729579
1.1619172906939639
0.7322511379607022
2.4998446489044
0.3522857940697577
0.24715060004382394
0.05829522106796503
0.3929552090121433
4.3537643862946425
1.0420963782235049
0.7338775022362825
0.4264787610154599
0.24513313657371327
5.256075126046198
0.6265618953038938
2.4327126238058554
0.018524078172049485
0.7022317796654534
1.587166980287293
0.9581792958633741
0.2428682532045059
4.341280233275029
3.7325420577835757
2.6152779577678302
1.4757298062177142
0.10252386498905253
0.5306630789709743
0.0918877430667635
0.22208913584472612
1.2910264358361019
0.09223272124654613
0.8707431098591769
0.9431016969319899
0.14407220367866103
1.1956455113686388
0.08810299278411549
1.76853427986498
0.4916445259732427
1.3928425513004186
0.32529561323462985
1.0404589531681268
5.48010971788608
0.8885403524909634
2.8462214413739275
4.592591599779553
0.8576021637272788
1.6599101885949494
1.291057967406232
2.9059718777571106
0.18720985695836134
0.30457707750611007
0.4795539662009105
0.5562319538294105
1.6079587567219278
1.9975308532011695
3.0485480163333705
0.18578132899710909
1.3655612020083936
2.8641128707531607
0.8707656594051514
0.08748358149023261
3.852716439330834
0.49547222920227796
0.9668824835534906
0.33659562225511763
0.7118359872547444
1.0790723456884734
1.4923342739784857
0.3538161324104294
0.5483975044626277
3.79964039423794
0.43372244166675955
1.2669342444860376
0.0340019596478669
0.029412946998490952
1.0573272331093904
0.12192556139780208
0.09024475268961396
6.628478644852294
1.1733297402824974
0.4235830669495044
0.8542362709558802
0.09743991287541576
5.316696623980533
1.2486538260418456
0.9937634400848765
0.27563921334513
3.117876735428581
3.7049325141560985
0.17024646025674883
0.46023838843393605
4.486661392671522
3.633165679886588
3.1829790922784014
0.18390104823629372
0.934716322037275
5.935500751424115
2.0286155053181574
2.0989675664313836
0.9370930932636838
2.0700605884485412
0.7550248185871169
0.39449577337654773
0.01634326526254881
0.46939132537227124
0.8694118372513913
0.5230417142302031
0.7929678522777976
3.196829982116469
0.6464581295003882
0.49512019734538626
1.9764013749954756
2.895272457652027
1.5209823936747853
0.40280969910963904
0.4161153696477413
0.812696681721718
0.8911743319622474
1.8071779425954446
5.385133945645066
2.2261733151535736
0.03919410251546651
7.4543958431022475
1.171562556817662
2.3428710835287347
1.4999168298381846
1.5164491863688454
0.13002875228994526
4.287788967121742
3.0042679594043875
1.6165331730007892
2.4120186294749146
1.1175096425868105
1.9285808092245134
0.2849578809837112
1.7398624099296285
0.4657670761080226
1.4794683354266454
0.2929334725631634
0.27963767513574567
0.15549171081511304
0.22960206009156536
0.46004663094936404
0.4277649755968014
0.10750179160095286
0.5939394672168419
0.5889937167230528
0.15511657198658213
0.9783163085812703
0.18241741073143203
0.22307885730697308
1.611494597280398
2.0774240177561296
2.075109206009074
0.2731043785897782
0.3765976592840161
1.4008396479621297
0.08146320001105778
0.20832300926849712
4.373582575775799
8.010730398105807
0.23015037542791106
0.3393855842296034
0.9932637281235657
1.0672607142478228
2.393335131026106
0.39745482450234704
0.49348241223196965
0.9657553900469793
3.46390342740051
1.1232734480581712
0.008520091301761568
1.47817263386969
0.2729408659506589
0.7313114504795521
0.5959504232159816
0.2784506747411797
0.9493523837882094
0.5645886650454486
1.0232254277798347
1.0991689622605918
1.555726475038682
0.11008103235508315
0.08273257357359398
0.5073169993120246
2.2918977248627925
1.6227778822067194
3.301357395830564
0.7268544642138295
0.048664378497051075
0.8956890780682443
3.0518087955133524
0.6680184935830766
1.5262042353278957
1.7938561517221387
2.59884681442054
0.057868801304721273
0.08237168952473439
2.3504111809743335
4.293213353055762
0.841132107147132
1.0156266435224097
1.1533393924182747
0.6448236487485701
1.3790684882114874
0.18106141580210533
0.8156536075548502
0.6185061641735956
0.46301917983510066
2.1724113664822653
0.661035244454979
4.5516231345100095
0.3482035025663208
0.11526644788682461
0.5913300406100461
3.4017470668186434
2.5714771130442386
0.3605266153172124
0.3833945067890454
1.9811990251764655
5.409181438488304
1.5109331183921313
2.20041539358499
0.7724488111125538
1.0977882300066995
1.2331685310200555
0.8955038145213621
0.1574941205471987
0.5781660409702454
1.841400617864565
0.5487426753388718
0.500819172069896
1.8287170390976826
1.0250894386990694
3.740759925218299
0.25907427485799417
2.007173020072514
0.1318690487096319
0.14283827276085503
1.2368375130317872
0.20982604549499229
0.35285832319641486
0.32469113133265637
0.3574210398073774
0.8797292294475483
1.1148378309153486
0.7653296427597525
1.6754972172057023
0.6447163168049883
0.5663372240305762
5.473320077173412
1.5960205784795107
0.5263060280267382
1.8924375360220438
3.404423737563775
0.052515166156808846
0.026663655968150124
1.4585383088997332
2.404839269220247
1.1452572545676958
0.6923084838490468
0.35344857750169467
0.1811293695209315
0.4353801459801616
1.2774314717535162
0.2193678619514685
0.19528709595033433
0.14205677022982854
0.0617495198675897
1.7322709509753622
0.2986585435719462
0.4893684003618546
0.01660270753200166
0.07662873147637583
0.591833329614019
2.970881010798621
0.6841520400193986
1.004727047708002
0.9375687448919052
0.2651621775148669
2.0260867769102333
0.4808052433800185
0.2187556559802033
1.3682324112014612
1.2980669629905606
4.76360280541121
0.4336160115635721
0.05453197921451647
2.190094773817691
0.4164464219502406
2.5931163962668506
0.7132785317953676
1.0635877686872846
4.880804109052406
0.2979528401774587
0.4919119336118456
0.4523745105252601
1.4688413446419872
0.06092223568703048
0.604552232340211
2.4079972514300607
1.4440415436256444
0.30872890682076104
2.738777665566886
0.06358419441676233
0.08891326271987054
2.317582389936433
0.27955481874232646
0.39364182551798876
0.9284987974097021
1.777144803883857
0.1706171986879781
0.4787646122131264
0.2993860017013503
0.8299086931365309
5.440148616762599
0.6560601843812037
1.761645264690742
0.9951437547715614
1.9582103876018664
0.1540920577244833
0.006287196432822384
1.2513036648306297
0.23847603119793348
1.772304353027721
0.49889359511143994
0.8883867790718796
0.3077336450951407
1.385069908996229
1.3112404083221918
0.7333875332260504
1.4016312500607455
0.4888948842562968
0.338308697741013
1.0465880609554006
0.2529368691757554
0.028587146822246723
0.021770080435089767
2.108233343111351
1.1167146013031015
0.14614641037769616
0.39214620598067995
0.33199290350603405
1.2039402322552633
0.5085580700397259
0.7535435650061117
0.040790209925035015
0.7672741775750183
0.8846625257283449
0.21993193434900604
0.02950043129385449
0.05836375728540588
1.1332498798437882
0.6811541660281364
0.017791189326089807
1.9121419115253957
3.892765921395039
0.988159372456721
0.8022428966651205
0.5550924728886457
2.17265370899986
0.9762183618004201
0.2938647322007455
1.447858074621763
1.0230574114975752
4.362567706237314
3.660508999673766
2.5294171730492963
0.047913378264638595
0.4388083084631944
0.04971011834277306
2.108315031073289
0.4157676047470886
0.1436486841266742
1.0408196688513272
0.4367673080705572
0.6890696594200563
2.384016544892802
0.2127516412147088
0.43925303242576774
0.5048986600741046
1.1179834916256368
0.4217658673878759
0.39635343273403123
0.04903984340489842
0.06395856753806584
2.365704020645353
1.1536695631075418
1.2578658164129592
1.2687761211855104
1.433594571382855
2.492153939223499
2.151281018203008
0.04273776306945365
0.7726700931525556
2.3301150830084225
4.754081649400177
0.7531588792480761
3.0446999060659437
1.516826192557346
0.3297038647579029
0.906602812858182
1.3643119944899809
1.9463386570423609
0.19851218805706594
1.2375354594405508
0.45489387211273424
0.21859098349523265
1.6137537367030745
0.9504270500037819
2.9142246902629267
0.5207180749421241
0.4764660478249425
0.1697377101663733
0.44968059213715605
2.468565716582816
0.2310349258768838
0.8170768940035487
0.4931066622666549
1.419965762863285
0.4219865369523177
0.9968048981536413
0.8939200507447822
2.5831619852688164
1.247145676665241
4.325678503126255
0.516276931957691
1.7887692902731942
1.0966400599718327
1.0399985870026285
0.4745081360451877
1.7048901921807555
0.349266668810742
0.4923581535258563
2.4459161497070454
0.0871157702349592
0.5486889235326089
11.363623599900166
1.6451258245942881
0.42401106769102626
0.5017961256380659
0.04872935762978159
1.0993515700101852
0.2656595564476447
0.1387786236446118
0.6075656620814698
10.04523657503887
0.9004402901482536
0.271561487854342
1.7511577959521674
1.3433159859851003
0.004786154662724584
0.29083321506914217
0.8605834739573766
0.6534735833993182
2.105889043523348
0.615945549114258
0.6487665730237495
0.6688227347767679
2.253399734836421
4.379360694205388
1.076020537497243
1.896743488352513
1.2681982762151165
0.034570950374472886
2.7617621277167927
10.489102277118945
0.1955050826218212
0.33268682268681005
0.03306684808922
0.26403108052909374
0.07530512833909597
2.338258461211808
3.464271524717333
0.06270168586343061
1.8075686810479965
0.08131251019949559
0.03869665472302586
3.323728508941713
0.24448266041872557
0.5826283817441436
0.6436984348256374
0.33096147059404757
0.42146194832457695
7.262435636497685
2.1025695960852318
3.4426173919346184
1.8142495227075415
0.11957540296134539
1.2732899110851577
0.9533683002664475
0.3813575739332009
0.5729587481328053
1.1009341933240648
4.138624586514197
0.14429984836897347
0.2128390053694602
0.8110563320369693
1.1647171741788043
3.556878406641772
3.6473143914481625
1.4474019557674183
2.8834245340985944
1.9137045354873408
0.0983050684153568
0.0816943348327186
0.32516234841023106
0.06653187432675622
3.2721952052379493
0.017569623756571673
0.4562636042101076
0.5107554246205837
0.5635355074336985
0.03851823518925812
0.5982983592257369
1.4941292005532887
1.9196537267998792
0.4511292783136014
0.7825032449618448
0.8152022427966585
0.810547964181751
1.885623694601236
1.5111763989261817
0.15771754611341748
0.30892115908500273
0.003293550602393225
4.279512568202335
0.462287630449282
3.0633188039646484
1.5012391579075484
0.1413514802698046
0.37966908849193715
0.20967603972530924
0.6961191342124948
0.9991661476960871
0.08865171553043183
0.033504193677799776
1.2614756561088143
0.5419843579438748
0.5690866216027644
1.2934644733322784
1.8563306216092315
0.3057749920117203
0.26805865425558295
0.2561548852972919
0.023261973168700933
4.907634141665767
0.47840271776658483
0.4443030770344194
2.1668026601109887
0.19366090136463754
1.3723142587841721
0.06615129199053627
0.1663551258679945
0.34887031649122946
0.48764994443627074
0.3566272567404667
2.552427986593102
0.016693143101292662
0.4032152056606719
0.5064466456678929
0.5303715569898486
2.099017595028272
0.5975223180139437
0.13925413355173077
0.8705077312915819
0.5102286427136278
1.2225678827962838
0.37130959724891
0.0783927058801055
0.5960075417970074
0.22977888060268015
0.3701079318707343
6.067082307010423
2.541760283857002
0.050640819274121895
3.242634831913165
0.20936994462681469
0.18595102918334305
0.07776025691418909
0.3248655304487329
9.816777555082808
0.9487071944167838
0.42762869865691755
1.1928789173980476
1.71136260961066
0.1672844140412053
0.5064719521178631
1.881871625155327
0.19984153936093207
0.4403136221662862
0.7995792068977607
0.6073965997202322
1.8077427376265405
0.4680456630012486
2.374959986846079
0.11358941103389952
0.46701870049582794
4.697010867253994
0.17249679400993045
0.5469895610585809
0.2648682746657869
1.0233076893782709
1.0437349035782972
0.6770951160870027
1.3721553513751132
1.2381912610435393
0.8263829320203513
0.471096121968003
0.07612086889275815
2.5051528753101593
6.910289706400363
0.5815383810404455
1.935253222094616
0.47193111026717816
0.888094373367494
2.864689940455719
2.7220401579106692
0.0022433317644754425
0.39663979977194685
0.7821122167515568
0.6950773765856866
0.20260752785543445
0.5122999286977574
0.0111058393958956
0.340072088787565
1.7900434948678594
2.8221023916412378
1.1964178329217248
0.7329339727002662
0.10133726686763112
2.250334568976541
4.64741636942199
2.060568738001166
0.22184088245558087
1.1549240119056776
5.800562112752232
0.6090659469628008
2.719978315421031
3.168236131677986
0.32041642160038464
1.3216651292750612
3.9347949127404718
3.142360849058605
0.32542371460294817
0.1323326541169081
0.120445232882048
4.7692212853289675
0.2965032661159057
0.07456822073436342
1.309602442124742
0.6752044962049695
0.13306918933812995
3.1546126572357025
2.0332146000582725
3.2031171056150924
11.841449263854884
3.6699706849467475
4.638127330254065
0.2787458071834408
0.639705887529999
0.4827169652126031
0.09314275678480044
0.4462068121501943
2.679169492534129
1.609634700420429
2.327039510506438
1.2323891753330827
0.01790871491539292
0.8066994075197726
0.3836119879561011
1.7873373284819536
0.09985058273014147
0.5706206800969085
0.2420632917783223
0.08753172318392899
5.992692708474351
0.8313486306142295
0.4266187983157579
0.13009325406164862
1.3478203181148274
0.16661371654481627
0.13832055994134862
0.16857605551194865
4.632383789328742
0.4875883853965206
3.3735614996403456
0.0813909506687196
1.3135698428668547
2.856496991124004
0.653177785265143
0.6123650257795816
2.0792780970805325
2.3178393381094793
1.8210737510380568
1.6802612499741372
0.030039600242162123
1.0435176109604072
1.0236187692498788
0.7621943387930514
0.5770648820034694
0.7730218447686639
0.22222737132688053
1.0536242290545488
9.736855138282408
0.7199622742045904
0.9445791540638311
0.42416178168787155
0.176757320863544
1.2979941995581612
1.4474051994038746
0.19473599740013015
0.8044273184932536
0.9780309518100694
8.306903322983999
8.78538023053261
0.9956170905352337
0.7320003640343202
7.713244742262759
3.8911061375692952
0.3023360702791251
0.2515775477513671
4.259579934834619
0.5185253968666075
0.12008716155833099
1.2737329942319775
2.8587632062117336
0.5429923962510657
0.1065109688352095
1.4365444831491914
1.0808338763017673
0.6568743559619179
1.1516171689290786
0.33741949663090054
0.5830130475806072
0.13428230729186907
1.9707531760504935
0.09532617776130792
15.71386757599248
0.7453512859938201
1.9010961235471768
0.05493664156529121
12.624532220870606
0.8434672515431885
0.24687678407644853
2.261422111201682
4.113395837062853
2.30829238302249
2.0853963656554697
1.404107754919096
0.27716053639596794
0.9842057740024757
0.023335809775744565
0.9475870780588593
3.43412147226627
10.059261936257826
3.2332209853630047
0.08625231347105
2.318643828839413
0.800275959976716
0.5745059937398764
0.5540053797303699
0.49969458411214873
0.6197280039341422
1.1084496620023856
2.252043942717137
2.886053669528337
1.9546271558356239
1.0868864016665611
1.5415166075836169
0.2682014237798285
1.62917140458012
0.36907973140478134
0.2127909564442234
1.01808677749068
0.13573465624358505
6.787211382179521
2.0294511703395983
0.2888467328157276
0.19876517260854598
0.6552840387448668
0.14094763543107547
0.5098182771762367
0.964916301498306
1.2220580695284298
4.525598362452001
5.17708953480178
0.38777217602182645
0.3782413184235338
1.1298790355067467
4.744145743068657
0.7820934040937573
1.331623335601762
1.6114422534737969
0.16799385531339794
1.8164248289976967
0.27566323295468464
0.7679991731711198
0.018718768827966414
0.1523667780274991
1.2906660769804148
1.5207026765856426
1.2039787770045223
0.28642960080469493
4.967511307710083
0.7345456332259346
3.7382618215633556
0.6470682894578204
1.0971420328132808
0.9893724593857769
0.7692626276839292
0.3498263837827835
1.4205234645633027
2.81579975533532
0.5158209856745088
0.37252172677835915
3.242757066778722
0.37634715394233353
0.32853896531742066
3.1117503802961437
0.4263077194773359
0.8041748424293473
1.6873785509669688
1.134621138422517
5.224297734966967
0.6802174196200212
2.7649889891181374
0.18008235484012403
5.313992492549005
1.0076007190655218
0.2790412809845293
0.5195853340264875
1.5042910485208267
0.8389791781519307
0.7846102749463171
0.0277758641022956
0.7380123073526192
0.2683689436817076
1.8227822234475752
6.902933617588133
8.489542450755835
0.7036846812843578
1.2223575846874155
2.1318314433883643
0.45476343428890686
0.07688985377899371
1.1992304181912914
3.768633158157172
1.964355447445996
0.9036477287882008
1.3677007794904057
0.46750914395670407
0.08782661224540789
0.16175942154950462
1.4927976258040871
0.07601506833452731
0.2914646492281463
0.9615823963977164
1.4333237905520946
1.930180687471875
4.9124389006901765
1.5579808094335021
0.24305420347081963
0.00772461605083663
0.6985945490887389
0.19654049594828393
5.535040452683461
1.7494133849831996
5.773633127624635
0.7733816062827827
0.08804945627343841
0.898951184382895
1.695935045630904
0.5803069723915542
1.003561215591617
1.01659055291384
14.406115323014092
1.5082890715711983
0.36244979132607114
0.31427624564094003
0.5371724506694591
0.2775701317732455
0.4618832952546654
1.0503859886375722
1.0347624873829773
1.0316975341847865
0.9453680855222046
0.7437396871100646
0.9022359736845829
0.4706093819113448
2.2262027267715894
0.5307941691862652
3.232065707721631
0.08334305863536429
3.3802354704093887
0.5079336685012095
1.2050530019041616
0.05478270145249553
0.04181409296870697
0.4368314534658566
0.2628420222608838
0.29323334382206667
2.019515185209457
1.3735685719148023
1.975009851390496
1.56982578051975
0.03067203253158368
1.2883886557247024
0.07499211581307463
0.028166408999823034
2.088515558440122
0.29279846740246285
1.2278404712415067
0.5424250866053626
0.0712667808693368
0.3986716075305594
0.57409904927772
0.16929453871853184
0.123623685532948
1.6135122960986337
0.6367915396112949
0.6836181971011683
0.3158120458101621
0.5704587294894736
0.06233779797912575
0.6768172229931224
6.355211086716736
1.7236246858083177
0.4666078312002355
0.6165314182144357
4.102033800343634
0.2851195918483427
0.7433426825446077
0.9901108002813999
1.2660727876791498
0.2809516210400034
0.005726316318032332
0.8007660562143428
0.7441896072268719
0.5206870276160771
0.2905280441773357
1.4367616267263656
1.6999094605416758
0.3258723640756216
0.6271213879954303
0.07737174631620292
2.42739782728313
0.5920001882477663
4.267909000220243
0.8891397776606027
0.06709577748551965
0.4678182808274869
1.8010537672089413
2.422884702347801
0.5800994651362998
2.9423527317121625
3.2039738798775943
1.2089511080557713
0.34893127730174456
1.1676206060947152
0.1627151589782443
1.1450182550033787
1.9861417215579422
1.9477466588432435
1.5702557014737977
0.9980769006215269
0.11091685593419243
0.557102587481495
1.4888248716597445
0.07831997715402395
4.110432939836755
1.575628711070749
0.5500299083505524
0.7898731428576866
0.5428489204059588
0.7964633735391544
0.648719820092083
1.313413963856874
0.8966156435781159
1.9092508753819857
0.7081579059304204
1.352310855378164
0.6015221146662952
0.062206714777857997
0.5109099146502558
0.15358519658911973
0.8969471858581528
0.6957550361985341
9.63216892546916
0.32075968947901856
4.003090950893238
0.9572082120139385
0.15335062799567822
0.7283178389916429
2.251688357355306
0.17888160875008907
1.7370247418730287
0.005755454287282191
0.033578597285668366
0.5052092540863669
0.06524411725695245
3.2909695348498644
0.7466898193815723
0.29668659035814926
0.5040074513526633
1.0366314375860384
7.674045525534893
2.955320768916863
1.2966288022580557
2.8510082067223266
1.8806288606429007
1.302222000711481
1.0245509023370687
1.7049071049041231
2.9360572898876853
0.4845268987410236
1.2034443369193468
2.39047678001225
0.5191310612863163
0.17872436628385913
0.9628405290713999
0.24113229176145978
0.3530594504700275
0.05112485964491498
0.2609272857080214
0.04890566579706501
0.7073558789852541
0.20057683644699864
0.13216913351789117
0.6943412482069107
0.5039661048067501
0.1502168956794776
3.3854485889314674
1.93781540056807
0.3296856816596119
0.8638291435636347
0.19719103710667696
0.04219968704273924
0.8004263343318598
0.5556072089530062
0.4005406463256804
0.4481646172789624
0.9736520409496734
16.316859026046586
0.25040310152689926
0.058240712562110275
0.30558622130774893
1.5832188237836817
0.8468672922463156
1.5145641059207264
2.2267034396209056
0.8989033854013542
0.43435749372292776
0.3236577625211794
1.518197981029516
0.5239044569607358
0.08934863668400794
2.2531650402088417
0.11229796672705561
1.3609539211902302
0.5893165382149164
7.843694754119497
0.18561736792617012
2.030025218598894
0.01915372465737164
1.155731694510905
0.05389816551178228
0.9019578272855142
0.2034222741785925
0.8253506676992401
0.09516576632449869
2.2750905429566046
0.7426294901379151
2.4045946505793836
0.26039029280946124
1.0041048919665627
1.0073295368201798
0.6298885398282437
8.914155687045422
0.8311826304561691
1.0955608458607458
0.5231027757254196
3.2456562423467403
0.31318232440389693
1.5618143988831434
0.3329120308335405
4.249326821736759
0.10845274127495941
4.0483331799914595
0.12067453023337293
2.2067684790235944
0.6238122240029043
0.023633082208107226
1.4938771100569284
0.4471054268797161
2.085036287942785
0.013029190711677074
0.4422575516218785
1.1440191885776585
1.7963056152366335
2.4279795470647514
1.7543565235973801
2.685480892600026
0.6516004375298508
1.9732119995023822
1.8736889876017813
0.6023981093603652
1.1033004857017659
0.43110806155891623
0.09142005415924359
0.07333934503549244
0.9653646890219534
3.0356227306619985
0.30283074780891184
3.5563406675646547
1.3522705864452291
0.3012636232742807
0.28756835432432126
0.20193351806665305
0.44414192358090077
0.4090027992933756
0.06586150857037865
1.512956907521584
1.331836374476552
2.2704683065821882
0.28556268983811606
0.01495352057099808
0.025235009496100247
0.33035902414121665
0.7373255344427889
0.4155541223153705
1.3255136509833392
0.04230379943328444
0.11728811016655527
0.5902765614300733
0.6516951845551375
0.7767023033084115
0.20290905378351454
0.7793294904549839
9.704124999116175
0.3916085828532232
0.4131070777657442
1.0541226391796954
2.0239300079119857
0.7012552752275951
0.8757598597585456
0.1903424514166545
2.0263975652924273
0.9189028795808554
1.0307083856023382
1.537600257259328
0.9172860372927971
1.1546520605916157
1.5159316526260227
0.21287722229317296
1.5752258830470964
0.07619426229211967
0.18086505751125515
1.6839482433715602
1.033893055820954
1.1010867223958485
0.3085269876901293
2.0253450216259807
0.5071838937728899
3.158447664231062
0.45514187311346177
0.829997066713986
7.077349610510282
1.3281191157439025
0.8182653414114611
0.33605740769417025
0.8639521974546369
0.07478394190547988
2.8235314576450037
0.03495194726565387
0.45399178536899853
0.17669887126248796
0.2606418210634729
1.1501869395724498
0.09417366499837954
1.746120803974918
0.027865271156770177
3.6728494945709826
3.26169550792838
2.764733412215719
2.9184497594687855
1.9251231440139236
0.07359894765249919
2.6289825006970204
1.1902301914815325
1.5959974938014057
1.3016191269707633
0.15477056308009196
0.9869960054638796
0.4760289734986145
0.4345426914951531
0.37591787773999386
0.09333744988543913
13.29927019382012
1.335226925482857
0.11998056279844604
0.6250280620297417
4.242025423242012
1.5609429865435231
1.032437035246403
0.524518653342966
0.12268695514649153
0.4556925728684291
0.37939333126996644
0.36699102562852204
0.2883752763591474
0.273957379089552
1.7393934467399959
0.029612401413032785
1.645409120246768
0.7348026328108972
0.6506590813078219
0.2880470618547406
0.8561804304190446
1.0602664333273424
1.2943958958494477
1.7038924828375457
0.2455764575570356
0.13729349014465697
0.19957890997466166
0.8389735337259481
0.2672788946510991
4.399581851990661
0.9008118006313452
0.5827975942374906
0.1077371223072987
0.27486120916728396
1.5661642353225034
0.5464421321084956
0.776243953674566
1.506907298884471
0.4277245861303527
0.12664358294568956
0.9057530499558197
7.34206717563211
0.8636523613822646
0.71652296333923
0.6801952194364276
0.2993179948098259
1.637164064857643
1.3129837857413804
2.052727112080902
2.352711767918663
0.5167845324758673
0.6344885633006925
3.7202976767875953
1.6786825743620284
0.19110345291846897
1.6113012005662313
0.40287116168474313
0.3610935901233461
0.48459780591656454
0.027290937228826806
0.06826200646173675
1.224487010127632
2.2729292478470597
0.7559142095124116
0.2296630707132863
6.610113834802178
0.43541998123691883
0.1579137251683278
0.7934815770713612
0.494649998829118
2.121148747159168
0.9029458456061548
0.1975819512445014
0.2862296861130744
0.487824051262578
0.3501086638716515
0.45112069603055716
3.135848937483388
1.107484869309701
6.050436638863175
3.0595366659545107
1.043542745130253
2.3362383769417647
1.6218997530813795
2.4957950029638596
0.7858548779768171
0.7599828041711589
0.15483438558294438
0.45731330396665726
0.23255508783040568
0.22487623177585192
4.097911838340224
8.031537678805762
0.14675434250966646
0.6047528575873002
0.5867987569508841
0.19279533723602071
0.5056363087642239
0.8960933408961864
0.011028373730368912
0.4608054236014141
1.3622201778489398
0.8025418051256565
1.8662627547164448
0.17537005072517786
0.8140165759687079
0.21360058545542415
0.5629793258267455
0.46326524671167135
2.5901412850653287
2.0956933348061284
0.058824756895774044
0.0427794303977862
1.9186788482911652
0.3536565673130099
6.79617086010694
3.156831500469707
3.0281858537346125
3.6271384818828665
0.9724713457981125
0.3533154228935018
0.11458800249965861
0.33510745462263003
3.0740977871901123
0.2629135655151913
0.25099563841649797
1.4496359170152573
0.5983613840944599
0.8044610844808631
0.6101387783710379
1.1178378853946924
0.10684995281917509
5.89846486330498
0.29168831344577484
2.5607224173581926
0.4331702625640901
1.2016239441436483
0.4936089441180229
0.3634789138886845
4.3273071473959135
2.6820313015778083
0.8619343492027838
5.5233628944261
4.648974429743248
3.7660086063406197
0.14727789630705956
0.8231634885305539
4.423794872927829
0.8871737551817205
0.045498060309910215
1.1024379979935475
1.431251819463796
0.30029194643429946
2.385160987469135
3.0025059580802917
0.769303922454128
0.09522790576738771
3.351269159466028
0.7827232186682522
0.05561424346524291
0.2008894731698092
1.9911256561172195
0.9259624813130358
5.253224547574064
2.28176489994803
0.11875961236364674
0.778937719122041
1.970927692920668
0.3935797593439929
0.5089241948007839
0.14093557906744536
0.48509664039011113
0.23407343722647056
2.323239396486315
2.4962389258871553
0.18142632876697462
1.938551677914802
0.15493645316746552
1.5672069959982764
0.08488006428524386
1.8883932434400776
0.10827676439657807
3.2517454756452935
1.4603062494425103
0.05215764949389268
2.296094670324237
4.048238777570077
0.19708882323175203
0.06031261161842849
0.361350162565941
0.2687262383115012
0.7447103670565411
0.5059996599593433
0.6080679348233389
0.4245577401452465
0.8993438031029655
0.3607423506327905
0.06073451590782497
0.008822619085549377
0.6623576362035237
0.8970506306941388
0.29680806034593843
0.7295790502830641
0.2946044060809072
0.007514626151532866
1.323104716357193
0.26241656865749974
0.1129871156590525
2.9646314753044862
1.8985419432428898
0.09860718325944617
1.4634721399197588
0.34108325895795133
1.1615080615592888
0.6661173768952722
0.7746817699226085
1.724977912264876
0.07797958445735276
0.5895053255517269
1.6003002311481396
0.02914763116859831
0.11273701082973275
0.21829907059145626
0.12450900420662947
0.35184371411742177
2.472380779319792
0.37835519934014883
1.7345009308919543
2.2954417398868827
1.2035410767275607
1.0706004236126319
9.173909178192844
4.678725454650703
1.3284379065589746
0.273664665146498
0.28245346718176734
0.6105178954603616
0.3310235264507355
0.36967304871359374
0.3480514939146815
8.746671351924306
4.269198913694709
1.8184928304253845
1.0159661401121411
0.09411025761801284
0.14952341068419628
1.345886256560334
0.8560421549336752
0.22560838914068881
5.814118346694158
0.4273160604207078
2.2371790254546795
0.010447440799907781
0.18368595582433045
1.5061739509983454
3.3536876565922284
0.43418551597278565
0.2452460076310672
3.6879554144543363
0.023011751181911677
0.38099668227368966
1.3247303204116179
0.36376120743807405
0.5400611302902689
2.03184375714045
4.263655122456839
3.4369796389946714
0.11854025795764755
0.2640656606236007
0.30696397727297153
0.14422841774648987
1.5240413570572855
0.5208581650513224
1.715297655769973
0.0527731210750062
3.5391752632858697
2.4365556446282426
0.8485601416468853
0.09433129023818765
2.1154162592138164
0.1802854268316878
0.0937425496376818
0.21230865646793973
2.3819389748678077
3.6064172408659942
0.8720362593157915
2.577124330258812
0.2963504084473243
9.286234227009118
1.5408073485450586
1.2084854439744959
0.7576294378231978
2.1251344352494925
0.5710917206597514
0.6262060684821336
4.370172017472214
0.4206510167568922
0.41119801203603856
1.189304132349207
0.012491023051552474
1.2094974002829986
1.617286606968264
0.0754686242871685
6.1053996899863705
0.706561001992668
0.8430921955005033
2.9954671982559375
1.1536376079602633
0.16843317695020232
2.366996896205819
4.585117869835813
9.278115089633502
0.9999740661733085
1.1958172317536082
1.1457667223294266
2.484512852373882
10.209169688547263
6.1738629136089
0.541034196226974
0.9295310134039028
1.7935711244790582
0.1871254296420375
1.6746156692970544
0.20558266718580853
1.1550395280210068
7.594960847651237
1.3771402566198958
0.4887541799544124
1.2440160953701707
3.920503005341743
0.556529052904807
0.6266721916763345
0.1678554289683234
0.8740726207906846
1.5248903639876517
1.1055354752897983
4.619926760497037
0.355167835514294
0.8760996088094544
0.7083841552230297
0.137379756597511
1.2718334950332064
0.6371818293409888
0.8715962172864238
1.6979217390908161
0.3622717221005587
3.147995055143838
1.0594842872960726
10.687762011904852
2.912077098939335
2.167772695698659
1.0683670850121416
0.8232505763735389
1.6246738173795165
0.13415122873266228
0.6616574591753306
0.25161203792958986
0.20429936880827881
1.8959301950526424
3.548515278380364
0.1193154992943164
0.2039584068406839
3.1565488364285557
1.3646035466517787
0.5629313556128182
4.746160887807491
4.48133595805848
0.9172296480974182
0.29834221152123064
0.33876825717743486
0.7133767579653068
0.19435403471288737
0.5801066377025563
1.1790426149382256
3.362025771610206
0.1618088445829926
0.057472205386147834
0.6370851099636639
0.3637907286029076
1.8276798350561876
1.613205843110336
2.3365060443175025
1.3610474400920793
0.08063255944580305
0.06410916977620218
1.6925682967848843
0.9717762840009527
1.080364187626401
1.985850427983678
8.229156741916086
2.9985790204664227
0.6047478241525823
0.45731984089070465
1.1649790566880256
0.7242153093538946
1.436361362793832
0.532940907185548
0.7427640590904048
1.3610060520732077
0.4826917420432437
0.8185015104681952
0.1724195997667266
0.12649322510696948
1.3656337066058768
0.42521755349298473
0.09321505863044877
2.419124250576715
0.030810143405687995
1.9125885709217982
0.7504745912592625
1.9922193464299198
0.278055230184691
0.6814492583071114
0.0989834991923999
0.34197632397990674
0.014494039816781878
2.2000517634733114
2.230532028945163
0.8642467708705226
0.3233966994594084
0.06315526794060133
0.42418202887347434
0.7715023450582521
5.120343175949529
0.04156476818025112
2.7473623526311712
1.5109951150079723
1.7388530694879591
0.8003860154130962
1.342552139016334
1.260988809648552
1.133096837962512
0.9988109430851182
0.9666167038813
1.20895796197874
3.455890537923551
0.013395274101640098
0.7243261680123396
0.18724477285286412
0.9828962366300402
4.335697964881547
0.16810670867562294
0.5889507856627461
0.26333461004833225
0.28388351829198655
0.6323480726132402
1.035369410936255
1.2183931726758601
0.5314588686742354
0.21375283165252768
0.15979554571094923
0.16217121956287883
2.302672997888294
0.024808632908388972
0.11361863357888069
0.9459958245715825
0.9476086544891587
0.17148645140696317
0.8499759374244604
0.4818456267094007
1.6674551213072846
2.0121312764531467
0.3748181910486892
0.10049844914465211
0.4836431896255817
0.4499060815287521
1.3921285386022646
5.205223014956573
0.504478874761844
1.5187919049931224
0.38666753328288905
0.985501725866925
0.6656775583542185
1.8358802843431477
3.879178018280072
0.4111085671465844
1.024294770511915
1.0989457287214464
0.039436388105968945
0.23433028504950926
1.0027781115786638
0.7786487036210019
1.0561184468242573
0.11471669198363088
1.316781062298105
0.13831267683417536
0.722263601681334
3.652414982250775
1.296125951615977
3.605101008855854
0.17950019855925348
0.17148465759237297
2.1256827986217104
3.521811775601236
1.6323138273874065
0.63669413907337
0.2754685788822826
0.5605885117402067
1.611272562702652
2.4289972403785214
0.3327059789589839
1.413601727457717
0.3424954388028709
0.8139397078048205
1.2013070258835796
0.8670399349066429
0.976413393029361
2.967849402310094
0.2575154158839723
0.056137801919248886
3.495572341969819
1.260380093153799
0.3724538569804281
1.7653430945792934
2.0468892573553603
1.1320345619751606
0.1453342078748392
0.5067295836634003
0.29718829070043284
1.8527390675299102
0.6650933675118722
0.39691322296857834
3.1904306243668543
0.9766347847908037
0.46102742945367936
1.9028444341820432
1.781795365808648
0.9486853574926499
5.276401133429317
1.1645417819090653
0.49776865796593484
0.09668508463073522
1.0378816446755081
0.8586715851706685
0.1260641713743098
0.944682664325228
0.6939055776310852
1.713054666572134
0.4122090909659164
0.08388747298158705
0.3286767163663171
1.2016482847247971
1.5869667619408574
0.5328801752184518
0.02808984345756471
0.1650189267093083
0.013499951295671053
0.6380635346285999
2.7407357735355617
1.6064658383693313
1.1236570276378188
17.779741084508714
0.29797970595245715
7.8161507570475806
0.37367229763185605
1.5164798273326596
0.47897368745179847
0.18126548297004774
0.2535278785653645
0.5523952275398187
0.7843149525288027
0.09524707564560231
1.1848187271971256
0.31809889183205087
0.0725198976288084
0.26679725099529605
1.6879786842764588
1.6857793044036953
0.9085565644782037
2.020885840203846
0.5856984364218079
0.5263137161382474
1.6231453391519608
0.45756077399710193
2.6614247412071563
0.5656585326069035
0.3807518616085872
0.9519893410615623
0.47571135066391435
0.6418623861245578
3.2120176601747517
1.1220180821692338
0.6850208084797487
1.9156166794564342
0.8389208443986718
0.8959323750750627
0.2585660591867054
0.7974488556792494
1.6579496212943923
0.8959434775606496
0.9319315849570557
5.3035484037100105
0.1677149130118778
0.5916283126134658
0.3494588240137091
0.1262534746201709
1.1738526057597483
0.4406037126755109
3.472845614218386
4.055392248585122
0.09418108862882946
0.5826870852906723
0.7598755804065149
0.2150809846643824
0.4279930566990515
0.13011673955770675
0.8425965403584996
1.6375797687942395
0.2664685859926976
0.6018552595196525
0.05556150323536713
1.901442836940987
0.8860812464845367
0.2605776240961859
0.18275458135758527
0.16728598202462308
0.2971797890786547
0.2740440179914003
1.8276545414992142
2.1980635891959537
0.24319525843020529
0.3347471193119418
2.4663695016497513
3.511291336501017
0.7538030272116885
1.367914530215785
0.292288721393561
0.6117759054759517
2.237769351384486
1.0696764276217436
0.00852051428228151
0.32387094062869437
1.6005341791169485
0.8383226313162595
1.0734695510036545
0.02040805092838127
0.245090334865381
0.5401785730500706
1.0863158363572438
0.03492987001664005
0.3152053112935391
0.14027935550257098
0.27778077745460905
1.5564077626622748
1.8270916513720294
2.244161590046133
0.2607836867100559
0.20329576783115044
1.399424147894024
1.7051401960779913
0.27806395091465674
5.217214557735133
0.9030260923609603
0.7647556719457498
1.425789797474863
0.5431122769077774
0.12877543925424106
0.020604735298547894
0.09426472241466399
1.1883492650813423
0.11162079209316289
0.11933913308894262
0.013963885765406303
1.4827736758161336
0.3780679615738336
0.9229231718200026
0.05563512281514704
0.35927296977024525
0.8115328679268714
0.6326709087879863
5.860581711152918
1.6855717891157838
1.8587580363673624
0.11838651199650485
4.2711615955486195
1.0423265757854097
2.833172488739365
2.4633083805965725
0.12004662258550525
0.31228622210619505
2.1780035049887374
0.4919437093776651
0.04108183033531532
0.13291838187433314
0.24595892481738701
0.7595588006806793
0.00040463735058438033
0.25402105442481115
1.1493211376509862
0.5448252424102975
1.4221933943917975
3.8065782804915216
1.2098284503881587
2.446752174568246
0.9914571405679453
5.5181175478646765
0.059947482659481466
0.7481519870489137
0.6942366838193266
0.4153316475712927
2.142714124522172
1.1133714420575416
5.590917703113519
0.24504625226836652
0.0015449891798198223
0.07599559923983179
0.2924024327658117
0.8179973820369923
0.7757794577628374
7.606203643968911
1.8531847035337705
0.367372469700058
0.6211622086120769
0.061256862623849884
1.3543495265184902
0.7962694448797265
0.3691140223381808
2.0343283116526436
0.13879368707421236
3.1317761293175863
0.43784362454607617
0.3191502192930784
1.1631202828575624
2.0129358342674095
12.853912722712266
0.48640547940158285
3.580971416682587
0.19967896818707231
1.1547978391172364
0.70169629380689
0.3044008777505951
0.643009547420661
1.6577852566115325
1.0346378897374962
3.4225360149575863
1.274030697371927
2.972019770546467
0.5329084349505138
0.16208763192116749
0.07546130975242704
0.6846983326249756
0.4844491514377296
1.0136077241186285
1.2325363032432506
0.4176627316774102
1.1079948110855184
2.5293688639212633
3.5801703462639125
1.5594438645930495
0.719389492427581
0.7174295348668238
0.8810628289793385
0.002378233926719986
0.9494186987576541
0.4933855119306827
1.0026439780194778
0.07779818959534168
1.1118329109449405
0.25860493152868
1.0276513077114942
1.8020808465225855
0.7214364787068916
0.4823164019471733
0.4434386051289039
1.0848619513853919
3.1555027802241966
11.261226271511987
2.583227691560751
0.55712945968844
0.6869935778086074
3.6783141037158202
0.08985610645322595
0.011486822593724355
1.1507421248097671
9.933999700413551
0.8916865170904202
0.2682834402221488
0.4840010347252246
3.376548606378492
6.920824516870198
1.69776760712557
0.43477199411427137
2.895152780954959
0.9096388933248818
0.46610909719311167
3.655980523210019
0.7541317996219732
1.8258498608774971
0.7286443835764658
1.0825263955775881
1.4052805010578595
0.8604367167135933
0.7056199039943749
0.19236111991631333
1.3914325540245045
1.2390027088258648
4.549968601073488
1.3482239438890247
2.4686944032582687
2.120364473114023
0.12961944556445815
0.42495474059251137
2.7772622185584623
0.0311392939183861
2.0975409649545327
1.512545529534691
0.6968269549397519
0.027634151090751402
3.0427280539734056
1.1892773983709048
1.1446575371664949
0.5363890138687566
11.3338815299212
0.22710060358804185
0.07743016371387057
1.7206092821725179
0.01962189280311577
1.3087295238656225
0.8597694862401113
0.08744932585977949
1.4061243321193615
0.6973762686247937
1.1766350647521904
0.10494478902546689
2.819530590684735
0.10472278874658514
0.24629073703545146
4.595671195056639
0.599382061191136
0.7726988701761002
1.259615726346965
1.567200951903942
4.412549581247731
1.6690476227086037
0.123709594423417
0.20913096889853477
0.889772133610677
1.0830888129130471
0.8407573802396655
4.74179739979445
3.5824719803058542
0.10385623986076098
5.635245363562717
0.3959732558578253
0.12153726026008371
1.2053960703633493
0.8407900295133004
0.24829890209366567
0.1621516544109909
0.2415950872382382
0.014476536714937538
4.252959925725008
4.422124230884947
0.024818931124173105
1.2002967086154968
0.2980290468694875
0.45925177028402686
0.15378376840089913
0.4835681139229564
2.011083171251812
0.4763953874062281
0.5369105446297908
0.5034485056676203
0.5410739896906307
1.3700536969990935
0.41794706338259857
0.012060714914696291
1.2790454019996105
0.6081905236060265
0.20128671423299238
2.410543576334021
0.25452230432711076
0.01758422543935012
0.6296327985910466
5.538986139072222
0.42416841817612294
0.27536471968051046
1.1375880903069628
0.9635434616357088
3.18674036792072
3.023853086968302
1.229327949884464
0.19415155582828447
0.13001286846701987
0.18549238159903325
0.6841547983640339
0.0660838726471411
1.1013344897073694
0.6996764589712257
2.5785316801047884
0.05643655337917153
0.5750443204451585
0.48665758143761195
0.06567593780346215
0.00960393289278727
0.7421677078382345
1.071460597711848
1.4238616144139087
1.3707223663077457
0.5229259627230931
1.3907927344553173
0.1987005121045513
0.24709287499717902
0.1544973481213674
0.7122131626383634
0.16081423808645923
0.041976010135840625
6.479186574506457
0.5901169922872214
1.0244148115743883
1.3459924063063227
0.211888484787778
1.7963027093792334
0.6892575249512447
0.2622401164844632
0.09601254259177949
1.1419721583661158
0.03372058874811046
4.494042806545622
1.4160078758577583
1.2763484933238942
1.2837131766864331
0.9514655297389254
2.707539863680722
0.02519229862082284
0.2566035101626767
6.40162421160494
1.477555764693534
0.4597302031761501
2.6967118019529153
0.9662088434706675
0.1901467189018149
0.501721734093735
2.363535148455412
2.2143307531659957
0.3843410494446289
0.5564587817934807
1.3454475795588223
0.6518112300109351
1.677058290122659
2.0327564237231854
0.3896267315139994
0.9573353514133487
0.2911311065981863
0.8428542008914519
0.1104116107308073
1.382046179001918
1.4263672423985554
0.41791889746673405
0.19039169886673335
0.42592593174776994
0.09839372281567194
0.3030947911320254
0.9556332144566113
0.5202180939959362
1.7976044031529455
0.3635868979472434
1.7609547726315213
0.5421448619599687
0.11112222936935723
0.19867171524674632
3.8243037982319947
0.8289586040482391
0.3440610542311333
0.15321831505571026
2.7028467366908444
1.759077706024982
3.4958432132552844
0.6432525041454937
1.0945648049964802
0.04503368434961885
0.19681511976523325
0.5451425915962318
2.9041428102646023
1.660106438663206
0.11989511580031831
0.5301568370632594
0.24304689749260433
1.3524680353730218
6.145091895989026
3.6232741764979437
0.8792639637977118
1.4514379298489075
0.4187477431842126
0.9835464529751334
1.4671623864851426
0.15959516068687662
0.0782867825764697
0.33193036282318644
0.35432577233586926
1.0183985367621062
2.555725460377289
0.010774776776088402
0.7549866704212036
1.4149514332093531
0.34888893091556383
6.491520317591494
0.8019720859301742
2.4651082545897225
0.2536522187292576
0.9911944947380107
0.1415859190892661
0.8348961225856328
2.441595000185771
1.3475374660629313
2.6124673448939575
0.6978502972633578
1.4028630204411456
0.10923845955403522
0.37931248791574035
0.7943531882337993
1.014933936210582
2.6727031896007247
2.159318923309911
2.1591781347378856
0.6800879306247225
1.5824466573540121
0.3576907654351089
0.7440307874931023
0.022306332481093705
0.1807889634364983
1.0792197551199934
0.3868656858248869
0.8740074576926418
1.3254934782453347
0.15703496291826013
0.8159792708174791
0.05577388824895024
0.07394067911081947
0.06214829809323419
0.8885468430962646
0.09529769099026453
0.21186251645849552
2.4217420368077
1.001583723074873
2.080064329871675
0.9452896174043417
3.0561393865500577
1.4192649493925273
2.4305600808293093
0.13564608301385306
0.5697758942696964
0.3142938659439096
0.37257670710096136
0.24753934002364986
0.04137558463844471
0.9821958172105951
0.4956711386766983
4.790960897094919
0.695392536566942
1.2142646281135967
0.8847608540381771
0.34722507909464184
0.03567403087799903
0.11744226448354311
1.991217676186352
8.223529929993674
1.3745637366373558
1.1937126471311785
1.8068714007240487
0.5409667163185077
0.41450411854020786
2.471196088794386
0.6978873832413228
1.1066971765685594
0.04330545173434075
0.5795602361904457
1.3460545324196573
0.05125975991541054
0.33232215062889736
0.09238941902003717
1.1152215242909733
6.5473806358349975
0.48441826294583734
0.5358360988320783
1.7468792241852498
0.6265071795351105
0.05823601226438768
3.222398439058452
1.5480590876250062
1.85280372199486
0.029763412894681096
1.957918236774276
0.08965018931485247
1.1343885192763992
0.5311640473664738
2.379599145235261
0.811838180597988
1.65614884578099
0.7147779129591072
4.050008941747365
0.13432688078319188
0.12003792051109485
0.4668227443762589
0.5976651611708803
0.034314377917326055
4.311617197294254
0.33703531966602895
0.6946767975023249
0.47036371324793436
1.4021331092662876
0.31681597531132866
2.019463336400804
7.4082587174052605
1.0557619554165285
0.3184633872733684
0.02004528282850515
0.7569953261991031
0.9871725489210803
0.6425030354002956
3.1821697549312375
0.022916337882634252
1.0300250932050403
1.2029515963804442
1.3164549042994622
0.6442182863538619
0.09623189964622725
1.9674033493356546
1.2430381437152391
1.3928407836210681
0.22907300165388733
0.07115584021084942
1.6777352627686923
5.126567431609146
0.11028267498477362
1.1577388482837705
0.22197745561425108
0.753002581637702
0.24793874319584575
0.29497057569096796
4.168540648708586
0.23293361910327803
1.0967325630335836
2.156716706114821
1.0579406777687836
1.2759912690380588
1.403010216759867
0.6880492882773979
0.5527763536956627
0.4263436653127428
1.2824715913302498
0.2845094408112345
0.36213798499375116
0.24216822732705623
4.9302665861468995
0.6632069728511851
0.32692792513989843
1.3358882703614654
1.9083921443670988
2.2327780255000107
0.8147773253294872
0.1062581740989117
0.3235487136989832
0.3099639524007216
0.7590124446141999
1.3376575108704856
0.13753178658953402
0.5809707726584747
0.061662077700020745
2.179991187687847
0.8499936534353765
3.501624057927984
1.70596368596307
3.2827403818664607
0.4531318546505645
0.6447022781649139
0.04380380280781537
0.03734795477066655
0.053616612509358674
0.10667091894720215
0.12619473943777848
1.5437689393293113
4.269310912190122
0.1416239115933422
1.6946802869642852
0.956988262347295
0.9055496885121102
2.301075048337225
1.8512656595703447
0.12789233193325344
0.32578725188795943
1.1019383555831155
2.3730967707379023
1.3733927662251517
0.3515303457243135
0.24595712304289918
1.282500259054359
1.5031911262194626
0.011150006306706928
0.14602435610140674
2.7803689438587753
6.003089570367592
0.3558293583919294
0.5145829524844885
0.6734924272896023
0.8676898234116379
2.1998845329653705
0.13987482539960183
2.244636777366395
1.531416826604982
0.5946830702159787
0.11369605835352559
0.4707661115535302
0.6446827575709904
2.801294738877914
1.8845316735532833
0.4797585470805643
3.6196781210019253
2.1723976981447777
0.21878548055246938
0.2991896197927417
4.613704135757871
0.10669929279538337
2.219236919117975
0.009874049908830784
0.4142863942834083
3.1642222435912117
3.2561608540127054
0.037545253057032824
0.6808858952572336
2.1754251827806
0.2887533446919406
0.01825451491458807
0.12220534717198461
0.4014069275872316
0.6456280308921123
1.301869834700483
0.6296957287122495
0.21579769781965297
1.2499917602108326
6.249022888820036
2.7342358972819056
0.6606177592766471
1.690878088833415
0.12058752383745741
1.4684691716101952
0.2724763007281581
4.407721775874961
0.07969738148676697
0.38278068737417925
5.0151264183659805
0.9097131784656085
0.2203783667719108
2.112255821673898
1.1439873470080784
0.16768663261609618
0.6931014912697719
1.7731886929395841
0.011230693751713261
0.4736107724311296
0.46213179152982775
6.249314046202926
0.0455043236433994
0.624613410429447
2.228028706362238
0.7005408726690803
0.4065179083700059
0.4032137102622073
0.2765699117881013
1.1779193306865636
2.1618759115517605
0.6624192170565948
1.2618766529776622
1.8187651601037942
0.0061852741200709715
1.440378990067984
2.5683554819697747
0.07753589456842747
3.2801143447577488
4.070563489061897
0.5606505938631017
0.08050656437990256
1.2238650181534467
1.7742167703108862
0.19245170227077324
0.9085363682388561
3.068003289256012
1.8607646857417421
1.4582980933628278
0.22845804940152448
2.546815408524708
1.9879454861074919
0.06355941580841318
0.662616716537741
0.7755763176101027
12.412052490413771
0.2637067591858795
0.5700249531946611
0.013493206861312501
3.50314356169838
1.6338689420226729
0.6479869313334348
0.18549425408127718
6.90440453615156
0.7674055937095545
0.14866462608915754
0.9485954811243573
2.036159036651952
0.5694412810407812
1.0457481010525953
2.442856204637792
1.1760873317543883
5.056667470125831
0.10611717017309275
1.121169567006291
0.009485459158895537
0.4862283365946496
0.12770834090770222
0.2815609335084446
3.589857361788745
0.3570854293211596
0.6167092306277482
2.2728427632682724
6.395868490551948
0.05651462060632184
0.04115391416416969
3.3663243883347604
0.31861506968562026
0.2804872976994375
1.3477611081907526
0.41849167537293397
0.8998329981404822
0.3154609482153319
1.1833692897780566
0.6425598977366462
1.0280126235593343
0.8900973159034038
1.1363636438036337
0.10800649457087275
1.151748992560897
1.809832753293449
1.8655725453281775
3.1444368028460303
1.5505970886151772
0.5492229661322199
1.8021395585383289
0.6970349579351023
0.6168760738073615
1.2071739011007594
8.087425953664933
1.1528080950374715
1.6871255668229423
0.7977246816444676
1.4477424846991198
1.0352438911504578
1.5630189649527892
2.0699247432494303
0.30080533493310213
0.19027569970057812
0.10271459240175318
0.5287366060219938
0.09637157506949734
0.767344184758258
1.3733249733195407
1.8437806939618895
1.1895058615482412
2.141814927570522
3.5375437824695837
0.26984969559998717
1.2391979772219202
1.7581040582008427
3.1051318573154276
4.005523372674361
2.4142564836947713
0.3211996115423972
4.687896328148781
0.03608160566363949
1.061403150582919
1.3305271475255722
1.9069594230968505
0.4514766809588764
2.773844180206652
0.6296044654009165
0.5122858571849065
0.24465770232200157
0.5205900561122689
1.0277435054304078
2.7310994479921646
0.6641582213051151
3.3734852609049994
1.8639952306402847
0.27949292420817073
0.024317030532984063
0.21779021224938333
0.7481365850981092
0.23502816252585035
2.104193710081745
0.6795541556930402
0.6201748214953113
3.8953868321113987
0.28867313238151837
2.4042007997777546
0.8216786677803611
6.428073966992088
3.1517743045988027
0.9469213169650175
2.3071116245700978
0.018895862333010882
0.9048021352064097
1.214491047852789
1.6277042706351494
0.6743865582247963
1.3371027411776595
0.37821751221781597
3.3787251774629112
0.013624965911731124
0.4496493253536755
1.2333733336417936
1.8645935729291523
2.2323017394082854
0.020890691987005994
2.7313428201014176
0.034562062297482044
1.0278535404650029
0.05367614632996265
1.8202518289617728
1.0605811714631272
0.44974276080029085
0.7362026720657013
1.173645074304659
0.46021342258609366
0.6529598591878312
0.07561367379094008
0.20519991242326796
1.006346463385853
1.1298166020860663
0.04575964070681948
1.1762298387475312
0.6566717690438963
0.19058601411234122
1.6832758989330614
1.1287871792010264
0.191953431640286
0.3118682996282587
2.327272035603528
0.00939898107026238
0.04976969709969126
0.4703132323047612
1.2159128603088902
1.6254557667271001
0.362187212871504
2.112862522233627
0.7086932086967863
0.28192652312282007
1.364151050831424
0.30098486770293675
0.4578171260218369
0.0595817787834676
0.36281678908562753
0.16124589121318422
1.639534330155584
0.8123411753622349
1.4899533599527786
0.19384447210177314
0.18544331728480756
0.041745912880287506
1.0609475529636256
1.3709197012503864
2.4926779769157292
1.3468245514814043
0.13606668334978167
1.68267242705042
0.8801713623251999
0.6987696726282593
1.6642501517635537
1.9186667899921304
0.19654258350783493
1.4240332894696621
0.03965757063997444
0.41028894849296194
0.1272596820781473
2.6844964578340296
0.9577326268627075
0.7899373288819334
0.7788830536155729
2.850503910012776
3.219182861648733
0.008055833415710367
7.618723311403301
0.1541200088977348
1.874035973509308
2.6395500431681285
1.0658826472936198
0.7455954334000126
0.296975432196632
0.9869524430978345
0.9587767212069593
1.1705364822264528
0.5782092984445626
2.7683600721647963
0.9116484162950655
0.405120876734145
1.1570913349278271
0.941969372855965
1.0691888633882627
0.7959396526712226
0.18220840362482704
1.9494005885353545
0.5554930477810558
0.7913753745669965
2.8065029521094402
0.1246636485302588
0.7703258119436214
0.2773311732307775
0.61768921057228
0.8156727086461615
0.492008342029294
1.8679739532672102
3.922283357154811
0.1122363532485906
1.1556541424652096
0.19913582668232266
0.21720030918368138
0.16767601332685445
1.1470469968917314
0.2393347929319134
1.0934661535575287
2.386307202046737
0.9941846957226517
0.5772876053524669
0.6643208148598205
1.0091519221896306
0.5389282769901911
0.20646870670316275
2.8113639079674613
0.13646381483704317
0.7062376833200688
0.2743205887018121
0.6093089568457799
0.47610141737095546
2.3070218106004177
1.6884161735360976
0.55634547417867
0.8744454711995786
0.8125452816311736
0.9699691218120279
1.1489265721465927
1.9870375325990608
0.5753121139714494
0.16129199175338726
8.508719606616069
1.5134313526796177
0.33110202685929835
0.6853537002607482
2.414195334436954
0.36071115256345365
0.16041573720576707
1.465899858623743
0.20528420939808711
2.4624372080579633
0.7693948445521528
6.376510676578619
1.1724493381479988
0.6307285020011477
2.1404665063600987
0.196319134964142
0.15090969680750277
0.13150923348439392
3.2048841243813513
0.5838916586071718
2.9079058348434046
0.9254692778777098
0.8781147122645052
1.3417877089086687
0.9116211649670731
1.3210088927444303
0.003666177610284649
0.38493936057784595
3.116220779978903
1.688533051579725
1.480652164129424
1.4109772998344852
2.7596545997657813
0.6950971940386808
0.3715121724671917
1.481796936961473
6.039493265256169
0.7395170681993477
0.9059408811590401
0.09633914803271182
1.513654472088092
0.48472052936267573
1.616885119379731
2.2993514739500824
3.564292934650439
1.178412134249811
0.3562734992301557
1.0171600718895206
1.4762880491034593
0.18408215262752492
1.001027576137858
0.06925888865953311
0.3256785205740016
1.2654234736110084
1.6857754362863488
0.8308531759539619
1.8167508380283834
0.8470077662495896
1.1265202170179691
0.6277072441589553
0.24248322419589385
1.0589752393279923
0.5999507464439375
0.0936533205822343
0.10946158551087137
0.6381976254051551
3.947027861242532
1.5718311421805993
2.4118895653955406
0.4110928129084641
2.2489808370301034
0.2920226022688439
0.22169755886716302
0.04961986823764164
0.18921426302404143
0.7267522697802633
1.3911071687034564
0.3270943277166225
0.9089619269943796
0.27450565352046397
0.023282408437808044
2.1372934998362325
1.1928112745663384
0.4327029530395521
1.1645070804515854
0.6402558710833546
0.03000830089149531
0.6619630827044602
0.51324197401118
0.046243388729635626
0.9460631422698498
1.775767402999918
2.5346538559242617
0.3672159002308035
0.40732309500162955
0.42997471582202706
3.970343191482243
1.2069699637795566
2.071386247771443
1.361313706060173
0.039971333637367934
0.4397390802478185
1.1563843202602584
2.5991315803403268
1.220202573662391
0.6278220745007275
0.10119769432640169
0.6684379892831203
1.148618730439921
0.8156210784218274
3.6431301113188965
0.5444362678244943
3.184053057615529
0.5318785807030508
0.12386936554685235
0.8094260360230692
0.8473267730587395
1.6288739173760405
0.28420330659719184
7.141689869953552
0.5969237344397698
0.33770447978167795
1.2007188294810476
0.2383322328387294
1.3206556893564994
1.2345708152424777
2.9564490824122913
0.8371519464708399
0.15064900809375104
0.44652018445776775
2.6308840992714977
4.1042878831067355
0.2549909274530364
0.5344287267362233
2.146973699258524
0.3859120358101791
0.9571225479448913
0.23843205664888956
0.5847419257188449
4.455002118644188
0.7817223711899715
0.5864004445320461
1.6659084392013028
0.5108622933912557
1.8165906198410084
1.8052500332560157
1.310243131374591
1.2884855697629973
0.05624991001968738
1.615863750790595
0.9527695717843017
3.615949850413017
0.5833209043048555
4.637308976598433
0.3539041760523105
2.450365770724602
0.09121737151872367
0.6971721212612465
2.9736413333303062
1.8961222472717054
1.4461852629174246
2.964671946974704
0.08627303424873389
1.6137768779299222
1.069833749497775
2.8855646310694283
0.1332346665149089
4.270418668878847
0.3223199466447113
1.2356503832124872
2.361817198965582
0.2509062640747288
0.6057469829684123
0.019402559046284296
0.8604021392820869
0.31270132400095463
0.5138793472433463
3.637748470893712
5.355428681286867
0.27180677879368886
0.08640858231228776
0.07481389789609239
0.15924628387438133
0.3710209187993314
1.2182618318329332
0.3753816223324975
3.197918127552839
0.003846328312647529
1.1124676689505577
0.45746644446626306
0.07563580998976249
0.4207443823106587
0.47392063528241124
1.9411099072167417
0.2906838484632317
0.7146085180866066
0.8601493794849375
6.100484685070114
0.190774271482951
6.313525459961966
2.2574666209548013
2.4065165746433195
2.532123432320077
0.7799801108048996
4.5712179113179445
1.159953133246745
2.86502985288098
0.4208095110079739
2.0625308558664983
0.9189670967607526
0.20519520892412402
0.22498922438535374
0.08638847222027835
0.12162376774358563
0.2046271582803456
0.04341602431668434
0.019155620320816524
5.139298950496595
2.3056131015182473
4.48231981092249
3.2655770416458836
2.49193033760821
0.6692446586093865
0.6119454037834657
0.024014374605030753
1.4541001728066476
0.17678555627935566
0.9459560227696784
0.1272024524223525
0.5611053474422079
1.5819922134833178
1.950382639784948
0.4080248126119841
1.4381137523596408
3.9978058771812357
2.962080019628047
0.5466286830924219
0.09273012453923002
0.6457051213947125
1.0453536978748161
0.23156713279604446
0.6132462905225111
4.314214427256957
0.5275917405087966
0.7816439401067328
1.697591982971062
