0.23740222891865415
0.04284482374350773
0.8106727560953004
4.49286645756365
1.423219830798189
0.011257141719397623
0.7995235759262869
23.964152220636606
0.08069158751823124
1.992123760857794
1.2501920775393955
4.792761539771163
2.0485137836403737
2.6611132852449373
2.1855467392997525
0.7115456114515837
1.7928997784074454
13.22717208224276
10.623584290457075
0.08604733690663124
0.01448055294531514
0.6406846741811023
9.207814307719673
1.7378516747849062
0.18521212478299276
33.33444792881346
0.32356893351243343
3.2206948156999715
0.23689120427297894
1.515788903729117
2.748026470799232
1.444895861131954
9.377682389855181
1.144841455949063
0.21509970102852094
0.03799584415537538
0.045827197336620884
9.548172363909543
0.6772210646340682
0.5283428788570745
0.05903057173418347
0.5547923487138178
0.09961900213966146
6.940651325090585
8.788601657557592
0.14527945580994128
1.6532339280129236
1.1979406270002073
3.549243345096329
0.2894451581996691
2.797141152259428
0.04343081289334805
1.7479451322251407
4.300064432889485
0.851441093833273
3.6299519839667482
3.0750345847518474
3.7904277622546942
9.39870612226514
0.5126051248480508
1.5344920198222098
5.1057561115922
0.9364787122030975
1.9764927370815712
3.4292231022263877
8.214074176408758
1.726715254921146
7.366238498478197
0.20189612563262926
0.8176221715657448
3.580489647029026
0.09992737322318135
0.21820540583939874
41.403894125644
1.2186257621142431
0.09465091137462878
1.9033378818639903
0.9781581568349793
0.13731752802050323
0.7592957269880571
0.14200282897581928
1.2515489604556933
0.789905884408654
0.7174471503749373
0.08575527738139499
1.577840123889473
2.551139388295269
3.3488872250600252
0.8039178613908007
1.2226895176063408
1.530439557038335
1.1685201924519788
1.1597862788257771
4.854598951587832
2.657160801551072
0.07992744030343601
0.21641580480718403
0.08516833911198773
0.032321943413990084
1.5819707543305412
0.32251927160541527
0.08145589886044036
0.8386340074357577
2.3375508005919983
0.05746732163242996
0.005073954180261353
14.021203412401519
0.11759427867582417
0.6714780989932478
2.5007818672856956
0.4330500320829742
0.9163755056360969
0.4367111100254988
1.7753984409282566
2.800297874466196
28.281717478181235
9.014076083574764
0.39875245805160375
3.596772003100341
1.4357741090752825
8.949194282144163
0.17666363438183907
0.34777668706010445
1.428991215841961
0.4968667450848443
11.648576625342685
2.68826136584903
6.436346608246822
0.3002189532489865
0.4811038247680699
0.6880046213227615
0.7370309726866253
1.1732918225861795
43.47823301554672
29.51626803158433
0.20343141769990325
0.00529999312129803
0.6016373748607293
0.6857922502858855
4.248019802773342
0.1058166315415292
0.090241497833631
0.8110815717118385
0.680769852395315
2.5667704098450486
0.6280737230808882
0.08375617205092567
0.3464964265440358
7.15537642608615
0.4842569450593146
14.717192764437641
3.355282444928889
0.052722771684784675
0.016587334128416842
1.3935635819980234
0.9950385421216197
0.04057517248293152
1.8549635825911537
0.8933828965127759
0.7898173747926194
0.1174235940015933
4.03896937366153
0.16040976896692882
2.207248025948502
3.943983966997621
1.1276327706000302
0.5175667609109951
0.7545430615282385
1.9866195421818702
0.3274583590682596
2.2769292956218123
0.8577588482730789
20.453512621355912
13.71699182267912
5.601925217961252
3.1094334709960094
0.11063416306933505
1.5658018026442733
0.3196725195775798
2.5635550425722613
22.38595653212542
0.7483930698763288
0.9046391369738558
2.4365115399887145
0.23671600517627667
0.19764463850515313
1.0655577795005229
0.2469082913848979
0.6735277158659301
1.4108475502180227
8.48305007486124
0.30476987485963036
0.30717839685530635
0.5314065859929542
1.3300683296110947
0.8300316008389927
0.5899642491203849
2.231187468070857
7.04058980195623
0.7278134715415945
0.826188347851712
2.529411835981591
6.047776267314475
4.123011827159644
0.30571211239657714
6.417426332543982
0.20718992526599322
0.11271703497186536
0.26844560130120954
4.750542099809536
0.4839000642168685
4.631978398792853
1.7649716021769564
1.5250936656630074
0.18602292646392016
0.797988180664106
1.3839703595476749
0.6288195295528567
3.426765684132988
0.17205874003411736
0.2563728400673426
0.4984793483381509
0.9756142558289866
1.2831523817003472
2.1063586073760234
10.304391458405007
0.572292636599741
0.04564957088223309
1.1017012523516314
0.2639160739199724
0.957369739193382
0.31756649146336713
0.5665661121456651
0.17442104701331118
3.2920615494913363
2.3503299932926893
0.730487819899281
6.2074347145498905
1.9872971572040115
3.755623752167594
0.19016864148943569
0.05376797541248379
1.1088975943312107
14.391954589260422
2.947830852746847
4.942266912898049
6.571114362101071
0.7333548068745586
0.331192642384849
2.0798153611904127
2.3922262525884435
0.9577644535493164
0.6169929069365025
0.46204979333197116
2.9490550820701174
0.12371936926138005
1.7457605274139496
1.381041345113772
5.204427835804381
1.0413617131380306
0.8226147714813123
0.12959288578349515
7.661284585632529
0.9102833011711482
0.020192619267618284
0.2751827548709116
0.34890588785128784
1.1463919979069033
0.06569174219112028
10.865703318453598
3.2762836213842093
7.371642517919099
0.15539363267089357
3.4048675928388548
0.7965572088796762
0.7871417784990626
0.445128833202034
6.786171944313537
0.20587522278219694
0.8801783442286251
0.19871385596343316
7.8770285295649956
0.3662959004759614
0.12053810213546967
11.325739302239526
6.536257636977098
5.558103911069338
0.16517695692164125
0.5498914539348334
7.354869043429062
0.4664154825513833
0.467637234571157
0.6537912508902082
1.2625751688538003
0.8709012800354685
2.3209348934833542
1.2687841267616022
12.194989242376323
0.3592589976033196
0.21759973242296837
0.29186805634526536
0.2790371028568188
0.5159128644190787
1.1160663518712681
0.17989454113558168
0.133344412293809
0.35271442910743644
0.2451323703644448
5.007741957222606
0.025600056553230388
3.2554871714637557
0.8397262747530476
0.9741285971686011
0.23986086550939945
0.3228870650855242
0.7576803458759969
0.21598479691601824
0.12680642855048063
29.242433170406002
0.46145791012895643
0.03146971285241307
0.2709234481662861
0.04936878100852482
0.5925502192658314
0.42250574168065214
1.8954282676713774
4.382213701475848
1.1066824052395532
2.245993790875218
0.2981761750015721
0.8705994485280826
2.769398904769332
1.3667705889019999
0.3421582531555032
0.058992132308048895
2.0231674174683576
0.8931907362202764
0.27140166747631156
0.08500711609303835
0.04918008891763748
1.9252289577925694
0.5677940125460736
4.411621664708946
0.2213782260005246
0.0663281257438939
0.5588722661523207
0.14720949385446147
0.24176693505432922
2.3077260779609787
2.1223057375500503
2.147470801122836
1.5202578600619745
0.36262977178557776
0.2502688068525458
0.11302327951489133
2.703928145692771
4.515378435236926
0.01405936670198571
0.8350115082612319
1.1269514030536811
11.17478459269114
0.506474306464952
0.9079451597754087
75.46705847745397
32.72627848993943
3.5706783610075945
0.9283614636624407
1.9305661038051767
0.01934584791160887
0.7201400595877203
3.4031432256961125
0.8604624303297896
2.4115082430689654
5.253182098949765
0.6412237754302623
0.06022110859703389
4.966086498483492
1.638287245266838
0.1973211037729925
3.9157132382861164
0.9819057455570146
0.0712058489662013
6.682487028501782
9.937083938428259
0.25301238537213067
22.064007272925664
0.515106659502635
0.9645671346879681
0.16508750987486565
34.80408691786579
0.02264740071404958
0.4845138644632243
0.20023153007787187
0.16374528066444327
7.753711205761647
0.20812892742833355
0.43265329900896177
1.7497028995967412
0.1652167031315912
0.11268313342952752
0.10689036955591291
8.15994454347674
3.471844527655776
0.2409170356550021
2.067223953657958
0.07663699299155269
0.10349903246606118
0.6774625831894809
0.6449628597802075
1.80963103043905
0.48248948360196664
0.07294108709902503
1.6255600005133601
3.8585497029962426
0.13670976005596458
4.890508078737184
0.20677714571138495
0.340916427787306
0.4075115845334949
0.0005145813047420233
5.98553626334251
0.6656201800506096
0.0675618481982383
25.558673144085333
0.020381213318614755
0.6909660389610508
4.179807463642646
0.9520668171717261
2.747515694976755
0.42983693047062843
0.5481683897342009
2.0638433900821838
0.14091334861586802
2.699971327703679
4.756052881759388
0.38219447269148077
16.456253817221295
1.1333309216643102
0.08196248160675168
1.0225667079612322
1.2479822759851231
0.08893891232582973
0.5329265988038969
3.1290982186728797
1.1021006562987168
6.888456982644129
3.9557344478889718
1.6409879427919805
0.15598990707439953
0.9155299377562187
0.29824544999428326
10.752977582844323
0.5478558980175876
2.2882955702662002
1.1375962109632383
0.4508585191251768
2.7112583251146134
0.4673760910409328
0.6900328541669296
0.08876128021074692
5.2108760551745945
0.8310454569545982
10.813103308450081
0.4881681024598947
3.635156237633055
0.18615800453335396
0.9846381173629197
3.7485552656471555
3.8145840256074734
0.6549614118994214
0.06889883525218465
1.037142245542782
0.9892668799730018
1.1994996548382915
0.30018034016757156
2.069228752523486
23.022866570398037
1.4248557348437316
2.2309785774632473
0.39136888653592905
0.1995906081283465
42.442312580897124
0.11260840567410924
0.7971959517344658
0.3818946466926718
0.669903763304319
11.356409034851822
0.2538638589394395
1.8192856579225918
0.4748935727548087
0.9407370807384723
0.0841236957712681
5.1293220618863415
0.10548741990714916
1.1485351573355729
0.10733423561396194
0.6095717704629351
1.8931657177745365
2.3884527276459266
4.259415707041626
0.30775148622706183
3.3147443179441325
0.48229463235111325
11.991618604555697
2.2905385802041565
25.730009176677413
31.005769295941718
2.034921088034025
1.5282702540316677
0.28022404458533856
0.11035280161013361
1.6793442837479233
4.0767680468234175
2.030524445071933
1.3339580106694484
14.403796188846172
1.005721642231947
32.929018247057684
0.18563600307606976
2.831819819413795
5.327512299238151
0.5201945784538111
0.6868651057302486
1.4638971123058582
0.36983995109039824
0.5375651998583635
1.0021265928262437
0.19869640189426718
0.2955198135532555
2.644864478988893
0.21535741256229812
2.5868431355193025
0.9026757959400129
0.019044670792936813
0.21879853131395066
0.43314900315817795
1.2402847664707224
0.640680062591855
0.17156225984581397
0.015031217521027429
51.37522873648777
2.2232351704951725
1.6681349382852204
0.1693518015090376
0.01707773609450669
0.9562685310484085
0.28654738881232333
0.6479845673202362
4.422154007235804
0.15297180238485453
1.450945209911879
8.664540008987387
9.143513178976718
1.1205242287396686
2.1753918171089026
0.6134794997706194
2.2964326444198377
0.21777088132148492
16.955025026079966
0.6564366150341812
0.8788246653602982
0.1793323998390406
0.48376887726044515
0.20470769576786552
0.3206220479987678
2.604495077779575
29.114515826724528
1.5618279498958145
2.041119565066765
0.33607291568478104
33.44658232289294
10.147313327281154
0.09996908960238216
1.7810092405125033
11.169255938901188
1.4135311897262
2.4943418597540585
1.6946005842401064
0.2581327406478522
0.09222800156567246
1.1904212903282314
0.12542535069587757
6.4253252464513935
3.27235166002356
0.36716920149774523
0.3633039703090617
0.4926906755863456
0.6302074473169341
25.22126996386578
1.0281435434189916
0.2672520494561468
0.20997341340989806
3.5395183385990094
0.12186636666956474
0.7459059483371675
0.16400955047356547
1.426729702110606
10.436733838607324
1.0083362870027486
0.7895394354382006
5.799756310425437
0.0794940755731659
0.6851927554889699
5.592557417076023
1.2455147496475547
0.001805190808227053
3.6371400175703457
0.637011098820949
1.0066189078970638
0.4478855529196153
0.11149208719143644
0.3003074129446759
0.07901965318524162
0.07062254472475615
0.19236249010282336
0.0062828940608596895
3.659345857508015
0.7110644681415579
1.0650084609442274
0.2875827709976875
0.4691469568533648
0.017413883106200956
3.1696952219535888
9.132313349527976
0.46838726701025735
0.03599529248094768
0.7345808775862679
0.5782069040687929
0.11238688396770158
7.339199102912971
3.944279220642784
0.8544944576060516
7.839294409244758
6.847775811231259
23.186473031506466
0.5413533882929187
4.503005882339494
1.874758662605018
0.4107950873403752
1.092837459535076
6.706370867697842
10.759603988513845
11.598045908242057
17.617334507063788
3.3590744762623217
9.738585885061184
0.03952352858323138
2.7246279926584975
1.2369739002606366
5.023949355309014
0.1493213140674925
0.31038994267510134
0.3192895285683335
0.0544798679620726
0.06098899522839929
0.012441316564945737
1.3027389934177336
4.413578075400437
7.56358178638402
0.841129006621486
1.8027186383151275
1.8800371369579807
4.983052623891126
0.06269494673324516
1.730199412730144
0.45944665957358666
2.51958936833762
0.05738611080596456
15.192391107404546
2.4913465436402475
4.079712267001014
2.1943095959613856
0.026132879389479058
7.640543001925835
1.4588377538711939
0.18163237205226324
0.9810753531273804
0.4012295818574785
2.203803801236063
1.0185047515042243
0.005570228942815447
1.0026612557885528
1.503330110830575
0.5084125231333019
0.29124863673496293
0.07241911399614764
0.0993468625965761
0.9927602193893108
4.9401053727233375
0.23719762807741063
0.17327491658943472
1.9375579076258873
4.455325182312663
1.8509561308528646
0.5416826758701063
0.06734660672736936
0.7897796493271017
0.22674855291552376
0.5599688424590568
3.093046582154784
0.21127598776001832
0.1457785179700295
3.4255214226468524
0.6198542581405491
2.5356638570046925
0.910860640622559
0.12392347047716612
0.06241913457415649
0.02607817808893742
0.21382060209361953
19.132863691163948
0.13021976118398015
22.82641099162356
4.270305326583184
3.139511124132696
0.2730210741792689
0.4444636427979276
3.7232305832112615
1.8904943289126095
0.11373856501813862
0.4176781772293907
74.42335102186553
0.6912251414250932
0.2422789372430998
3.1583918962132884
0.10907205980765866
2.6921610617682745
16.919848070650914
1.4830512302833085
0.044861039645184064
20.747991392290714
55.60330807309947
2.672134920521785
1.310881210883963
2.6804560329292144
0.011555037643120158
1.5246392096414638
4.677916296233889
6.011620862958807
3.1238928716265946
0.8321534211027029
0.3410803271945042
48.73846290901565
0.637566127388709
1.5718023452500347
0.6800880130358564
0.08929333867854439
0.7467088054654596
0.9165198018599767
2.1595744537007704
1.8068628631262982
0.4482898987844237
1.8654455746691383
0.3877376807577093
0.3488733305603091
0.2574821975395025
0.11472388786933152
0.17299935943447053
0.19088276759794098
1.625114506805403
1.1834541627722501
3.8151852604169108
0.963316737113928
0.8187634087444167
2.856481186525343
0.3121762557821057
15.983791666218167
0.03869413733264082
0.36903230093594175
0.3292005255098047
0.5651496304926695
2.273366146524495
0.6694838266594161
0.4895156982820481
0.8482112330420932
1.7160041498209466
0.7653838947844633
0.22945259094558423
0.3482597677575541
0.2547348597072414
0.6568802013025561
0.1044447484491684
10.641473641382618
0.49578718513294007
0.5081947951002803
0.9759275086871639
0.4623872996526188
0.09579192064484232
0.00801837941253325
0.3194397208171722
0.012851060029788641
0.3507485681657272
2.7537228699948173
1.2155318035220262
0.6386119552007585
4.671429236779659
0.9197319558697927
0.4507636719972652
1.309554825835221
0.31316715116918203
1.359983019232459
0.16875340107435477
0.57057712277674
13.560258667803282
0.7573775849559752
6.41202865105879
0.4793229960014287
0.06940888576718862
1.2838707011251245
47.165527996210585
2.221068824543181
1.7768551258013758
0.15871084881291608
1.7971055012858415
1.4507815680990461
0.2891438517763163
0.7385932365250483
1.1444444763328647
4.08494252492892
0.2869572649215115
0.624702410405007
3.8830441749269085
6.8499391662589915
1.476911522586306
0.7887018392138998
0.6146640871738782
2.98493532086286
0.479310389913735
0.022582509234780446
59.5395233820127
5.770149996456894
4.462795836199803
0.9231901550738257
1.0066682890392258
4.853111580148834
0.04369961666088784
2.017629917634622
0.8390006719309895
0.05937758715663222
2.353116020134621
6.199438243434997
2.4146741693002696
1.1024529365531635
0.08233015312725911
0.5174783798902354
5.875589621085965
7.241922992099717
0.47440341066612746
0.1055549724624143
0.0881865790579468
10.791842363403703
3.360185120465758
0.9359693399201205
20.907226930012257
1.258715786760149
0.6219703309288889
0.23288913176656934
0.2535953909755335
0.36540415841227514
1.5599129867332522
7.54349371326316
0.00037037535730632953
5.77608700503697
1.2322690904220508
4.9514340101632115
1.705349517007562
0.6012582398980157
1.192740010432317
0.18430289748721407
2.8660158919592504
3.1106972099696577
4.997614734580566
0.8683304879014031
4.023504800221417
0.3127559477761679
8.475818829781929
0.7523210797153297
0.9008931194803154
0.28560840544014354
0.5884338035139081
4.451717057192582
7.401558661404124
0.42439161264701397
0.6017781687733077
0.39775249447484384
2.873158659615001
1.3964827034178597
0.16460498003652901
16.719257034459588
3.556393980557914
15.346761185875948
0.33118973736054613
0.13166027570696315
0.7522976798572927
0.19576614815741777
0.15335703464006656
8.421962947380962
0.941369606382068
2.0610009198644548
0.3190336415791535
0.10258444341525319
1.8541861771664117
0.7287032223684946
6.236978013628686
19.29128884732563
3.0247633127619338
0.033386184346454684
0.7067975797544932
0.30972933848170214
0.22869628943590214
3.302885260014591
7.087011904179235
0.6469370830636763
0.30773227679310367
0.17950875395399635
0.23312605176033685
9.618580485701386
3.8438203714613337
0.8668060556701676
0.8323689865028427
0.5142123035911936
0.24436473926834879
1.1510558560075879
5.718194007142301
0.614000051326002
0.41493755696501466
2.2667024665352073
5.209506910468917
14.246116919479391
0.7957098397928348
2.824741577009263
25.049883385228895
1.1722895630446146
1.427873418218951
1.9656118784660066
0.9226787519291975
0.38207184331986355
5.81577264356747
1.1572242566362547
8.788110865996714
13.272042093030905
0.656207842665026
0.4060395435553801
28.706909125343373
2.044935110690858
1.7025824330776231
0.7463477774144849
0.948063006871962
0.6496585232162033
0.8139550276537193
7.693842599783238
0.9238582349971693
0.21841885782123427
2.4855715723861067
0.5922419721064216
6.189779887641635
0.17976408456888748
0.09227996315530618
0.2645653476465668
0.7608630616959999
0.0018457589903846383
1.9269886879374098
7.923254421835736
0.24448428228424746
0.3444885347307718
1.6771314372999768
4.622727776644751
0.14387733610419673
3.4699015583137225
0.4559810578757606
4.054497167482623
3.1367874924471835
1.85390248562544
0.5716387941392895
0.042981049453374
1.6700638177790097
8.326254944389802
2.631219537332072
2.1915421263547614
0.2993606253876351
0.026315741190046538
1.8028062178273103
0.5967591805747361
3.71540020640532
0.13488059782321216
2.051852734239219
2.339493376635801
7.995923709211638
11.768210113790701
30.264180469577695
0.32323176649879315
0.03455721333011752
0.8088451005460229
2.9265404500620207
0.438128035999398
0.08706437899672892
10.957811360549385
0.5503661566035589
0.02567392319542705
2.4580154279319686
0.6329549567708455
0.7302472141818726
1.3869437030189147
1.2956960423689452
1.3069187772234727
3.638479288365488
1.3849731040791085
1.5414842351274274
1.306396419986413
2.428267955627234
1.1545733351595118
5.276574722109217
34.15691372303991
0.3018967391362821
4.742438127388596
0.405960806645453
0.8865607882107724
2.347135465905012
10.73282839823878
1.6888319803802005
0.08199812559178099
0.684287324485922
0.6444483069062699
0.34312989143290906
3.4435747224597435
0.47262441380735254
0.15037868660510867
0.952297235991864
13.099044106631482
3.864696458898834
0.5975195071696362
1.7407571270305198
11.267446522000682
0.06805397523930878
60.908070611112635
0.5907932155059825
0.6991853050494683
1.8472328987554647
0.4675105033820728
2.7736885653466743
0.028077850067347754
2.8052018484268046
0.04407203084338107
4.096168171479803
0.0050432905627531
2.3918621766279102
2.9431892692991823
0.11433121667869273
3.737922996362613
6.127892587497627
0.5226380468375282
0.22528785726535716
2.529137668247131
2.798484749670024
0.7413260833454842
1.2336744460408227
0.15245813318688306
2.632563542749267
0.43688061491411645
0.8092226350599958
3.0055932046416274
0.26850215402737376
5.461548080431385
23.52074856427498
0.2320624600215524
0.05747678372063092
0.7174911201400391
2.015665237289795
0.3923472526912519
0.09084977243401227
2.675370512610243
10.835795753999264
0.37903045487837517
6.731892733296263
45.0651149643345
0.6328581425113953
0.15121596059543663
0.3156454797499464
0.058095899443287635
1.0271599350999168
1.3055667188527877
3.8516031982762797
0.15544411664814106
8.067403942088276
2.1559831381418917
0.30054292255590553
41.73870620202433
0.4325660204740416
2.6202250001078937
3.8314956875728967
0.07093414727205527
0.018244070914079202
0.033207243843207834
0.24502155984009732
0.27523064184060786
0.493117818619794
0.15758650683710584
0.8347482719836989
0.7910267162660602
3.8521827175136423
1.5830836524437473
0.1563010813551955
31.539179259481898
0.1123690906642878
0.3240153196056781
0.34392241937166546
0.4017021364888933
15.531956553593773
0.6791317034585518
6.35997544714337
0.2615674616754404
7.848409784000978
1.1794328524229059
3.648270995257917
0.27109736359489034
0.40677573698121705
4.727148302572459
2.99688173040704
2.2128510910661134
11.930902013165905
2.8229072916183213
1.604830154854426
0.3723137665692775
4.173307946995919
0.02692689020113903
0.25842140816530446
1.2531215978415275
0.5424958069415879
0.7964196155116952
1.1486475756064465
1.4682947664950916
5.80981637016157
30.414361592993373
0.7955049062002217
0.6848975336688454
0.9455492389934079
0.49192924280214356
0.31415629643015563
1.0575333405722631
0.1540501909366867
5.027450706260424
0.33110874607154983
0.28566512183169834
0.906497537100222
0.1617428745739744
2.743011931019282
4.243446989752556
2.4889557520473318
1.6371124689285352
12.046169566438039
2.6232804693900107
4.141895083048439
1.5815532886917936
10.453298940938112
17.43401192183228
0.6804144693633134
22.856152396325342
0.2783287298225332
0.17016573742876062
0.7999905857541307
0.15376553393070935
2.0263656322022143
1.0015377110430563
1.341884945595666
0.3613875128721702
1.1288330122515617
4.614213079283218
11.590936653756216
0.261049333767005
0.05753557395655662
0.03994036866424722
10.926229149954452
0.03660938370376243
0.2807989903194539
1.0547214981124853
7.410137186550855
0.18934774511581054
5.353731402828998
3.4772727383206075
0.7583432569772413
3.056558597701951
1.180971500925807
0.18202410952289938
1.5567186504740675
10.636914960872673
0.7896452339700772
0.003229177676985273
5.783854069679364
0.1244961683114525
0.11173585602955427
1.5310811844938144
0.7329798168466368
1.582001961858623
4.1365041260869475
1.0787856177339563
0.942842553689843
17.022779294311476
0.3891920428395679
3.6275081979547394
0.4900939399776689
0.375446563870355
1.5934000767520047
0.18121842421169276
3.297539106086333
0.05584940017433837
0.3501554209033202
0.7731050374713959
0.026510760355449747
3.7684392292831035
1.8842611303152808
0.5623923457642377
0.4026918132803985
0.698055364049651
0.21498481976959738
0.720438636290055
13.137084467965906
7.671593280378147
0.46459751857764786
0.5758707624481758
0.08279117225174559
0.008092594631307293
11.895063754476723
1.3987186896010826
0.8550148683134466
2.129886451009952
0.8167876463230641
0.2698357622757612
0.33098352927845553
12.481177918703906
1.4104128605904407
1.5904104086439474
0.1699193644890329
0.4215161940337566
0.20959137448153342
4.042249700043612
6.653420446196833
1.5537462204447365
0.891409163872595
0.095868812280969
2.6632740584791463
7.326564194532693
0.27459809109859634
0.20571595552246436
0.8061596941151947
1.6945911083894316
0.07787824570914381
0.09402886668976862
0.8004893782963336
0.4790372481875238
1.0716688939392043
1.9664590056199813
1.7575063559525006
0.07248904048537952
1.1162762392123113
1.3868953574710758
15.257047103546938
0.3502291566437634
1.0876155513469712
0.44642491704871645
0.2615446631971281
2.9622369555909245
0.6050074063314241
2.3144029164031963
9.603687681224983
0.2526829443886527
5.002595497775474
1.1397307945117063
0.13359677989865304
0.5912679418288462
23.157234677077213
2.825606155583955
1.5242405899989535
0.18124332390289055
0.14669736467476469
0.08890073446309543
8.378551964684448
1.2103640580135107
0.9382687670331507
1.80330045197843
1.9665120978861523
0.6862374230840942
1.650261746312026
0.3261492267010908
0.08761520627740538
0.03839227374191978
0.4800555640649691
2.340544634142134
1.4675700073967164
2.279109665967553
4.086195897503785
1.7080121063409024
2.41965701943991
3.3917888256655715
0.35214307377827936
8.889211854435416
0.7832596193075005
1.0297826397363679
0.31290912305848906
0.16393758453341434
0.035184189189749304
0.49137857362802606
1.9593575561557373
0.33739068281283835
0.3497624470401206
0.4079225354580558
7.2433840729463554
0.24156940320244757
0.5679109796619741
1.2616068742208881
6.919483991503512
10.951802852105175
0.881150026609248
0.03482953019920387
0.6535348218858417
1.9359056376488297
0.37999976473656716
0.8381009069780703
0.1774396102227911
4.387362933692202
6.097150669338589
5.816886197673739
3.5790301164088305
13.189715518263256
0.4292733389956993
7.823980664987175
3.5872624499061203
1.2533825916107162
0.3336176609627728
0.44433726747956825
19.905018601784832
0.5375805903240689
0.14335622021826566
0.3986076938235783
0.27352573182361084
1.0047557472789777
1.8225883628510928
0.5053584489687637
0.8192801228906319
0.42685249673377257
8.126025202611345
1.6258277628585347
0.34536269407180953
2.180584141307918
1.822900736820884
0.7810846227948787
4.748731353600306
0.45735344459171756
20.266934782841417
0.1753859352247673
3.4328895412108977
0.13788848676995258
0.6310311101769912
0.16886482652262202
0.26761954407265875
0.8200878485295107
0.7299327148648445
0.2922711434948724
0.5680181802163133
11.217027864528063
2.0859041120456823
8.785451375682896
0.16569110873751924
0.14055221637318027
3.2866042886926152
0.19628212729367078
0.20352556683064904
0.9900881349494739
4.297333113416244
4.273979328107089
3.5251010242245684
0.09916440820597927
2.7599563187541207
0.4275307197785878
1.2772323827884975
1.6762077699459041
0.0781393764555105
1.1802715171506861
0.9579081959636824
9.044527346402901
2.5083213095240353
1.032742606512329
0.35408329549682094
6.224497767940193
1.3467615257359284
0.8403332087073068
0.11715849868778605
0.9798824913741555
4.755533752504562
0.18480909717982286
0.5173514985071961
9.765212936108583
14.792595072238328
0.49142643930463237
0.5734511481896334
0.33037146212518564
0.094080682942149
38.89223342035257
1.4511889839232026
0.7530510171600326
8.825024627469247
1.7571283451179625
30.473633503319434
0.2750143418670632
9.157701225871278
3.7390822879970074
0.36810801221145084
2.4595048599512666
1.5102691636566306
0.5778996882509091
0.4879789643964614
0.15406563582655508
5.197390238106891
0.05883258599351393
3.877813245733705
0.17127730562788201
0.8381273198901908
0.40051336938267923
1.4163135377457365
0.8372674812453624
0.2844328281280468
0.6876470256720495
2.996178360481281
49.66380048006249
1.1259674013090262
1.0524904912344937
7.299548662824236
0.6819235877264873
2.0594965136770043
0.7443710085026396
3.4531595849402947
0.2704826081317151
0.6436277410793991
5.668840483496751
0.8581111134080857
4.941549466828292
29.900221140211215
0.5258539009046217
2.206372572982218
0.20732248256899766
0.08106425521691563
2.5480301837633306
13.983404471277026
0.12445650618610671
1.1185928325576242
0.21211563823817414
0.5590939922985854
0.6913354234166036
3.720680712845933
0.49031116972400923
0.7395809961999475
0.3061483124511142
0.1041893023866578
2.405097368071438
9.833971587213455
1.3339391941372014
0.3613784276676597
0.12487691559363157
7.807914639157389
0.5963009303741273
0.5844368195139396
1.2552344010437082
0.2846355592373584
1.5435289893684967
0.834822695258481
1.87873153286273
20.276954742494127
4.003068975351198
0.08392420900054276
1.2564872536968323
1.4573620618357381
0.19950817874996574
4.367186064362613
0.1425040644935507
33.932036864171096
1.4475198817781347
0.26747615019849036
0.2826404770203226
0.31192035019557807
0.7930873610748677
0.39949412137502804
0.03414067415360478
2.2032363404396165
20.766650473855407
5.187147378612281
0.3248781463589694
0.09093948350346182
1.8466962417805917
0.23639841236945358
2.350177831147448
25.21125923845102
7.200259843619278
1.2693935649367631
1.5900712792754348
0.33847905725997407
0.2906569163169479
0.410353426457732
0.3459832197331707
0.2973804367684352
2.740634681915253
7.5663797931265435
3.636584518601012
0.37275588316697394
0.9733593173878035
9.202431738482119
0.022533764171384973
4.491739461380348
1.2286174296023091
4.332506177121104
0.300488380711613
0.2151976435307006
2.1711535242975515
16.947548482145066
1.8386218709565583
24.836435864828672
2.8612750280481123
1.4935748429707019
3.196735957862984
1.0813875134081172
5.4676869598188205
2.4720003510592505
2.773831488106225
0.018051831124466844
0.11104062856247765
0.7750692656554747
0.4268717446757364
8.863971013452101
3.3106687139988935
0.07540671807146282
0.3393973279817146
0.3454979752532381
1.21509581825012
0.3562282669226988
9.902246345845924
0.18487052876662347
1.070808457378007
0.4883246102690464
10.077062636806659
0.9920268636124092
3.4905304971434816
0.47300757966877427
0.047758210075699026
6.725450045898469
3.25047891309805
2.730356998046773
0.6267059311758203
1.3962980733012955
0.796939452571678
0.04022376654393156
0.7612867021889542
0.8694852713597356
0.06921757706004428
0.5748305098422861
10.485831397396396
0.36921323596470756
1.3015810407487152
0.1673374513084127
0.9809408857981907
0.18786955306131858
1.2424290212002234
9.027933597408264
1.9292717210992123
0.3465469047805527
0.3020502526233031
3.070406893224572
2.1630325500627805
0.3205006415664684
1.1898065765708452
0.01422768055999768
0.9128561482575606
0.6857852006760368
0.5102816539620108
3.3085527761541016
2.9048813208573847
1.8913973844209977
0.23259716562461108
12.195768115954706
0.828371650128247
0.19392703702760627
1.9311680507271376
59.69554707213683
0.13233826758369105
12.688007239041326
3.888111657346599
4.343112079466664
10.286055232551007
0.7158454045420513
0.418779862797237
0.7525827504505287
0.3522839529796329
1.8100119495065883
6.427621106227889
0.33528767238385626
0.09323748523820541
1.5810445790230006
4.548300768838089
0.06981752097635763
4.483193718817347
0.2621832258118957
3.518002521057497
0.049019254776794696
1.2289776563411579
0.21140055114301504
0.20018624371732585
0.631408053865016
2.240364715198666
15.95550943991475
18.14529612244951
13.618540671021037
3.590994714970293
5.0195063646860945
5.212753913740016
2.498999745999754
3.371382611334411
0.3521208344754996
0.7291383978554222
5.530722455438081
0.5999363865339546
0.4393018764349108
0.21101837846799754
3.0027846230623254
1.310803344764281
2.3456077572227514
0.4280612559450674
0.29932682387152454
1.0690024556024582
2.178485333770368
19.49022133633116
0.7913052557669289
0.007348657763941446
0.9129627668226021
23.384763985395693
10.490895187991555
0.15986577858711826
0.006961255417991197
1.2914094477055187
0.5189593842114846
4.151264725049259
1.7517912323783094
3.7319802302918106
2.3215438068764342
6.264538492279826
3.6032931854206254
5.517160609655548
3.1229502650749055
1.7120640403591096
16.63466611271724
0.11143265890495968
0.4134922587654728
5.364207777569391
0.6157047059605247
4.374252888330375
2.197957383628818
0.0425014529391774
0.09483899532642681
18.96974191206391
0.2743464379600482
0.14201252199563896
0.48213208224478876
6.90836572840999
0.5359318616065138
8.513388680486969
9.48821501895145
0.035991295448184246
37.461324870120734
9.916249903006246
0.4099020496942103
1.034982807112101
0.011419626705901464
0.42055703917867504
2.5548867104007513
3.3860948325491336
0.13669627575291088
4.359963700804656
4.325630879240634
0.27447149915315094
4.1453478228831955
8.568757962428208
0.06562006281455979
0.15338107841671444
0.014469377001660177
10.554293226578011
2.6274299677788804
0.4354508964570414
1.318315981356136
4.528260642317036
0.056558788073743926
0.49346423791575944
0.17250025077009923
0.034953219947055914
2.4257960550603457
3.6479543867972097
1.4403780417160306
2.242366500726348
2.545192689925898
40.02750175858819
0.0333266827656189
6.936259393351065
0.3311504365556175
5.953577110860351
1.7949645046574005
0.04910744759035879
2.9709249491534138
1.8131070810450183
1.0236937044537626
0.5258147412459948
15.624355043946707
0.09293838196026627
0.8231028647714993
2.461134518049221
1.085596993125364
1.6114619133149972
0.3297281248596846
0.8142092531415983
3.342843302685651
0.8478070468190708
1.5719504727567255
0.011270807670371141
0.7472820097100339
0.23039210568458657
2.2180521153532027
0.865034114503942
1.1454396571025427
0.29680504027055576
4.481273424818937
0.3794277693814365
2.8314570115726383
0.02360243964358233
0.18862688315130072
8.675707254355075
0.15559597320316243
1.473732044811186
0.091685624429374
1.4084972983218904
5.885850637707335
1.352505520786508
0.18090035292698303
1.3471715698724438
0.8969704928895226
0.7791055718735151
0.6541874034373905
38.67775426300432
0.23863140989124076
2.3908476368378615
0.5051697335620702
0.49553637858116417
1.5249082194241055
2.572566511495097
0.14738604552985635
0.31810423779825214
1.6492785126174567
0.25554745166300563
3.1413194618580746
1.3982598572074494
1.5525915369980794
0.13494469363286044
0.531755142739712
0.3160245473482064
3.3756701731435896
24.70597993449337
0.4700203425672953
5.363394440984848
4.598238281738304
2.9922942428602255
2.16194117134728
0.13848201922883163
4.4873856919730315
1.4166466047754511
0.06915057465812424
5.515176956989308
1.0013970928412164
0.7013508623713278
0.24316857668964076
0.024037639162997948
0.6023612764729478
1.2294617297593504
11.068383688503673
3.2276328574043873
1.5169476630399004
1.1614679702142894
0.20532551418000367
0.25324816298962105
0.15780031837130082
9.31953090163006
0.19814560899612843
0.7886532577249454
0.2012270331106265
0.2734795303840656
0.7402927587136219
83.3063438874342
0.21308918064823956
0.5012733961739286
2.4139645849245426
6.206251092280581
2.408619245248701
0.9895964702482161
1.6748433724642382
0.17490157049905974
0.22205058363761054
2.040905116653448
0.8312614347778435
0.2927667407566332
1.629441327022505
3.726230684125767
5.866505469592084
0.5185725991796062
0.22104021195991663
0.5085914567389409
3.98772059545081
0.7439217811297567
0.17081427790617454
7.783850967622129
0.9312063557554211
0.5982802954713407
1.4859670572332107
1.0457547271616932
0.08318727748701349
0.5344984679504705
23.541149707303703
0.5665669453155715
1.092726643426431
5.868850693186687
5.941044222439814
0.6806500732091081
36.46128796042467
0.8334716923745873
0.24309707738211728
0.3627206417368143
0.3501488811598392
0.5003080346832576
3.062725105879508
0.2769294589998026
46.71911101931619
1.653507208055089
4.288587081380683
0.6958956740490976
0.3109392192454834
0.808835541451117
0.1401716074142314
7.019284627513116
0.3736729911179282
0.04574917100399034
0.5694404835012392
0.4505275916199025
0.48117033118614927
9.048904308139754
2.830667276215536
19.844155257531384
0.39448303573954036
5.789636538625928
3.322941767768498
1.0700217516750854
0.1268901777730207
0.5861931175240898
0.15021067549969302
1.8407976189155306
1.4426420764248178
0.3930827324038546
3.3046014150604606
0.7707515951515234
0.21031378067709738
0.41204973536150646
0.058353916072519496
4.185922031250811
0.10174699878552929
0.2989276077678369
0.8437269406858832
0.41390250864060363
1.3773355701159744
0.2465376647087396
1.6989919482257392
2.3231026901594305
0.023707376818492776
3.9361569737739046
0.006100589820562163
3.8539333013031865
0.6774621417607705
1.4141617550085357
0.4469514140873798
5.7715281500532
0.26196350905956933
6.1226664999594504
0.38529569478851045
0.47999578193048364
6.205036209310492
0.10141443292741315
0.2369012916169595
0.882762058510707
0.17331537844074774
0.1466570228112687
0.8025023342088389
4.898796095909347
0.25092988851611153
0.2614355625482858
3.3689787293042173
2.233479258375155
1.0333933875735966
0.15528112524043536
0.867632447690994
4.760594704421237
6.966663415609219
0.8336360155408329
1.4623164892254863
5.367356276539795
1.9445580473111477
0.33893406452261843
4.77176252433128
0.5132806266483385
0.36306495865574107
0.003189652070432203
4.977170666432357
2.0768258592433995
10.321411401997466
1.0437285168809467
0.1325517648474488
0.1608811526093632
1.3213823984842747
0.1925011925122817
2.13271610967422
0.7081787239039841
42.49686355003723
16.10104485275224
10.551325465687114
1.2137073642588803
0.11002910901879659
0.12106059810321312
1.3427535751543473
2.1098008835251676
0.3729507080570329
6.358130619119038
0.7078036557140877
0.024219571740104584
0.14434852632621187
0.4375837210463942
0.7239408832101617
0.06067967659328133
0.09644083259991021
1.2107675271254266
0.458321452500968
0.42253190433984855
15.149542568186007
0.34717615531553747
2.100510013584426
0.6401723087692517
0.2527397567537264
1.142228247877938
0.36772155951257446
3.0907428950304165
7.264115581736405
1.7987897450148012
0.25115574885785463
1.140190017020359
9.176303677842952
0.1828412690483674
1.6879105704210815
43.05149113900552
43.53308858216042
0.4542834856911213
0.4932624472894531
0.0919541533512529
0.22876475535304053
0.6670188478346972
0.48064007309585577
1.3518024929289822
0.11081114479384269
9.681235177151393
0.7364936696176301
0.374270622007316
3.017397493702447
1.7888267544767587
0.07939674006411224
5.94504703061466
1.4206695235552615
0.0744763814182079
58.31464955064439
11.137057063497195
4.870710294566379
0.0338290001200221
2.1925052773913194
23.203148232689273
0.6257575415547763
9.419546755514602
0.5205199811862258
0.11539012027424178
2.615038869458658
3.751819437740778
0.9753687551601615
1.0369803939247504
4.59737086253881
0.048609715475322446
0.25729308390509686
0.1497410745396337
0.8674009716232831
0.7665786320721963
1.2570498197819688
0.18125660385703668
0.26642531227480504
13.288521923157532
0.877624629822094
0.17179365985793993
2.5142178774440254
21.439177288895735
3.1846822075349337
1.200852476311411
0.16188463361322647
0.07313695197808556
0.23330622611319995
4.588386008963425
0.3023040844636853
0.022035590205632616
3.911694398815598
0.12083969224477187
0.28685443177164416
0.5153787416929845
0.012000843307760078
0.6646854152677406
1.2578780521544104
12.437132480248692
1.161917290690326
2.1548332131387724
10.506158631498693
0.3522857940661197
0.3823091096965072
1.2076736367307603
0.13081098226757604
23.089355487369176
1.042096378219867
0.7338775022326445
59.848924373054615
0.2582856299522973
12.132751967692457
3.437560740250774
1.9391082020665635
4.5961758875710075
0.7022317796654534
1.587166980294569
0.5446446713140176
0.24286825320814387
0.8999526221159613
3.7325420577872137
0.07999591440602671
0.08172051252768142
0.13874358295288403
0.588048381760018
1.1081009398803872
0.22208913584108814
1.2910264358433778
0.09223272123927018
1.9371626956963155
3.800998946349864
2.6631548542063683
1.1956455113686388
0.9359279625386989
1.7685342798686179
2.603421968429757
6.605404526068014
0.32529561323826783
17.479137304504548
0.5593191944572027
0.662971169607772
2.74399834169526
4.889918541695806
1.1159768692559737
1.2696906431046955
0.17431560850673122
3.7324691933572467
3.0236605543395854
4.631798861777497
0.938777578263398
1.6357648613775382
2.3394426107479376
1.9975308532048075
2.553931474307319
3.778701718470984
1.0362153974856483
2.529194949907833
0.19002111565714586
0.08748358148659463
0.1607615825087123
1.2507152094767662
22.978177288594452
0.19993935678576236
0.05055359587640851
1.0790723456884734
1.718564869952388
0.35381613240315346
0.5483975044662657
11.838934941777552
2.9683035861962708
0.9725688893267943
0.33591261281617335
0.02941294700212893
1.0573272331057524
55.468385797074006
0.09024475269688992
0.7513699493320019
2.3325042889373435
0.4235830669495044
0.8542362709595182
7.9110621181025635
16.131385015203705
1.2131396044787834
0.9937634400848765
5.745551981533936
0.49585850036964985
0.7352713828477135
0.1702464602640248
1.0914536365562526
5.207223188725038
0.20016898629182833
0.7171760406599788
0.9355906727396359
0.934716322029999
0.40845910309508326
0.347451310728502
2.0989675664313836
1.1024474693149386
2.903673871765932
0.8275701021557325
0.3944957733692718
0.29405532127202605
0.46939132537227124
0.8694118372441153
1.1331892352754949
0.7929678522850736
2.797988269234338
0.6464581295003882
4.208911092689959
1.9764013749918377
3.6635646480717696
0.765136267113121
0.40280969910963904
0.4161153696477413
0.6021596749160381
13.716968282311427
1.8071779426027206
4.693224599413952
3.4548064666450955
0.03919410251546651
0.3610139622396673
1.259345271744678
0.4483349522779463
1.4999168298309087
1.5164491863724834
0.3719696364751144
1.100855880536983
1.1518875159490563
0.8467880197204067
2.4120186294749146
7.722516308658669
1.9285808092281513
0.28495788097643526
2.8969883831960033
0.2507954314351082
14.26914111779115
0.2929334725595254
7.264403095992748
9.634399549067894
0.34560457145926193
0.460046630953002
5.71563665263966
17.21899303731334
1.8962627824112133
1.1554559691867325
35.65233408524364
0.40111750712094363
0.18241741073507
0.22307885729969712
0.10986092319217278
0.19322928105611936
7.679802089882287
0.27310437858250225
0.14159761626797263
0.29257985906588146
0.08146320001469576
0.2083230092721351
11.689260610597557
1.5521518869063584
0.23015037542427308
0.33938558423687937
33.58082031258891
1.6341644240637834
2.2276112477411516
0.6462599847000092
0.49348241223196965
0.07211649647069862
0.10609367794313584
1.1232734480581712
0.0597029234013462
2.1872436693338386
0.27294086594702094
0.6873060384095879
0.5959504232196196
0.5225574445648817
15.627301504053321
7.858817759144586
1.028985224536882
1.0991689622533158
0.7352130053332075
0.678707986138761
0.4594949055353936
5.6253300350181235
4.684957212339214
1.6227778822067194
7.195936257729045
0.7268544642138295
0.048664378493413096
20.72946123672955
5.576815616317617
7.600133748997905
1.5262042353278957
1.7938561517221387
0.44277514916393557
0.057868801304721273
4.407880037011637
2.3504111809706956
0.08219590579756186
0.010922151464910712
0.9644909281232685
6.384878478464088
1.8830682267107477
2.200764043132949
0.18106141580210533
0.9359885880621732
0.9740561289945617
2.847440018922498
33.39591418605778
5.067705439385463
0.7168859916237125
2.9469755975987937
0.20184108462854056
6.47128322489516
0.039926353387272684
25.13454602105776
0.262534389472421
2.327136911033449
0.49923221013887087
3.7422723021154525
1.5109331183957693
1.1559406377200503
0.1782195182859141
1.2179636827204376
8.484178411483299
1.3117818841819826
1.1299661531629681
0.5781660409666074
2.1914990247096284
0.5487426753425098
4.096234111744707
2.5313811139276368
1.0250894387027074
3.1539046535217494
0.25907427485799417
1.2172686440062535
1.3410297701266245
0.8998535520004225
1.2368375130245113
0.20982604548771633
1.4336599127127556
0.3246911313399323
0.3574210398073774
1.278918203577632
0.6047785555565497
0.6273097432022041
5.617144888667099
0.6447163168086263
1.9315085430716863
7.814810350606422
1.8518086869626131
11.258569073746912
1.8924375360293197
0.1243976746663975
0.052515166160446825
0.026663655960874166
1.4585383088997332
2.404839269220247
3.9144578794875997
0.6923084838526847
0.3534485774980567
0.06740651033032918
6.358507305554667
0.40021279604479787
0.21936786194419255
0.19528709594305838
0.14205677022619057
0.06174951986395172
41.71944883356264
0.2986585435755842
8.375492655726703
60.672970531257306
3.997911837454012
0.591833329614019
5.098492235028971
0.6841520400193986
1.004727047708002
0.9375687448991812
0.09117040247656405
9.404130458031432
0.48080524338729447
0.2982735547229822
0.29918915622329223
0.4851843076721707
0.42046220901829656
0.07348497011116706
2.2107885939549305
0.19316923443693668
12.324825205199886
0.09607441742991796
30.771924030636
0.37546869312791387
0.7658065257055569
1.0085766793017683
0.8244011554706958
22.741247247322462
1.4688413446456252
0.34923571755643934
0.604552232340211
3.3514193337869074
9.773104209656594
0.8564001462800661
0.11816938242554897
0.06358419441312435
0.08891326272350852
0.5916029081672605
1.209294941087137
14.022177932147315
1.111607912567706
1.777144803887495
2.9962236218489124
0.47876461221676436
1.5542461359364097
0.829908693129255
0.259848109100858
0.6560601843775657
2.6080625033973774
1.5330433873314178
18.32601390900527
0.15409205773175927
1.3321148333780002
0.24463899245893117
26.225520235173462
1.772304353034997
0.4988935951187159
0.3384807652546442
13.928704560603364
0.6244848052956513
1.3296586491451308
0.7333875332296884
1.4016312500571075
0.6617844142820104
5.57529750656613
1.0465880609517626
4.291307692856208
0.028587146822246723
0.021770080435089767
2.108233343104075
1.522152976882353
0.4701187172686332
0.392146205977042
0.9269359888967301
1.2039402322516253
0.46243954092642525
0.7535435650024738
9.604637290784012
0.2969522830535425
0.8846625257247069
12.375901187049749
48.343688333730825
2.71194210970134
9.423614475890645
0.6811541660281364
0.017791189322451828
1.9121419115290337
0.03180459514260292
4.897712698104442
1.806844336057111
0.6602039575445815
5.711119075698662
0.9762183617931441
66.5085734692002
1.4478580746144871
4.783110841792222
0.6293489055569808
0.47436658954029554
9.230233206053526
1.4537895613793808
0.4388083084631944
0.049710118346411036
0.23375161727744853
29.35880744849419
6.528370648353302
9.270124563157879
0.7019048830152315
0.6890696594273322
2.384016544889164
0.6907812832469062
0.4392530324330437
21.8472113010248
1.8626665942720138
1.8081204874288233
1.299458402547316
0.04903984341217438
0.06395856753442786
0.09097649159230059
2.2162120808425243
1.2578658164129592
0.4410595716217358
1.433594571386493
0.37835700736468425
2.151281018206646
0.22951379847654607
0.8733567352428508
2.3301150830120605
0.3551186734403018
0.08303814065948245
3.061690698017628
0.35903388615042786
2.1328885206603445
0.906602812865458
0.5338922867413203
0.45029870269354433
0.19851218805706594
0.30128900971249095
0.45489387210909626
0.21859098349887063
1.1169254111373448
0.9325825990381418
0.48786401642428245
0.7311121726925194
0.47646604782130453
0.33458131630686694
0.4496805921335181
9.104179988229589
0.09388478881737683
0.8170768939999107
2.4772607489176153
0.18139488224187517
1.5194588380363712
0.9968048981463653
1.2436824921715015
0.49338176294986624
9.404976340250869
0.3666205676345271
1.1787846714869374
24.30328672903488
1.0966400599645567
5.310848593871924
0.47450813604154973
1.7048901921807555
4.579490427149722
0.5462940775905736
0.3220084309723461
0.0871157702349592
0.5486889235326089
14.155678723109304
0.1577038228751917
0.42401106769102626
0.17413741501877666
0.04872935762250563
4.693079884753388
0.2920024263112282
22.557840512301482
3.907840407176991
13.86711365256997
0.9004402901518915
0.27156148786161793
1.6416307200997835
1.3433159859923762
1.918902153021918
0.023396802604111144
2.7506982123268244
0.6534735834065941
3.064507063540077
0.6254199629147479
0.6487665730273875
0.6688227347694919
0.5638499015512934
0.43794088917638874
1.076020537500881
1.9022874866313941
0.2742321941514092
31.307450940974377
10.739551284939807
12.931404407387163
3.6591834383398236
0.332686822694086
0.1452675651780737
1.7609267583939072
2.7241033381578745
6.073771540024609
0.38579813134128926
0.27083125506032957
44.711012855066656
0.08131251020313357
0.8864597690226219
0.16471987463955884
3.526674931643356
11.617716905861016
2.96846768454634
1.7575240412807034
0.42146194832457695
0.028310635752859525
0.06786215300235199
2.403984369488171
1.8142495227039035
0.11957540296498337
2.11573655245229
1.0407597216544673
0.3813575739332009
0.8985004690512142
5.981290204985271
0.367046395836951
0.90418924302503
6.048905492643826
14.124568313807686
13.482449502043892
0.6692459199985024
3.6473143914372486
0.9148814402251446
0.019921333165257238
0.10310234479402425
0.09830506841899478
0.1627098181124893
5.812724235111091
4.213669436103373
5.907020849768742
64.35339765857498
5.963128985113144
8.236719791253563
2.3296443269391602
0.03851823518562014
0.7384783597444766
1.7162711104319897
4.088225461469847
0.4511292783099634
0.8331119680478878
0.8152022427966585
1.9794344632209686
2.1657924134815403
0.9337952371606661
47.830386490637466
0.1748384496640938
0.0032935506060312036
0.16267495707870694
0.462287630449282
7.9283970821488765
0.4851549238192092
0.14135148026616662
0.6722106163288117
4.1866322474998015
1.0879424340164405
0.09340621220690082
0.1211665232112864
0.0335041936741618
0.17476420814637095
15.122856746231264
0.5690866215991264
3.2307963565071987
2.2181939398760733
4.0465068483645155
0.7876088952361897
0.2561548852972919
0.06700155427461141
25.092356983535865
0.4784027177702228
0.6457748787761375
3.4264534290086885
0.19366090135736158
1.5149539502090192
0.06615129199417424
0.16635512587163248
4.999841050928808
15.379369688685983
2.7965682304384245
2.55242798659674
0.016693143097654684
0.4032152056643099
5.831727068849432
6.759558480003761
2.1947616674333403
0.5975223180139437
0.13925413354445482
0.8705077312915819
0.5102286427063518
0.39278738645953126
0.371309597252548
0.14024228517882875
2.2432749686522584
0.23895994544727728
0.37010793186709634
2.679748435453803
37.247598143851064
2.513934690363385
0.4078772094871965
12.39682978755809
0.18595102918698103
0.25232684913498815
0.3248655304487329
0.5162058405221615
3.9197057632991346
0.42762869866055553
1.6367319879645947
0.3926453036037856
0.5156804864782316
0.14126736680191243
41.6509087813356
0.19984153936093207
0.44031362215901027
0.499720684998465
0.6073965997275081
0.8300807162886485
0.5989190754808078
2.6551986038903124
0.11358941103389952
9.664476541107433
1.3079965742617787
11.105766741591651
17.23737351467571
0.8367428694327828
0.13767784696028684
0.6549214564438444
1.2700522066406847
0.2065642972011119
1.2381912610362633
1.6156515905531705
4.335101302793191
76.58701370080962
5.556884781231929
0.3138353319336602
3.8111649702805153
1.9352532221018919
11.871333613838942
2.068718555437954
4.270179936767818
0.4643225066101877
0.0022433317717514
0.35769489426820655
23.794449336186517
0.6950773765820486
3.8813313811042462
0.5122999286941194
2.5224084923502232
0.340072088791203
2.753729455303983
55.18846175752333
17.67479096450552
6.602956078979332
2.204768092244194
89.67830187080108
0.1950762340784422
0.46677886430188664
2.1407410260399047
0.6748575840429112
0.7522628323640674
0.05034514550061431
2.919413897609047
0.006298476171650691
0.32041642160038464
1.3216651292714232
3.934794912729558
5.902655438054353
0.3842670129815815
1.4603323824303516
0.12044523288568598
0.7798037174834462
4.140075301991601
1.1008071449577983
1.309602442121104
0.6752044961976935
5.550206299387355
0.7833214610509458
3.330277963224944
0.9582189665379701
0.1660760337326792
0.9598587714390305
0.2713280975513044
0.2787458071834408
0.639705887529999
0.4827169652162411
1.4633852392507833
0.4462068121538323
1.01360051071606
1.329989768761152
2.3270395105028
0.19116975992074003
0.017908714908116963
0.8066994075234106
0.3836119879488251
0.3672786432362045
6.383132091272273
0.4340668994700536
0.2420632917819603
0.08753172318392899
1.0392015802244714
0.8313486306142295
1.5337968314124737
5.385768381260277
28.03143118106891
40.41383875009706
0.13832055993771064
0.16857605550831067
0.5131724723323714
2.6753670065409096
3.955673926506279
1.2684979397999996
0.4541374430555152
0.3284844309055188
7.835666693154053
0.08850911484478274
0.13971081608178793
9.978740113034291
1.8210737510380568
0.2717486911569722
0.030039600242162123
2.1117495668258925
1.0236187692462408
0.7621943387894135
0.860801482158422
0.7730218447759398
0.21989583192043938
3.7387523827856057
0.3712172509476659
2.364746474289859
0.30357596126486897
0.12570197712193476
0.17675732087081997
1.2979941995581612
1.4474051994002366
0.1947359974074061
0.7139059592336707
0.9780309518100694
6.912721522989159
0.04321130376774818
0.15176732860709308
2.1159675829730986
0.632426848365867
3.2401572577655315
5.026460549692274
0.2515775477513671
0.10291826103275525
2.047991134757467
33.95784922695748
2.1147409669902117
2.818145926041325
1.388869710801373
12.165316535239981
3.3936404337837303
2.415897940954892
0.044061851178412326
10.794137690372736
0.3374194966236246
5.66575572320653
0.13428230729914503
0.06292731987559819
67.49228651301746
14.930876443413581
1.9091474957749597
0.8391287354788801
0.05493664157256717
0.37317467128741555
0.7337036678181903
0.23367701600363944
2.0876494389485742
4.3133922005290515
3.363001320303738
17.306104348135705
1.404107754919096
0.27716053639596794
0.32324989843255025
0.023335809779382544
0.8615697836612526
4.076358017278835
0.5577837980890763
0.10306040079376544
24.78188140939892
5.098620110031334
0.8002759599839919
5.515348347304098
0.5540053797267319
64.07380823640779
0.6197280039341422
1.1084496620023856
4.47978074519051
0.013064784041489474
9.908149946251797
4.243224403278873
1.541516607576341
0.26820142378710443
0.19521819287911057
0.3690797314084193
2.5529821110940247
0.1889806037870585
1.140404833084176
0.442122493073839
16.604916249987582
0.21440467259526486
0.19876517260127002
2.1861781153347692
0.5092161304492038
6.866668636284885
0.03989215383626288
1.2220580695284298
6.386859442507557
0.019853497065923875
0.8503116831270745
3.0320380868579377
3.416316005415865
13.5463564013844
2.0637307058277656
1.331623335609038
0.06625720985539374
0.1679938553206739
1.8459503284211678
0.2756632329619606
0.48576376454366255
0.018718768831604393
0.15236677802022314
1.1595107739667583
0.39768815620846
0.0795039818076475
4.391523654696357
3.763432500498311
1.370274291090027
0.5902479645410494
0.6470682894614583
2.5872292349959025
2.5247295177687192
0.7692626276839292
2.7929542417259654
19.863368919985078
7.746249021049152
0.5158209856781468
0.3725217267856351
0.09442702497108257
0.37634715393869556
1.2523602409564774
3.73581728481804
0.42630771947005996
0.8041748424293473
1.6873785509742447
1.1346211384188791
3.6948057102417806
0.33223736103172996
3.5144418009549554
2.677226895757485
6.137227927174536
13.949057614172489
0.2790412809881673
23.2852846782298
5.106147092115862
0.8389791781482927
0.7846102749463171
0.02777586410593358
4.756704961317155
0.2683689436780696
0.1707911489138496
1.0606317113852128
0.9332552485248016
1.9895905684679747
1.4885310554709577
0.43494385009034886
0.47173341483357945
0.07688985377899371
1.1992304181912914
0.6610093125345884
1.964355447445996
0.9036477287845628
2.3563975526376453
0.46750914396398
0.0628864054378937
0.7030114530425635
4.039539621222502
7.6683692770893686
4.8123235340935935
2.8037262384823407
1.4333237905557326
0.084447046436253
7.909478255216527
1.5579808094335021
9.691264915254578
3.540941244318674
9.50969956280096
2.0555765941571735
10.196296203423117
0.6467791225113615
0.3971240805112757
0.7733816062900587
0.08804945628071437
0.04784484673291445
0.16363325567363063
0.5061668929483858
1.003561215595255
0.11615716288361
16.213969120377442
1.5082890715748363
3.2815603893759544
0.46732275215617847
0.5787459239545569
0.6582805941325205
0.46188329524738947
1.0503859886375722
1.0347624873866152
3.6572100312114344
0.24088966037743376
1.8406960383945261
2.0567416173689708
0.47060938190770685
5.024519995589799
0.5307941691789893
13.365573487044458
4.970352423519216
0.3414162359913462
0.5079336685012095
1.2050530019005237
0.13583830306015443
0.04181409296870697
0.4368314534658566
0.26284202225360787
0.2932333438184287
0.5110795513683115
21.369375434958783
4.120396579768567
0.018309529586986173
0.30745244312493014
0.06304642507893732
4.185212668347958
5.012449235899112
0.6977965505466273
0.2927984674061008
0.801673885940545
0.7558588036299625
2.091963939888956
0.5198016567919694
0.6954770952252147
0.16929453871125588
0.237277917436586
3.5869696525478503
0.016145069668709766
0.6836181970975304
0.5764604657560994
0.3708712508887402
2.970735634502489
3.342195471017476
0.5363857698066568
0.2450213611664367
4.5253133220285235
0.6165314182217116
1.4717157513659913
0.2851195918483427
0.15989732937669032
9.293231627681962
1.3210800507404201
0.2809516210400034
0.005726316321670311
0.8007660562216188
18.74305246451695
11.68682435026858
5.5051905739092035
0.5686694019168499
1.8510768129526696
3.0995277908004937
2.0001918349589687
2.7562520948449674
0.053708027397078695
0.5920001882514043
4.9420209209602035
0.8891397776606027
0.06709577748551965
3.392764580796211
0.7014567007863661
0.46267014813565766
5.847884543120017
0.2273253770217707
42.65617587013185
1.2089511080521333
0.09004818710309337
1.1676206061019911
1.9941847149602836
0.410053471201536
0.16065221041208133
3.1256242182244023
7.523972775477887
30.281838693466852
0.11091685594146838
0.5972148297369131
0.2564851265597099
0.07831997715402395
0.8231341361315572
10.544907026545843
5.439583529299853
0.5400919189523847
11.010876482050662
0.7964633735391544
0.648719820088445
1.444067731990799
9.734626544141065
3.1296188350679586
0.7081579059376963
1.352310855370888
1.988580848210404
1.2477542471351626
3.4856334995056386
0.051488162174791796
0.8969471858617908
0.695755036202172
10.384759736563865
13.909474539566872
2.335672169992904
1.665052193628071
0.1533506279993162
0.19383675856079208
11.903532159194583
0.06831944856821792
3.281530809792457
0.005755454283644212
0.033578597285668366
0.5244909422763158
0.06524411725331447
3.409132147444325
0.12604678392744972
0.29668659036178724
0.5040074513490254
1.6190262165328022
1.3592606898419035
2.955320768916863
1.2966288022507797
0.3631147052401502
1.8806288606465387
0.08262304602612858
3.886634976202913
8.530044074435864
2.9360572898913233
0.48452689873374766
1.2034443369157088
0.09006182530356455
0.18045913205423858
0.8118568473655614
2.4423428792506456
6.253966357216996
0.08461760965292342
0.05112485964491498
6.34735456789349
0.11420516074940679
0.7073558789816161
1.688789992898819
0.13216913352516713
1.2337366572792234
2.8557395258067118
0.1502168956794776
3.9367006708635017
3.350262111176562
0.18687463880996802
0.3363048949431686
0.197191037099401
0.04219968704273924
0.2722965655484586
0.5556072089530062
0.48785370577388676
0.14762340067318291
1.380818235946208
0.3199042540145456
21.868734783562104
0.04252494640968507
6.714253547117551
1.5832188237909577
0.3793883407051908
0.3934198837632721
1.202488412753155
2.1136877232820552
0.6172470979545324
0.32365776252481737
0.1591757074529596
35.10053952469025
0.46561351920172456
0.04294041516550351
0.2351811074440775
2.7200746693633846
0.5893165382112784
0.3967087212622573
3.341507102948526
0.024743424837652128
0.3271307162322046
0.9960836020618444
10.946744561457308
0.1701646721412544
5.477305163261917
0.8253506677028781
0.09516576632449869
0.06654033795712166
2.097191358665441
2.4045946505793836
0.3608381444137194
1.0041048919629247
3.392707298073219
0.6568553949291527
9.172361963403091
0.8311826304561691
11.418822139763506
0.5231027757217817
3.2456562423467403
9.49808468054107
1.5618143988867814
3.827653301625105
4.397763287830458
0.11324697373493109
4.120711533018039
0.12067453023701091
0.40635672571806936
0.6238122239956283
0.023633082200831268
0.035244277085439535
0.029483243295544526
2.7293789260438643
8.354572239084519
0.6991491773005691
1.7733119356526004
1.7963056152329955
0.5076914083765587
0.5280584999200073
2.685480892600026
1.0586642038942955
0.8624660207751731
0.21419176627023262
0.5038394050206989
10.73868466760905
4.815409074646595
11.671680599883985
1.2077737307045027
0.9653646890255914
3.0356227306619985
0.42042815848617465
3.1147371936385753
1.3522705864415911
0.30126362327791867
0.28756835432432126
0.20193351806301507
0.06611173062265152
0.4090027992860996
26.64605060548638
0.04110337682868703
1.4906511317094555
7.407141291030712
5.036957059470296
0.01495352057099808
0.8152694655655068
0.31063518646988086
4.494636071813147
1.684537391694903
1.3255136509869772
9.296006587748707
15.318140743522235
8.097619580727041
0.6516951845514996
4.567177432942117
0.7488194204488536
0.7793294904513459
0.33162261174220475
1.5791046829690458
0.4226463820305071
10.378561925666872
7.095759452731727
2.223329523611028
0.8757598597512697
0.6460994164990552
2.0263975652960653
0.12672218110674294
1.0307083856059762
0.6533824153266323
0.9172860372855212
2.931161036460253
1.5159316526223847
3.7936279200985155
1.659792025875504
0.41836682015491533
0.18086505750761717
0.3840902537231159
1.2281624209826987
8.156968484010577
5.064880259855272
2.0253450216187048
0.35732764852582477
0.756881493718538
8.713525286657386
2.9017022447551426
0.31482442542983335
1.8508475036505843
0.060358055896358564
0.2456150408324902
0.31772048028506106
3.4052732655400177
2.8235314576486417
2.439293338175048
0.45399178536536056
0.1766988712697639
0.2931673789535125
0.14641348757140804
1.89536672876784
0.5959861409755831
0.0278652711531322
3.072351280032308
3.463977094823349
5.975836978748703
0.0506716464406054
1.9251231440102856
8.268403773228783
0.5628945661774196
0.8514764396495593
1.9986269742366858
0.8044370895258908
29.46032388254025
12.306980460729392
26.51080785906379
0.4345426914951531
2.927973279165599
0.20259340254415292
12.318776427604462
3.822796258089511
0.11998056280208402
0.8151560762853478
0.6621454386258847
1.5609429865362472
17.95365012322145
0.524518653350242
0.12268695515376749
5.254014607991849
4.5319963753609045
1.686400378930557
2.016559634314035
8.846403083789482
2.5916497569451167
0.029612401413032785
1.64540912024313
9.76597017941458
0.6506590813114599
0.2880470618511026
0.8561804304190446
0.318564507051633
1.4815889014171262
1.7038924828339077
3.467797040775622
0.13729349014829495
20.370446274770075
0.838973533729586
0.26727889465837507
15.221735453709698
1.436248810703546
22.562633894114697
5.977205655708531
0.5560229742150113
1.2629658531404857
5.513951317785541
0.776243953681842
1.806723114419583
0.42772458613762865
0.16704877595839207
1.2679137811865075
13.487861774403427
0.8636523613859026
0.8414546928979689
0.6820362606631534
4.424810454409453
0.019906762667233124
1.6197584383844514
0.056797592995280866
4.1017936892931175
2.1196421254171582
3.199994878606958
1.1900843606053968
1.4487697565491544
5.049257647297054
10.261040272831451
1.9100020948935708
3.7455120247832383
0.4845978059202025
0.027290937228826806
0.0682620064690127
1.224487010134908
9.010380132680439
0.8482252607464034
0.21446812934664194
9.063107870886597
0.20627039919418166
0.15791372516468982
0.7934815770713612
0.49464999883275595
0.13366854544801754
0.9029458456097927
0.19758195125177735
3.197801137004717
0.48782405125894
1.9032272284202918
0.21591194334541797
1.2666347988124471
2.110361523460597
6.739260691825621
3.7445528134448978
1.043542745122977
1.5653580666112248
1.6218997530850174
2.4957950029638596
2.4686846687582147
0.7599828041747969
0.15483438559022034
0.22381589011638425
0.23255508782312972
0.0604017450750689
79.01662735361606
0.6107105909140955
0.08475294325398863
18.26361365782941
0.5867987569545221
3.2597388528083684
0.505636308760586
0.28255111978796776
3.974155815627455
0.4608054235977761
2.49208320751859
0.003289449476142181
0.518264578669914
0.17537005072517786
2.500392007004848
0.3862380747705174
0.6105782704653393
0.4632652467189473
0.10962093300258857
12.768014676850726
0.18826335661287885
0.04277943040142418
26.69140571600292
31.560307978263154
8.760171035708481
3.2875769364618463
14.11963165920315
25.718018225452397
0.9851725472908583
4.025704890929774
6.177882553773088
7.323990237862745
3.0923281395698723
5.921087836777588
0.06137673519333475
1.4496359170188953
0.1599052217679855
0.8044610844808631
1.0280246904367232
17.92619052669761
0.10684995282645104
30.61762042688497
0.29168831344577484
0.295496629554691
0.43317026256772806
1.2016239441363723
3.777206870392547
0.07076461144242785
4.640442316398548
0.5444665887516749
0.8619343492064218
18.210663329176896
0.07100232055745437
4.184808525176777
46.541295116247056
0.8231634885378298
1.1447835550243326
0.8871737551853585
0.4543296539450239
1.1024379979862715
0.6214176421999582
1.4715842593068373
2.9819901037335512
4.032848132599611
0.05465775655466132
0.09522790576738771
6.8737350506962684
0.13486112180544296
14.901014469665824
9.658009493774443
2.395832074005739
0.9259624813166738
6.182135662736982
0.533639292269072
87.08954558063488
0.778937719118403
1.970927692920668
0.3935797593439929
2.111545385378122
2.906201765388687
0.48509664038647315
0.17719656989720534
0.39260300914247637
0.03814608973698341
0.18142632875969866
1.938551677911164
0.15493645316382754
8.83862405617765
2.919521437961521
1.9318286616507976
0.10827676439657807
0.9376973344078579
0.10443964042860898
6.84644463483346
0.35312833359785145
17.66040360010811
2.6257787725808157
0.06031261161842849
0.361350162565941
0.26872623830786324
6.9697312573298404
0.5059996599593433
0.3543981133152556
0.4245577401416085
15.826356722114724
0.3607423506255145
0.5776079746647156
2.6052899651513144
0.13929063874456915
2.8420198392232123
0.29680806033866247
13.144402306767006
0.29460440607726923
0.007514626151532866
0.4247063181246631
0.21060317979936372
1.0094904964134912
2.964631475308124
1.8985419432574417
0.09860718326308415
1.4634721399233968
2.69833924557679
1.1615080615629267
0.6661173768989102
0.7746817699298845
1.724977912261238
0.6562051058135694
0.9247365337942028
1.6883223648401326
5.1772240744721785
0.2832905369796208
0.21829907059509424
3.0775634988676757
0.3518437141246977
5.232476989385759
0.37835519934014883
2.47380227922622
0.8860231384605868
1.2035410767239227
0.03516653193219099
3.051222043697635
0.016996005149849225
0.5425174398587842
0.27366466515377397
0.4628019615338417
3.56170789427415
0.3262330542092968
4.784120969881769
1.5322822708985768
8.580502383523708
0.05473284166146186
4.162443787936354
13.788225013871852
3.191278237161896
41.73716855106977
1.345886256553058
0.8560421549300372
8.988765573260025
4.867203014069673
1.6073063227740931
6.725730145459238
0.01044744080354576
0.1836859558170545
19.843237454068003
0.457591948674235
1.3609125500115624
3.38504662790001
0.08905452525868895
1.6398217630921863
0.10197371674439637
9.563342116274725
1.3115177758336358
0.5952471594791859
7.074277830484789
4.364508849699632
3.4369796389910334
0.11854025795400958
0.2640656606236007
0.30696397727297153
0.1442284177392139
2.588191086157167
10.295669780942262
1.715297655773611
3.656404610050231
0.031551138668874046
7.062648979081132
0.4022178309787705
1.4276613611691573
8.269854044297972
0.18028542682804982
0.09374254963040585
3.7928442889060534
0.26954929305793485
0.6708149145306379
0.8720362593194295
0.4976439975653193
0.2963504084509623
18.17903741736518
2.345191691940272
1.2084854439708579
1.1796522462500434
4.440398034330428
0.12012854904241976
1.0828112837698427
0.048245694299112074
0.8844654715030629
0.4111980120324006
0.10265982336568413
7.252995713257405
0.5126389403776557
2.1048750533591374
0.0754686242871685
0.3749392223980976
0.706561001996306
0.8819650502518925
1.4519223048409913
5.895117391464737
0.1684331769538403
36.323448314360576
0.09444237368006725
7.428320425213315
2.752765654364339
1.5039112093072617
1.8937118136782374
2.7333362210883934
0.260374833134847
5.76071676394713
3.6868217795672535
1.6252796384796966
1.7935711244754202
0.1871254296383995
0.03209014072854188
15.093581670458661
0.17943991639549495
1.0674547034068382
0.35196005120451446
19.449836069459707
6.855623752624524
1.5252306072579813
3.6942894238200097
2.8235012674740574
0.16785542897196137
1.2803243445596308
6.476346841260238
1.904111469953932
0.027208380841329927
2.8633201527482015
0.8760996088130923
0.9417806262354134
0.20261335824034177
1.2718334950295684
0.0499995667123585
0.8715962172864238
1.6979217390871781
0.5793197105776926
4.870234060472285
1.4296063617621257
0.5414997929146921
3.074622421321692
2.176578424474428
0.40972264086667565
0.8232505763808149
3.7884363211014715
0.0020332690910436213
0.6616574591753306
0.4404887461460021
0.20429936880100286
45.13379241406801
0.5042167528627033
0.11931549929795437
3.7711885029821133
0.8531907007236441
0.746202191690827
0.7433220106104272
0.16548639682514477
3.4653017240088957
12.757233783351694
4.962725691100786
1.4537083325485582
0.7133767579653068
0.1943540347092494
3.556656537359231
1.4396782553885714
4.139065324528929
8.815773199432442
2.170167837099143
0.6370851099673018
0.3637907286101836
3.011709443471773
2.7421064529298746
3.3129497684858507
0.1661842767825874
0.07217155521720997
0.06410916977984016
1.9392298908969678
0.08793721190886572
5.796378339462535
35.204596434155974
2.3809945054308628
3.5184954996548186
0.12748773827479454
0.07510637550512911
1.7610901436892163
0.1758813293017738
0.25459776744173723
8.470823445502901
1.4115843065519584
2.3020326861806097
0.7004616943340807
0.8185015104718332
0.17241959977036458
0.1264932251033315
1.3656337066022388
0.47467624207638437
11.88772602708923
0.9017045121581759
1.3624524869701418
0.06106754458232899
0.6386763380432967
2.2155234675046813
18.98644404141305
6.650622302557167
3.575551053025265
10.888847284593794
0.01449403980950592
0.10160316440305905
2.559630914176523
0.8642467708777986
1.469699456149101
0.11949756095782504
0.5953688105182664
1.600739987949055
4.563457875057793
0.04156476818025112
2.7473623526311712
2.262859301394201
3.6056147380113543
0.38443793989063124
1.342552139009058
1.218852737074485
0.2601560329312633
12.758828957736114
0.966616703884938
1.20895796197874
1.6716480452741962
0.013395274098002119
0.23171079760868452
0.7004778312184499
2.563469763717876
1.1649714002887777
0.16810670867198496
0.7160472343530273
8.330806677138753
0.28388351828834857
0.6323480726205162
1.035369410936255
0.45107603770520655
8.453411559919914
39.90918927094026
0.1597955457145872
0.3298003383242758
7.458759754932544
0.024808632904750993
0.1535657532440382
0.20450608613100485
11.2441449769467
0.45793470514036017
0.8499759374208224
1.102523328110692
3.445628666802804
39.42579997844223
9.967700444351067
1.2147269705674262
3.2185219977181987
48.2033544445876
1.8132865749794291
0.45019408721782384
0.504478874765482
0.6114734680195397
0.921076905739028
1.96165544921314
3.4328619413427077
1.9141538170188142
0.005493303597177146
1.8055524569972476
2.085894250049023
5.2429351780847355
0.039436388105968945
0.6742903850063158
18.402926832397497
0.1596015729555802
1.0561184468169813
3.0596673982327047
0.024891787023079814
10.623958674306778
0.8411713321729621
1.3966097191005247
2.2160561002456234
3.720366335095605
0.17950019856289146
0.171484657585097
0.5757784633678966
0.001984750917472411
17.642632926384977
14.296223135737819
0.27546857887500664
3.438738912464032
2.360621992862434
0.4093265484480071
26.359812224894995
2.9479236974912055
5.794203376888618
0.4958351744026004
5.084626027823106
0.8670399349139188
1.4741973529889947
3.048875743057579
6.919342509943817
0.05613780191561091
2.206683747459465
0.30532074048460345
0.5564362319055363
3.7118356906539702
2.0468892573626363
1.1320345619715226
2.421178267981304
3.463607425968803
1.6471190340453177
1.8527390675262723
2.7118790851454833
0.3969132229722163
2.904976775200339
0.9766347847871657
0.4610274294500414
4.135610876608553
2.3096496618200035
0.948685357485374
0.7161897862097248
3.282879311042052
0.09147105740339612
0.1307344935994479
22.47866016995613
0.8586715851706685
0.1260641713743098
0.2220358815175132
0.9249989799573086
3.8886018871489796
0.41220909097319236
1.997120850799547
0.17633002532602404
1.201648284732073
0.30550362519716145
3.1076985804902506
3.40032336576769
20.89609715573897
29.972047592702438
8.900015588005772
2.740735773524648
0.04926635760057252
2.8286371758877067
20.083743801114906
0.1816914028240717
14.925381222896249
0.37367229763549403
2.317517915456847
4.109059097361751
0.36019919066893635
0.2535278785690025
0.5523952275361808
0.1668111903454701
0.09524707564196433
1.1848187272007635
4.717290091546602
0.4633878922359145
0.26679725099893403
15.996247652605234
2.3657823265784828
0.6910241508012405
4.047626975530875
0.4739803003030829
0.3765903184466879
1.6231453391519608
0.03467957283282885
0.16407766472184449
0.5940615958425042
0.3807518616049492
1.540571511410235
2.0692923465103377
0.6418623861209198
3.2638068364176434
1.1220180821655958
0.6850208084761107
0.11930585452864761
0.8389208444023097
17.18357966165422
0.25856605919034337
0.7974488556828874
1.119837006797752
0.8959434775642876
0.3926547846858739
7.135780440999952
0.1677149130118778
2.9446717296596034
0.3494588240100711
0.7150446989762713
4.315318042416038
0.4406037126791489
0.39895748775234097
4.055392248592398
0.09418108862519148
0.6959056870255154
0.35732780221587745
0.28421911444092984
1.7276788777344336
3.8571131716817035
13.223426200882386
1.6375797687942395
3.483796684529807
4.19251569257176
12.47788386933098
2.455861558453762
2.4927994549143477
0.2605776240998239
7.134747203581355
0.08671675473306095
0.3564321920785005
11.490151965983387
0.05852797927582287
0.02161191797858919
28.43430409242137
0.4841381216501759
6.265667379586375
0.42524986103671836
2.5102359074153355
6.645419662458153
9.581875177082111
12.57737791809268
3.631851416976133
1.0696764276217436
0.00852051428591949
4.2196318909482216
1.7649801126062812
1.1971588785672793
2.6870532240463945
3.7804617208566924
0.245090334869019
0.5401785730500706
1.0863158363572438
0.03492987001664005
7.368906092302495
0.14027935550620896
7.150010647441377
1.5564077626622748
1.8270916513756674
0.6324317588660051
0.26078368670641794
0.28890524301459664
0.40766991662894725
1.7051401960743533
0.2780639509182947
8.825066913632327
1.4968668611072644
0.7647556719493878
2.457204612397618
0.015290869869204471
0.12877543925424106
0.020604735298547894
0.09426472241466399
1.3292512662155787
4.564959349238052
0.11933913308894262
0.013963885758130345
0.578836656652129
0.3780679615701956
0.9229231718200026
0.05563512281514704
0.3592729697666073
1.1889014078187756
0.6326709087807103
5.860581711134728
2.8639303835880128
1.8587580363710003
3.6212231200915994
4.668276837441226
10.666201724379789
3.4316255505764275
0.7027962749161816
45.477952865727275
0.3122862221025571
7.06375992239191
0.49194370938494103
3.3062170504199457
0.39638559977174737
0.08453591581564979
0.7595588006843172
5.444672175526648
0.38549288696958683
0.2321950938712689
0.15318677283721627
1.4221933943917975
3.3904775877235807
5.888293150201207
2.5840719631778484
0.9914571405679453
5.871215437189676
10.970861594647431
0.7481519870452757
0.95231998406598
0.4153316475676547
0.33527650906398776
2.4630017810595746
0.30012167019594926
3.968513176754641
1.750403950449254
0.07599559924346977
0.8114059191902925
0.6914471918462368
0.05565084912450402
10.077142566129623
1.8531847035301325
0.36737246969278203
0.6211622086120769
0.06125686263112584
1.3543495265184902
0.1895681403366325
0.3691140223418188
2.0343283116562816
8.046122929084959
1.0576728862106393
0.5596562514583638
1.2197983890982869
1.1631202828612004
1.8031968890463759
9.565046567844547
0.48640547940522083
4.559698403820221
37.54011604289917
0.23098310247587506
6.100715185635636
0.3044008777505951
0.5938636334321927
2.0322810227953596
2.4879910756717436
8.399252927556518
0.16043195032762014
3.070928530240053
0.284350719419308
0.16208763191389153
1.6598666208956274
0.03958343738486292
16.069087750434846
1.4781847646663664
4.618507906950981
0.4935492188305943
1.8518581081661978
3.7867754662729567
3.5801703462711885
2.2769817704866
2.0237279683642555
0.5166361591436726
6.802370021276147
1.2381104319101723
3.0058508372239885
0.87959924599636
0.017217249875102425
0.07779818960261764
0.14768770812952425
0.6804257305338979
1.0276513077114942
10.786717971823236
0.7375766690602177
3.7047044738937984
0.44343860513254185
1.084861951381754
0.11287616790286847
0.6411263967202103
0.050630696223379346
2.2910905354438
0.6869935778049694
0.3945623965919367
0.08985610644958797
1.8181985590599652
0.6543217698999797
0.7176015268232732
0.057083528885414125
5.315417555597378
0.2466596453996317
1.5539599201947567
8.940942502598773
0.032128940933034755
12.0287726691422
0.5755521488645172
1.656028002151288
6.2925120601503295
0.34089951169880806
1.849609705797775
2.312650011790538
0.2783490444853669
0.3579034837857762
0.7139530261192704
0.3913304446541588
0.22454393019506824
7.23693400895354
0.0661918006844644
0.5172721144481329
6.448281264689285
1.401841223534575
2.2598795300036727
3.3827927332495165
3.1067489182023564
2.207401471408957
2.7772622185584623
3.7988767523311253
2.0975409649618086
0.23049198848457308
0.6968269549361139
2.695617145560391
0.19442802705816575
2.8642909181580762
1.144657537159219
0.6570132255292265
0.8751329064180027
20.322744832821627
0.5797136875989963
2.1222008581171394
0.01962189280675375
0.3146941408813291
0.245333102553559
0.08744932585614151
2.0061971795257705
1.9750092465255875
0.3355266981452587
0.10494478902546689
1.9474673776348936
2.055469737642852
0.24629073703181348
11.07656414007215
3.218642501065915
3.527091963816929
1.259615726343327
1.567200951911218
2.175641456477024
0.521296927901858
0.12370959443069296
0.2091309688948968
0.889772133614315
4.082906635569088
1.5816737789209583
4.366510085037589
0.9864575825049542
0.10385623986439896
0.04221712356957141
72.66523198732466
4.644347495257534
0.518883996821387
18.56406183134459
17.433428335636563
0.1621516544073529
0.24159508724187617
0.014476536714937538
1.3532816172664752
4.845778827351751
9.233475466633536
1.2002967086227727
0.5240910391839861
1.4756282479138463
0.15378376839362318
1.1027252555977611
8.212488088640384
0.4763953874062281
1.31940987636699
0.28406159959195065
0.5410739896833547
11.690959739364189
2.5221694239044155
0.6358495600215974
1.192296746899956
0.6081905235987506
0.6963897142013593
3.1021583245783404
0.2545223043198348
0.01758422543935012
8.118088291848835
0.11537877966839005
0.4241684181833989
0.27536471968051046
0.18671937267208705
0.9635434616357088
0.2360565995259094
0.30926679769254406
0.5126523001672467
19.98050268818406
0.1300128684597439
0.18549238159539527
0.6855308020240045
24.28925476774384
1.1013344897146453
2.367515970749082
2.5785316800975124
0.05643655337917153
0.5750443204451585
0.6717373417741328
0.06567593780346215
0.5667172118628514
43.61439823521141
0.5537757714591862
1.4238616144066327
1.3707223663041077
0.5229259627230931
6.9403183575341245
0.1987005121045513
15.408856080612168
0.004765948538988596
0.1967961427581031
2.0264692740893224
0.1137309749283304
3.9434104156352987
0.5901169922908593
1.0244148115707503
1.5011583420127863
0.21188848478414002
1.9717370369944547
1.9616809170001943
0.2622401164881012
20.81074253362749
1.1419721583624778
0.5947480941176764
0.6676451617422572
0.04746858633006923
0.034570019433886046
4.690685487614246
0.9514655297352874
3.6404503964186006
2.38195453341541
1.1101412700809306
2.5857773167263076
11.102658383020753
1.8621152400010033
0.14592481613726704
9.456187038733333
0.20058840658384725
0.2669306478710496
1.067304484124179
6.191282685183978
0.3843410494446289
2.0834200375902583
0.4386998575209873
0.2515191547172435
0.09341427505933098
2.287341349870985
0.3896267315103614
0.9573353514133487
0.29113110660546226
0.8428542008914519
5.295112507232261
6.617263632058894
1.500855918326124
0.8312800712919852
0.19039169886309537
0.42592593174776994
0.06697896830519312
0.3030947911320254
0.9556332144566113
0.49801264533016365
0.004274546201486373
0.08064213197576464
1.7609547726278834
2.7407664845923136
0.6722203594690654
0.19867171523947036
36.638097252442094
0.05939405305252876
0.3440610542347713
0.15321831505207228
0.33417036998434924
0.1111576943367254
5.356608067879279
1.1094387744306005
7.08479505887226
3.840748029488168
0.6953606129645777
0.5451425915962318
3.0127233964994957
0.30876855220412835
0.07625395010836655
0.5301568370596215
1.2072096559604688
8.501084543997422
5.413745474412281
0.3690425675958977
1.5257754307276628
2.0852523317662417
0.08480533181500505
1.6579283011924417
0.054443624834675575
0.15959516069415258
0.07828678257283173
0.3521243684917863
3.1326809746860818
15.849624184869754
0.6083707132311247
0.010774776776088402
0.1230409974414215
1.11658222134065
0.06836216000010609
0.24485957961223903
2.9998674057715107
5.19535864671343
0.25365221873653354
6.693832147222565
0.15542579693283187
0.8348961225783569
0.14259769849377335
1.3475374660665693
0.01226684528592159
7.8411373390990775
1.4028630204375077
0.10923845955039724
2.98790277016451
0.7943531882374373
2.422070912882191
0.4159229974357004
0.1535702221444808
0.039776125875505386
0.6800879306247225
1.58244665735765
0.3576907654351089
0.47219818095254595
5.9090698116669955
2.8404785908242047
1.328591936511657
0.3868656858248869
1.1652595614978054
0.35953535979570006
5.968769068480469
2.7850125886980095
0.055773888245312264
1.958171973714343
0.46921172320799087
0.8885468431035406
0.0952976909939025
13.290216249406512
6.273106083386665
1.001583723074873
2.080064329882589
1.1169141606405901
0.5684804000957229
1.4192649493961653
7.465796141350438
0.13564608302112902
0.5697758942769724
2.417815044598683
0.37257670710096136
0.11515678747673519
3.798928432384855
2.3269673755421536
0.4956711386803363
5.139787247717322
0.5513424175369437
5.975647559902427
0.8847608540345391
0.3472250790982798
0.03567403087436105
0.11744226448354311
0.11478623829316348
0.2811079989223799
2.1059780569667055
1.1937126471311785
1.8068714007204107
0.5409667163185077
0.41450411854020786
2.653926192837389
1.4060027764971892
1.1066971765721973
0.013716824760194868
0.5950104827716132
1.9991652548014827
0.05125975991177256
3.8040398009616183
2.3991415810378385
0.18263436774577713
0.3032441329851281
0.9123074432427529
0.05740652779422817
1.1772021766555554
1.2065968931638054
0.05823601226802566
3.358225974592642
6.951018632858904
1.3834406053792918
3.0083601479163917
0.9001981882138352
0.022513009953399887
18.375178544971277
0.5311640473628358
0.8312449203622236
0.8941972354004974
0.4387851808241976
0.7147779129627452
5.4007181225279055
0.1343268807795539
5.356296999081678
11.168627770952298
14.957872734328703
0.03431437792460201
9.71376498726022
0.33703531966966693
0.6946767974986869
0.8985844685485063
1.4021331092699256
0.31681597531496664
2.160791118079942
0.4821305491386738
0.7812599040771602
0.07494034652336268
0.020045282824867172
0.7569953262063791
0.9871725489283563
0.9269081858765276
4.252442198685458
30.71366108028451
8.321816399991803
3.219654972806893
0.24596475724320044
0.6442182863502239
0.0962318996535032
1.9674033493356546
1.2430381437116012
2.3378835483672447
7.541949517340981
0.07115584021812538
0.05223458998807473
0.07637425267603248
0.6337413460823882
2.010613614387694
2.1798067930867546
4.272136817849969
0.8011010627669748
2.9442950452357763
3.951307997434924
0.6037646723852959
13.223069253508584
3.693137666756229
1.0579406777615077
0.4859690503690217
5.619417336667539
2.6105785407598887
0.5527763536920247
1.0766073784943728
14.359158798099088
0.10636633080503088
0.36213798499375116
0.4132009508102783
5.9373294187716965
2.007979946647538
0.3269279251435364
0.0963970731718291
0.4877325310953893
6.644649938749353
1.7766423292050604
15.6010229448475
3.099235070145369
0.30996395239708363
0.7590124446105619
21.242114754841168
2.020091261209018
0.5809707726584747
0.06166207769638277
1.6148133748174587
0.8499936534426524
10.133106779401714
3.943735635926714
13.381975333795708
0.45313185465420247
0.6447022781685519
0.021829716675711097
0.8082920718334208
3.7822253738449945
0.10667091895084013
0.19313089844217757
0.028748908385750838
0.5879033971723402
26.674859457853017
19.788966967473243
12.102022587547253
0.02817989908362506
3.787072642651765
2.043264397099847
5.337780579666287
32.0896244282776
11.44584237323943
9.157120813677466
1.3733927662287897
28.87413773184744
21.13091446629187
0.4051843553825165
0.05099548432554002
1.3635467756175785
3.123726620859088
1.514168911613524
2.2915037643542746
0.35582935838829144
0.26880155649269
11.649535419583117
1.0093794726017222
0.05564489746757317
0.1398748254068778
3.326703181672201
0.8361156694554666
4.822524693296145
0.11369605834624963
0.4707661115571682
0.45234896183319506
2.801294738874276
2.653250973431568
0.4797585470805643
0.4102152038976783
0.21718878811589093
44.17118937674968
0.2991896197963797
8.795855659162044
1.8049410741841712
2.2710050655150553
0.009874049908830784
31.397364181655576
9.711348696575442
3.2561608540127054
1.1907930383022176
0.6808858952572336
2.1754251827806
2.5428148891478486
0.01825451491822605
0.13280657056748169
0.5681682631475269
0.6456280308957503
0.23422928260697518
0.6296957287122495
0.6789797136370908
1.2499917602071946
9.171585146952566
37.617895337127266
39.25095984301515
10.128029631072422
0.12058752384109539
0.514424832588702
0.2724763007317961
29.80838585343372
0.13349234575071023
18.033410403360904
0.13086009547987487
2.0316294421172643
0.24809988765991875
0.40557331568561494
1.3090957777458243
3.9453836647808203
0.6931014912734099
1.7731886929395841
0.020079703910596436
3.675903926810861
0.8418227348629443
0.16251353373081656
0.40964557853658334
13.857926230371959
0.5520963025846868
0.7005408726654423
4.807060770126554
1.4450543732236838
0.16960981526062824
1.1779193306902016
2.213396054750774
1.054173842556338
1.7987649994392996
4.512528185812698
0.006185274116432993
5.810526573557581
2.8591632400930393
1.7236636059096782
1.5426632144699397
0.8897496567151393
0.5606505938667397
8.049565258832445
14.518788698165736
3.2159063495601004
0.19245170226713526
0.09785982418179628
0.532224865812168
1.8607646857453801
27.26341148315987
0.22845804940516246
0.22990076058340492
0.27185348314378643
0.06355941580841318
0.002380097794230096
3.5362961543432903
0.13252037078564172
0.2637067591858795
11.722784715151647
0.013493206857674522
3.8812416746623057
1.6338689420263108
1.9921955902536865
0.020946302040101727
9.67276109804152
0.7674055937131925
26.689316254487494
0.3219603755096614
2.711108464998688
5.004061357842147
1.3313762812504137
2.442856204645068
0.5368785114224011
5.722221225791145
0.2559927808033535
0.00699498953690636
2.7795421707669448
0.4862283365910116
2.195913825868047
0.28156093351208256
1.0907610290378216
0.6048424209075165
0.7725793703611998
0.10007357906579273
8.281562055715767
0.8513258126222354
3.4867149703932228
3.493700193896075
0.3186150696819823
0.2804872976957995
7.92447025878937
6.909861177573475
20.66307277159649
0.3154609482116939
1.1833692897780566
1.062857304015779
0.14800772448870703
0.7633235113571573
12.099848166202719
5.605376178813458
2.128627593825513
1.1042108710425964
0.015095908685907489
1.3486209032089391
0.002847940646461211
0.3111645170611155
2.3800349400553387
0.17377292147284606
3.2606948043539887
1.2071739011043974
9.113108669946087
3.0880302520927216
0.5060102526986157
2.3873723076903843
7.047890943165839
5.1053970047105395
2.7966596094738634
1.2712295143355732
1.6528700498929538
0.19027569969330216
0.10271459240902914
0.010548691519943532
0.09637157506949734
3.3343834841507487
12.946743102114851
2.2002495778178854
0.49236293740250403
12.641872800533747
0.6167997275369999
0.26984969560726313
1.2391979772219202
2.4202516310324427
4.012538799423055
0.18107256308212527
4.587485189909785
0.3211996115351212
9.05508343505062
0.036081605660001514
0.1575917874579318
0.22305646764289122
0.2772977925342275
8.81629765362959
1.0761870479400386
0.8569954241538653
0.3533437125115597
0.24465770232927753
7.461612093124131
3.519367606488231
1.295322617090278
0.6641582213051151
3.0696543564154126
0.4628251001777244
0.877992753910803
19.30713909147744
1.0993887673503195
26.73385568379672
0.25024776610007393
0.25401029181375634
1.1383577607884945
0.6201748214989493
3.962019044243789
3.9301621418890136
2.4042007997850305
0.8216786677730852
0.5628885761034326
1.3648974180250661
1.001475169952755
0.21129546439624391
0.018895862333010882
0.9048021351991338
1.214491047852789
1.6277042706351494
25.5694643548959
0.1761507227747643
2.0741899400527473
4.48482532415801
0.013624965908093145
0.8676836092017766
0.5275260669295676
2.827226553839864
0.1308149771175522
0.020890691987005994
12.081983429467073
32.71071784455489
0.04130044008343248
3.3459089463685814
1.8202518289581349
9.401301618330763
0.4497427607966529
0.4821161538930028
0.23058254233183106
0.4602134225788177
0.3873289862895035
0.07561367379457806
0.41105260088443174
2.470842167560477
1.309890837452258
0.1354063216713257
1.1762298387402552
0.6566717690475343
4.872571637213696
2.2385908792857663
1.1287871792046644
0.191953431640286
3.754214183318254
0.5909613393632753
0.19016690814169124
2.7365604383630853
0.47031323229748523
0.1315860327304108
1.9192043045513856
5.8042518407564785
17.994747568714956
15.4995886380093
0.7404132539195416
0.14865953594562598
0.3009848677102127
17.752153892812203
0.05958177878710558
10.686660156548896
0.16124589120954624
3.4907351215697418
0.812341175358597
1.7759888336076983
0.8417211409941956
2.2596015869785333
8.403186271687446
1.6709013667787076
0.1920960559764353
0.48730130284820916
0.5294369651928719
2.107113768950512
1.682672427057696
0.1780520195425197
0.6987696726318973
2.758439351720881
7.209802051173028
0.19654258350419695
0.25773176773509476
0.7044158531462017
0.006933313066838309
11.334655207581818
2.6844964578267536
0.9577326268554316
0.7899373288855713
0.7788830536192108
48.561771142725775
0.1525786750280531
1.0453077521524392
2.2331928464882367
0.15412000890137278
0.6205493464040046
0.07135243208540487
1.8702050017927832
4.150398988469533
0.29697543218935607
0.04188110768882325
0.05873276297279517
0.716469364673685
5.263546761914768
5.282716288631491
1.3914114696272009
2.703952490581287
4.211907364300714
3.4124384428905614
1.5602063509177242
0.005656391524098581
0.18220840362118906
1.9494005885317165
0.5554930477810558
4.801471510389092
8.697952316160809
25.793545492433623
1.1485384122825053
3.6269499064692354
1.293204292345763
0.4183818326673645
0.49200834203656996
5.344193008033471
4.167981324932043
0.047374586090882076
0.9189033366310468
7.606769268390053
10.467986325853417
30.920935561614897
5.250873365894222
0.23933479292463744
0.08753656833869172
0.5823130503595166
0.9941846957299276
0.5772876053561049
5.36222799344614
4.3588156123732915
2.1249423338013003
2.6834979024170025
1.2588712110737106
11.912138805029826
0.8667943407854182
1.7171107935319014
0.6093089568457799
10.615209005594807
0.4722750637920399
0.7303448565398867
6.153757193002093
3.529390878164122
0.8125452816275356
0.09468930380171514
21.020479186783632
1.9870375325917848
4.875834987684357
1.3910507471882738
0.13142250640157727
0.3428927924542222
0.3311020268520224
4.40290379007638
34.74702613303816
0.050569984792673495
1.9291540849371813
1.6057310871801747
0.20528420939444914
0.6790936308789242
0.7693948445485148
0.022906784521183
1.6744260543200653
0.6307285020047857
1.720885410784831
0.7040680410282221
1.5139884942909703
0.10754226473727613
2.802846524366032
5.935511992895044
2.9079058348324907
0.9254692778813478
2.2967440470238216
1.3417877089086687
1.7199965503714338
0.25540539400390116
3.568703195476701
3.886474329876364
1.3659791095960827
1.9775183600795572
4.558788409132831
0.25824383133658557
2.37245088589043
0.6950971940350428
0.49958710332794
1.481796936954197
0.047899568096909206
0.483289503143169
13.650546337168635
0.5106729540530068
1.513654472080816
0.06972816885172506
0.12142719890834996
6.812620245636936
3.755262132111966
1.178412134253449
0.35627349922651774
0.356182367526344
3.278067524166545
0.04084653360405355
0.14053339570455137
1.9438933226047084
0.32567852056672564
0.1360185567791632
0.3375053481577197
7.801180187660066
1.8167508380247455
0.8470077662568656
2.6525308556156233
0.6277072441589553
0.3181923312949948
1.0589752393279923
0.4096240718863555
0.0936533205822343
0.12978451402523206
2.208233021785418
0.15127139278774848
1.7796903643138648
0.5812639245632454
0.4110928129084641
0.9557026398179005
3.8221836070624704
4.288343143667589
27.356005302037374
8.257878800817707
0.7418441182271636
1.3911071687070944
0.24234952746337513
1.145398801054398
0.15736451287739328
0.267111565113737
0.7090800090409175
4.244661503722455
0.4327029530359141
1.1645070804443094
1.051520757497201
1.5993157312805124
0.6619630826971843
0.513241974007542
0.31040551932528615
2.791026418108231
1.775767403007194
2.5346538559278997
0.36721590022716555
0.5745206423489435
0.42997471582566504
0.7699603760738682
0.18820175903238123
2.071386247775081
1.361313706063811
0.039971333633729955
2.24386439663067
0.17617764018723392
2.5405104030360235
1.8869056136572908
0.20177420420804992
0.10119769432276371
0.36431030137100606
2.7239651113304717
0.8156210784181894
1.4251499546153354
0.5444362678208563
3.1840530576228048
0.2620881987531902
0.12386936555049033
0.8094260360267072
0.8473267730514635
2.5069814953094465
0.28420330659355386
0.1549295358490781
0.5969237344470457
3.672659379324614
1.2007188294846856
0.043864886443770956
6.361559930090152
1.2345708152424777
0.9843798478686949
0.16786504715128103
0.150649008101027
39.67222119917642
2.6308840992751357
0.3063055033744604
0.25499092744939844
0.3182033934936044
2.146973699251248
2.1207538533308252
0.1030060527191381
0.23843205664888956
0.5847419257224828
10.823083904579107
0.3596436963744054
0.07584117558508296
0.5102286230903701
18.852005746477516
1.8165906198373705
1.8052500332632917
2.740302624337346
25.318902597155102
0.056249910023325356
1.6158637507833191
1.7237948958354536
0.6667214913686621
0.5833209043012175
1.0151334171350754
0.3539041760559485
2.450365770713688
0.09121737151144771
0.6971721212648845
2.150060418251087
10.186319929725869
3.2055509394231194
8.189341078777943
4.297368723211548
4.690490292774484
1.069833749501413
3.522677362700051
2.002326453133719
0.051594648022728506
23.8268997881205
1.5508101626764983
3.4579988419427536
0.6580920540181978
101.66373631166425
0.12907684264791897
2.5552166194538586
0.3127013240045926
0.5138793472469843
5.932901759559172
1.0946899848313478
2.790950980492198
0.08640858231956372
0.2867604287348513
0.660271768047096
3.600340669578145
2.024447339368635
0.3753816223288595
0.04862599464831874
5.601601456430217
1.1124676689541957
0.4574664444589871
5.363890621272731
0.4207443823106587
0.47392063528241124
0.04720925892615924
2.9563093784199737
0.7146085180829687
17.245801965087594
9.901135349187825
0.190774271486589
0.1922265787361539
0.06474993893061765
0.7831663269425917
0.06418461435168865
0.7358853619371075
1.1340088519609708
1.159953133246745
4.435060941912525
0.4208095110152499
3.028095347170165
12.415961169859656
2.0731792538281297
0.22498922437807778
0.07930061802471755
0.12162376775086159
7.49373955199917
0.24192656927698408
0.019155620328092482
0.6294188965621288
0.7280061707970162
0.8992382307551452
9.467391465190303
1.697151078376919
0.6692446586130245
3.0752711221684876
0.02401437460866873
4.610665667136345
0.17678555627571768
0.9459560227733164
4.3809863157403015
0.5611053474458458
1.5819922134869557
3.163648010831821
0.4080248126119841
6.084920044024329
4.33976963436362
0.33442970059695654
4.81867255866382
25.1243982718006
0.6457051213910745
1.0453536978784541
2.1752415849441604
0.17822494677602663
4.479611525723158
3.3173116365796886
0.7816439401103707
2.597987648066919
