0.23740222891501617
5.714818802342052
0.8106727560880245
3.05495613378298
1.423219830801827
0.03536800363508519
0.7995235759299248
5.00414737828396
0.08069158752186922
1.9946372174090357
1.2501920775393955
3.544140642785351
1.4054781711965916
6.529431987859425
2.1148056530582835
0.6320840044572833
1.7928997784038074
0.1749493568277103
4.354868305577838
0.08604733691026922
0.014480552948953118
0.6406846741811023
1.7852279204234947
1.7378516747849062
0.147810540140199
0.4510244992998196
0.32356893351243343
3.2022249903311604
0.22398290942510357
1.515788903729117
0.262334973544057
1.444895861131954
1.8569930069788825
3.5633164242462954
2.579816797398962
0.03799584415537538
0.04582719734025886
0.5478925922288909
0.6772210646377061
0.48164386385906255
0.05903057173418347
0.5547923487101798
0.668305698025506
1.6132200150532299
8.762124027467507
0.14527945581357926
1.6532339280165615
1.1979406270038453
3.4138893593044486
0.2894451581960311
3.0142668301195954
0.04343081288971007
1.7479451322215027
0.6118721052771434
0.851441093836911
3.3908372910882463
3.0750345847482095
1.330600084438629
10.900530077371513
2.3579267747700214
3.7815297917404678
5.010098455284606
0.9364787122030975
5.623345595311548
3.4292231022191118
0.06973308626038488
1.726715254924784
8.164365009892208
0.0751860180098447
7.22013059391611
0.19607403936970513
4.736590444961621
0.21820540583576076
2.520903225442453
0.9794360131563735
0.0946509113709908
1.9539731551485602
1.734744796907762
0.13731752801686525
0.7592957269880571
0.14200282897945726
1.0658168401496368
0.7899058844122919
0.7174471503749373
0.08575527738139499
1.324469242892519
2.551139388291631
3.299349362467183
0.8039178613908007
1.0076519040958374
1.1019932611234253
1.1685201924556168
0.7460383790239575
4.277669125265675
0.2470171176828444
0.07992744030343601
0.23139681412430946
0.615236531230039
0.032321943413990084
1.525844763731584
4.717982603280689
0.08145589886407834
0.8386340074357577
0.2564304154002457
0.27066384994395776
3.477555135235889
0.31907705772755435
0.07644147059909301
0.6714780989932478
2.5007818672893336
0.43305003207933623
8.475005583306483
0.4367111100218608
0.8514525698556099
0.4162397445179522
0.12001994392630877
4.533802815312811
0.5854452292696806
3.405298393663543
0.15245927619253052
11.173288055084413
0.17666363438183907
1.3023710383713478
1.413116180236102
0.4968667450884823
6.394101020989183
2.688261365845392
0.590893758679158
0.08847621903260006
0.4811038247644319
0.6880046213263995
0.7370309726902633
1.1624198846693616
0.36578325785376364
25.906349363918707
0.20343141769990325
0.00529999312129803
0.6016373748643673
0.6857922502895235
4.481597247271566
48.216557730338536
0.090241497833631
0.8110815717082005
0.976959507643187
0.01470135647105053
8.40594286400301
1.5842862675781362
1.9441883492982015
1.6870055666440749
0.4842569450556766
7.8023905709633254
3.38269234715699
2.5707256176465307
3.5343026299451594
5.620522579803946
0.6004844585550018
0.04057517248293152
1.8549635825911537
0.535736483099754
0.7898173747889814
0.11742359399795532
3.599282812763704
0.7199216497974703
2.207248025959416
3.943983966993983
2.5785185649438063
0.4700374520034529
0.7545430615282385
1.9866195421782322
0.3274583590682596
2.2769292956218123
0.8577588482730789
0.4299092703004135
15.198568763000367
19.784666553110583
3.1209355654282263
0.848572032773518
1.5658018026515492
6.415368496978772
0.00032104244746733457
1.7536377109936439
0.7483930698799668
0.8751596665315446
2.4365115399923525
0.23671600517991465
0.1976446385087911
1.0124121055632713
2.7563958667815314
0.6735277158659301
3.8124419049854623
2.566676302216365
0.3047698748559924
0.30717839685530635
0.5314065859929542
1.3300683296110947
0.5406900199959637
0.5899642491203849
2.45077893207781
0.5215606273777667
0.7278134715452325
3.7883790577179752
1.6935272501723375
6.047776267303561
0.11543520523264306
0.022955841253860854
2.319974416088371
2.8859967586104176
0.11271703497186536
3.4706155329113244
9.894527375101461
0.4839000642168685
0.23886149336613016
0.3237797850379138
1.5250936656666454
0.18602292646392016
0.7455104682303499
1.383970359544037
1.8200712129109888
3.1323369206365896
5.886910102926777
0.25637284006370464
0.3311531617582659
0.9756142558326246
1.2831523817003472
1.6693885658678482
3.206641749755363
0.572292636599741
1.4494611932750558
1.1017012523516314
0.2639160739199724
0.957369739189744
0.31756649145972915
0.5665661121456651
0.17442104701331118
3.494438095287478
0.09841360075370176
8.444566219746775
0.0014122839347692207
1.9872971572040115
2.367628267056716
10.38593841286638
0.05376797541248379
1.1088975943275727
5.600962115822767
2.947830852746847
1.036741118718055
6.486270792440337
0.7333548068781965
0.331192642384849
0.1715226193991839
2.4061884566326626
0.9515576112025883
0.405212236350053
0.2238945078861434
2.9490550820701174
0.12371936926501803
1.255870569315448
0.990156669744465
5.056816079078999
5.57376619084971
0.5892192808532855
0.12959288577985717
2.7603351966754417
2.5914389103272697
0.039457528517232276
0.2751827548709116
0.3489058878549258
1.1463919979069033
0.0656917421874823
1.8052667150259367
2.880083865922643
1.8480890282444307
0.1553936326672556
1.0950230920643662
0.7965572088796762
0.43581627612002194
0.445128833205672
0.11643832040863344
0.9778720153190079
0.4548955510254018
0.19871385596343316
1.9782263247980154
0.36629590047959937
0.06128136336337775
0.2676370068656979
0.6122358446373255
1.5985600322237588
0.16517695692164125
0.5498914539348334
3.9004078055440914
0.4664154825513833
0.467637234571157
0.6537912508865702
0.22792955073236953
0.8709012800391065
2.1731056780190556
1.2567314106345293
10.153279296639084
0.340055907065107
1.2251323828095337
0.29186805634526536
0.18545698633533902
0.5159128644227167
1.1160663518676301
4.490266918794077
0.133344412293809
0.35271442910743644
0.2451323703644448
1.4822163276403444
0.02560005654959241
3.181112337842933
0.8397262747457717
7.678472841376788
0.23986086550576147
0.3228870650855242
0.7576803458723589
0.21598479691601824
0.12680642854684265
26.472465323204233
0.4614579101325944
0.13251108539407142
1.5853788409513072
1.0740309421234997
0.5925502192621934
0.42250574167701416
3.6369612082999083
1.1331720051748562
1.1066824052395532
1.8416149262120598
0.2981761750052101
0.8705994485280826
0.533382731176971
1.3667705889019999
0.3421582531518652
0.05899213231168687
2.0231674174719956
1.1398486448306357
0.2559920305793639
0.08500711609667633
0.049180088921275456
1.84296667399758
0.5677940125460736
4.411621664708946
2.5682763607401284
1.3133091195268207
0.5588722661486827
7.604403272089257
0.24176693505432922
0.16234772188181523
2.10087227254553
1.9823087518961984
2.1394082042825175
0.36262977178557776
0.25026880684890784
9.53233902156353
2.7464730254287133
2.614260395261226
0.01405936670198571
0.8350115082648699
7.319147612317465
11.312895912778913
0.506474306464952
0.7139704937653732
2.707118884944066
1.5237313317047665
0.2509140992551693
0.3463547600113088
1.70106452282198
0.01934584791160887
0.7201400595877203
3.156750110341818
0.8604624303334276
0.05909320604405366
2.080422554870893
1.41067600241513
0.06022110859339591
50.50044354904094
1.6185483385197585
0.19732110376935452
3.9157132382824784
0.9819057455533766
0.0712058489662013
2.745728117020917
1.3052085603630985
0.25301238537213067
1.334364842157811
0.515106659498997
0.8251609007129446
0.16508750987850362
0.05697907754802145
1.9542348978138762
0.4845138644668623
0.20023153007787187
1.2125051559560234
3.9448018693437916
0.5604731099447235
0.43265329900896177
1.7497028996003792
0.16521670312795322
0.1126831334331655
0.10689036955591291
8.104942731166375
3.471844527659414
0.2409170356550021
2.067223953657958
0.07663699299155269
0.1034990324624232
0.6774625831894809
0.6449628597765695
1.186393900643452
7.489662371415761
0.07294108709902503
0.9687593166454462
0.1946726137684891
1.5543554005853366
7.05399909796688
0.20677714571502293
6.794857860346383
0.4075115845334949
1.9502710653905524
6.7440188229156774
0.6656201800506096
7.498667107975052
12.148625740759599
0.020381213318614755
0.485811312792066
18.49584470930131
0.9520668171753641
0.013677645561983809
0.42983693046699045
0.5481683897378389
2.0638433900821838
1.3921806986254524
0.14719682194117922
2.8527892480706214
0.046109201772196684
0.5401902519588475
1.1333309216643102
0.08196248160675168
1.3719835467200028
1.2479822759851231
0.08893891232582973
4.5886664007703075
3.443593521420553
1.0934779732342577
0.06475152266648365
3.9557344478889718
4.951327104427037
0.15598990707076155
0.9155299377525807
0.29824544999428326
0.1583281698767678
0.5478558980175876
2.273634021541511
1.1375962109596003
1.6457130683993455
2.7112583251146134
4.056243543185701
0.6900328541669296
0.08876128021074692
8.948005834237847
4.043689697151422
0.24346801545470953
0.4881681024635327
0.374899666843703
0.18615800452971598
0.5400689430607599
1.6317805297730956
0.7307322416309034
0.6549614118994214
0.9765578369260766
1.037142245542782
0.9892668799730018
1.1994996548382915
0.3001803401639336
2.069228752523486
1.4401273446783307
1.4248557348473696
4.108727964106947
0.39136888653592905
0.1995906081283465
4.550254336842045
0.11260840567410924
0.7971959517381038
1.619316445889126
0.669903763307957
0.36834258925227914
0.2538638589394395
0.6136113828324596
0.4748935727548087
0.9187926972299465
11.838780305188266
1.0889332279693917
0.10548741990351118
0.017105450824601576
0.10733423561759992
0.6095717704665731
1.8931657177745365
1.9455620023873053
0.2845954591248301
0.30775148622342385
3.3147443179404945
0.40194438940670807
10.049079372503911
2.2905385802077944
3.0451901979831746
1.98092522364459
2.034921088030387
3.5477617633368936
0.28022404458897654
0.11035280161013361
1.6793442837515613
0.019727180566405877
2.030524445071933
1.3339580106694484
11.02269842926762
0.9965388867785805
2.271270152552461
0.18563600307970773
2.0905324085542816
26.042859250730544
0.5201945784574491
9.288572155994189
1.413179322182259
0.36983995109039824
0.5375651998620015
1.0021265928298817
0.19869640189426718
0.2955198135532555
2.5951335812642355
0.21535741256229812
2.5724135258278693
0.9026757959363749
0.019044670792936813
23.1324358266138
0.43314900315453997
1.1371665693368413
0.640680062591855
0.171562259842176
1.75600354072958
3.645609082763258
1.1153038057891536
1.6681349382852204
0.1693518015090376
0.01707773609086871
0.9562685310447705
0.2865473888159613
0.5344047505350318
0.8776185234382865
0.1529718023884925
2.060241690138355
1.6396371794035076
4.539027307837387
0.24710457411129028
2.1753918171089026
0.6134794997706194
28.73641746987414
0.022800103106419556
0.361534589814255
5.299031752067094
0.8788246653639362
3.677702623906953
0.48376887726044515
0.20470769576786552
0.3206220479987678
2.604495077779575
14.300218633572513
4.241925871559943
3.5022648687663605
0.33607291568478104
2.6079666929945233
10.176848560869985
0.00031283316639019176
0.032914678944507614
4.646318752151274
1.4135311897262
0.20262169367924798
0.4496972994529642
0.25813274065149017
0.09222800156567246
1.1904212903245934
0.12542535069951555
0.16538932725961786
2.7452608076127945
0.36716920149774523
0.3633039703126997
0.4926906755863456
3.0027999267695122
6.681305649668502
1.9084761870835791
0.2970119631718262
0.20997341340989806
3.232263299272745
0.12186636666592676
0.7347203256867942
0.16400955047720345
1.426729702114244
0.33334791085508186
0.5161235783016309
0.7895394354418386
5.732460605417145
0.0794940755731659
0.6851927554889699
3.246976233298483
1.2455147496439167
0.001805190804589074
3.354256125552638
0.637011098820949
1.0066189079007017
0.44788555292325327
0.11149208719143644
1.1093614778801566
0.07901965318160364
0.07062254472839413
0.19236249010282336
0.006282894064497668
1.8683097287284909
0.7110644681379199
1.0650084609515034
0.28758277100132545
0.7302357676162501
0.12966735419468023
1.7081237467937171
4.665154722097213
8.109028219587344
0.03599529248458566
0.7345808775862679
0.578206904065155
0.1123868839640636
11.529213556132163
3.0102968464198057
0.8544944576060516
1.4375049844747991
2.38113617500494
1.981866793052177
0.5413533882892807
2.5807871874276316
1.874758662605018
1.086234018628602
1.092837459538714
7.550309057492996
0.23162746289017377
8.932366376961
20.934719799399318
3.2642484792959294
4.846391928767844
0.22887817865557736
11.168387838210037
1.2081765011098469
0.1486045563578955
6.461177051336563
0.3103899426787393
1.7484150813907036
0.38252517594082747
0.06098899523203727
0.012441316568583716
3.0183634394488763
0.9899414742249064
8.123604898959456
0.841129006621486
1.8027186383187654
0.15062418691377388
5.249102685498656
0.21034095797949703
1.7301994127265061
0.45944665957358666
7.6493613852217095
0.05738611080596456
6.548498878750252
2.249350259284256
4.04661154103087
3.020216535696818
4.462884710279468
1.4447286932190764
2.22339275086415
2.703081365209073
0.9810753531273804
0.6610832873047912
0.6880889526582905
0.06387285481469007
12.487977641547332
0.08234193595126271
1.503330110826937
0.5084125231369399
4.433166988841549
0.07241911399614764
0.0993468625965761
0.9927602193856728
2.2692710526971496
0.23719762807741063
7.9479648504493525
1.9375579076295253
4.455325182316301
1.8509561308528646
0.5456792439363198
0.06734660673100734
0.7897796493271017
0.22674855291552376
0.5599688424626947
1.517403333207767
0.2112759877636563
0.6562909717831644
3.3286077893790207
0.1312664553988725
2.2835364642669447
0.910860640622559
0.12392347047716612
7.2151447394207935
0.02607817808893742
0.21382060208998155
1.0698366672950215
0.13021976118034218
13.260207035193162
0.2098946953919949
0.5285718339073355
0.2730210741792689
0.4444636427942896
2.833796727267327
1.510384744949988
0.273647275113035
0.4176781772330287
0.013380535434407648
0.6912251414250932
0.2422789372430998
2.5272801314422395
0.10907205980765866
3.0329470922151813
0.01294378396414686
1.4830512302869465
0.2966032807598822
0.3548889345911448
0.7268908875194029
3.735057043049892
1.310881210883963
1.6102227992814733
0.49648191894812044
1.5246392096451018
0.18849393815617077
0.43372284841461806
0.10621167789940955
0.6678573136086925
5.223675615488901
20.55390633388015
0.637566127392347
1.5718023452500347
0.6800880130394944
0.08929333867854439
0.21217076447646832
1.8720848953089444
2.1595744536971324
1.6264862014941173
0.4482898987844237
1.2855163908316172
0.3877376807577093
1.0619165110838367
9.549711429179297
0.11472388786933152
0.17299935943447053
1.8704777019884204
1.625114506801765
4.145825420062465
0.1096311471410445
0.963316737113928
0.29134639257245
0.5563737663396751
0.31217625577846775
0.03514898857974913
0.0386941373362788
0.36903230093594175
0.3292005255134427
0.5651496304926695
2.223566575215955
0.6694838266557781
0.4895156982820481
0.8482112330384552
1.7160041498209466
0.7653838947808254
0.22669650091120275
0.3482597677575541
4.52342887550185
0.6568802013061941
0.10444474845280638
0.024737478102906607
0.3836429615257657
0.5081947950966423
0.975927508683526
0.3538292762241326
0.09579192064120434
0.00801837941253325
1.1065835757908644
0.030157467372191604
0.8477989298626198
2.630426284020359
2.5807240096328314
0.6386119551971206
0.19126049149781466
0.9197319558734307
0.686160480207036
1.309554825835221
0.31316715117282
1.1435049664141843
0.16875340107799275
0.570577122773102
2.2075745268230094
6.64110971034097
0.03399046360573266
0.4793229959977907
0.06940888576355064
1.2065676439669915
3.2378526796746883
20.37491206951381
1.7768551257977379
0.1587108488092781
6.297228583382093
1.4507815680990461
0.2891438517763163
0.45206321158184437
0.8875045845852583
0.06758449222979834
2.9654858502108254
0.624702410401369
1.2225904171791626
3.969189773502876
20.071028311227565
0.7604610806083656
0.6146640871738782
2.7340011675987625
0.479310389913735
0.022582509234780446
16.594701472371526
5.448012120425119
4.1751839422868215
0.8125118022071547
1.0066682890392258
0.6058094592299312
0.11033684939320665
1.9854558900697157
0.8390006719346275
4.868378637744172
2.353116020130983
15.0194896588946
1.6830964714245056
1.1024529365531635
0.08233015312725911
0.5174783798938734
5.96139551376109
3.289205413842865
0.47440341066976544
0.1055549724624143
3.752705719853111
0.3609911093735718
2.9512592133833095
0.36463705346977804
3.292140408382693
1.258715786752873
0.6219703309325268
0.23288913176656934
0.2535953909755335
2.107278098912502
1.5599129867332522
7.669517765636556
1.6372626056108857
0.7098376207941328
1.2322690904184128
0.5987869004675304
1.7053495170039241
0.6012582398980157
1.5034554980666144
6.165518718400563
9.350829918934323
0.09729047965083737
4.808808978305024
0.8683304879014031
1.3275964787171688
0.22562295409443323
1.99988306198793
0.7523210797153297
0.9008931194839533
8.227032772738312
2.0333380388037767
4.570618963269226
0.3664909663202707
0.42439161265065195
0.6017781687769457
0.3977524944784818
2.0423614705359796
1.3964827034214977
1.833169702469604
3.6811820872098906
2.866510973952245
11.115095810433559
0.3311897373641841
0.6327403296090779
0.742569470552553
0.19576614815741777
2.2200449589145137
0.2375636986034806
0.94136960637843
2.0610009198644548
6.1458753368933685
0.10258444341889117
0.418903520971071
0.7287032223684946
6.294437146643759
0.593295980761468
3.024763312758296
0.033386184346454684
1.1792971919639967
20.24742427352612
0.22869628943590214
0.3554654954059515
5.8543908981155255
0.2890576125282678
3.0559104881685926
0.17950875395763433
0.23312605176033685
2.8167880983892246
2.5605715074852924
0.20831869949324755
0.643214536808955
0.5142123035911936
0.005046276346547529
0.13211246285936795
5.228852377083967
0.614000051326002
0.3199553628001013
0.01408833218010841
0.2904763829719741
2.8679269605199806
0.7919155963681987
3.1244316180673195
11.745433194475481
1.04083253187855
1.3757700968781137
1.9656118784623686
0.4450999790933565
0.38207184331986355
2.6993451876405743
1.1572242566326167
9.516457364385133
0.23485301700566197
0.656207842665026
0.8631961322025745
2.0111711566132726
4.078575192077551
1.6959029672652832
7.51357109289529
0.948063006871962
0.6496585232162033
0.8139550276537193
0.2647741788168787
0.9238582349935314
0.21841885782487225
0.06959095707134111
3.2646664165804395
0.0386153419240145
0.17976408456888748
0.0922799631516682
0.2645653476429288
0.7608630616959999
6.804029007427744
0.15893932529434096
7.4208437286215485
0.24448428228788543
0.34448853473440977
0.08105820018681698
1.4345494275185047
15.12922212434205
3.4699015583173605
0.4559810578793986
1.261804134301201
2.7406580276001478
1.853902485621802
0.5716387941356516
3.797498751730018
0.571178999998665
8.751102410053136
2.452299328040681
2.0858839880820597
3.3036712458415423
0.026315741190046538
4.264599092843127
0.5967591805747361
0.4143899007685832
0.13488059782685013
2.0985239230067236
2.2629648962029023
1.0604113434965257
0.899743902598857
1.6922692153602839
0.32323176649515517
2.6241862700189813
0.8088451005460229
0.5530251868331106
0.43812803599576
0.08706437899672892
2.3759995875079767
0.1710427356447326
0.02567392319906503
2.4580154279319686
0.6329549567744834
0.7302472141818726
3.024542264203774
1.2956960423689452
1.3069187772198347
3.4466840047825826
1.3849731040754705
1.5414842351237894
1.306396419990051
1.5008788634295342
1.1545733351595118
0.03134616649913369
39.15686147972883
18.37344569101697
0.42648035780439386
0.405960806645453
0.8865607882107724
2.347135465905012
0.5431082715076627
0.0970243475821917
0.08199812559178099
0.684287324482284
0.9518577445778647
0.34312989143654704
3.2224242029114976
0.47262441380735254
0.021799745569296647
0.952297235991864
0.2724439492521924
6.820293202414177
0.5975195071732742
0.48507099151902366
9.231686773593538
1.0947408241336234
0.46623736538458616
0.5907932155096205
0.6991853050494683
1.7364797144400654
0.4675105033820728
0.17820320517057553
0.028077850067347754
2.8012354145612335
0.04407203084701905
0.34705719444173155
2.427997756807599
4.933782597450772
1.9676037236858974
0.11433121667505475
0.027734939016227145
0.050753743438690435
0.5226380468375282
0.22528785726171918
2.529137668250769
2.818475048734399
0.6586632542312145
2.235982521007827
0.15245813319052104
0.3314729843623354
0.26346253707743017
0.8015716776717454
2.407770481411717
0.2685021540237358
5.886145384305564
0.12839335589524126
0.23206246001791442
0.0574767837242689
0.7174911201436771
1.890011799390777
0.34738263723556884
0.09084977243765024
2.667443292630196
0.4119374457586673
3.3055130550201284
5.889390124670172
0.021958602606900968
0.6328581425113953
0.1151103974916623
1.5366214419482276
0.058095899439649656
1.0271599350962788
1.1058622290584026
0.033263568991969805
0.15544411665177904
11.863533109906712
4.164632866079046
3.6135909209333477
1.5163421467441367
2.6957944404202863
7.404095843681716
1.2606339501944603
0.07093414727569325
0.018244070910441224
0.033207243839569855
0.24502155983645935
1.929165565285075
0.49311781862343196
8.547733602608787
0.7662895495523117
1.8773954731223057
8.267197344488523
1.3578001303685596
0.6661567874398315
25.240064589459507
0.13269850471260725
0.3240153196020401
25.66413226741861
0.4017021364852553
26.08147764189198
4.952470746415202
6.158556547910848
1.5326626353198662
6.414178009385068
1.8835216017905623
2.160633830775623
0.27109736359125236
0.40677573698485503
4.041491043826682
4.883128375324304
5.928976533105015
1.653237621532753
4.293006294356019
0.9286306846188381
0.3723137665692775
0.8382461148430593
23.254024012094305
0.25842140816530446
1.2531215978451655
0.5424958069415879
0.7964196155080572
1.1486475756100845
1.4682947664914536
5.4717354407548555
69.9683648174323
3.2618775426817592
0.5528845868902863
0.9455492389970459
0.49192924280214356
0.31415629643015563
5.444919051325996
0.15405019093304873
5.027450706256786
5.210840304753219
14.62261467926146
0.8388528160721762
0.1617428745739744
16.25610810726357
0.3169952002717764
0.38625796101405285
1.5325590269712848
1.3925738126272336
2.373161263676593
1.2273748075313051
1.0365876252617454
1.319855321191426
17.370188729466463
0.41445197203574935
0.8560211297881324
0.2783287298225332
0.05383550073747756
0.2010840887669474
2.573035119443375
2.0263656321985763
4.745317751905532
1.2328776993163046
1.8199859122541966
1.1288330122551997
0.6701710913475836
0.47601523993944284
3.5005956510285614
0.05753557395655662
0.039940368667885195
9.6528565471599
0.21497920063848142
0.17529333719721762
0.6667607411654899
0.03616159941884689
0.18934774511581054
0.4124629610887496
4.896045306733868
2.3167195973728667
6.299233795980399
0.6178613431911799
4.26718135952251
0.653417802270269
10.355136425503588
0.5040874279366108
0.0032291776733472943
6.077163281959656
0.2931453111159499
0.11173585602955427
1.5310811844974523
0.21929374276078306
7.187921024320531
4.1365041260869475
1.0787856177339563
0.942842553689843
24.72572247831704
18.706010245172365
37.68085998389142
0.4169202568446053
0.375446563870355
1.5999305211007595
0.18121842421533074
1.9982406248818734
0.05584940017433837
0.35015542090695817
0.7731050374713959
4.078782544180285
9.29542265261989
1.6069770923058968
0.07886446921474999
0.4026918132803985
0.6980553640532889
0.21498481977323536
0.720438636286417
3.0844356597881415
0.5978675233855029
0.46459751857764786
0.5758707624481758
1.9940077724531875
0.008092594631307293
13.139541152799211
1.3987186895974446
0.1490041911310982
2.129886451017228
0.8167876463267021
0.26983576227212325
0.3309835292820935
0.014891910024743993
0.937289233559568
1.0182369755711989
0.1699193644890329
0.7386992907195236
0.2095913744851714
2.6031192826048937
0.04791408741584746
1.4877118947260897
0.891409163872595
1.9169947892587516
2.6632740584827843
0.14815863304102095
1.0043183910020161
0.20571595552610233
0.8061596941115567
2.089801117130264
0.0011234215126023628
0.07492369384272024
0.34006617733393796
0.4790372481875238
1.0716688939355663
0.3968837579159299
6.576373040268663
2.8913397907017497
1.1162762392123113
0.0638809654119541
1.327128276359872
0.35022915664012544
2.7895791847549845
1.1275379101425642
0.2615446631971281
5.478602616225544
0.6050074063314241
12.329223929969885
3.572423629106197
0.2526829443886527
8.03251249200548
1.1085807077615755
0.044120415004726965
0.5912679418252083
0.22545823277323507
0.8843412311180145
1.5182433102309005
0.18124332390289055
0.14037832502799574
0.08890073446673341
1.4559649417788023
1.1236554197894293
0.9382687670367886
1.803300451982068
1.9665120978825144
0.6862374230840942
1.857586153979355
0.32614922669745283
0.08761520627740538
0.0383922737382818
2.1744961112417514
2.3331047695173766
1.4675700074003544
2.1711533998168306
3.294816236026236
0.7308692318256362
2.1064540108054643
0.090307755752292
0.3521430737746414
3.952002162259305
0.69500841563422
1.0297826397363679
0.31290912305848906
0.16393758453341434
0.035184189189749304
0.49137857362802606
1.9593575561593752
0.33739068281283835
0.09167824455653317
0.4079225354580558
11.375787136988947
0.24156940320244757
0.5679109796619741
1.261606874228164
3.9580565879659844
0.6244034922128776
0.881150026609248
0.03482953020284185
0.6535348218894796
1.9359056376488297
0.8501820640158257
0.8381009069780703
0.1774396102191531
0.9494563477128395
1.2469962597751874
3.4045165247953264
0.07933690211939393
14.72317890683189
0.38459385573514737
1.1370210331078852
1.6072930344525957
1.2533825916107162
2.820293139280693
4.479207195028721
0.2267935793788638
0.5375805903240689
0.14335622022190364
0.3986076938235783
9.544671233372355
0.8509255922035663
0.5250073243150837
0.22042573009093758
10.187993807034218
0.42685249673377257
0.4029940407781396
2.121312917675823
0.34536269406817155
2.180584141307918
6.9642431357788155
0.7810846227948787
0.1623944409802789
0.8997464531057631
14.20205151726259
9.934498275790247
0.697401644421916
0.1378884867663146
0.6310311101769912
0.16886482652626
0.26761954407265875
1.493152785980783
0.7299327148648445
0.2922711434948724
0.2113770699579618
8.787908098867774
2.0859041120420443
8.356330890441313
2.5969594983544084
0.1405522163695423
3.2784375139453914
2.203344688321522
0.20352556683064904
0.836585346260108
3.1547737564251292
4.235751402389724
3.5251010242282064
0.09916440820961725
11.052944024617318
7.542560248330119
0.039485248758865055
1.6564647001287085
0.0781393764555105
1.1802715171506861
0.9579081959600444
0.31006210158375325
1.3389721964413184
0.9489532659499673
0.35408329549682094
0.4012908698859974
1.3467615257395664
0.8403332087109447
1.8552325503333122
0.9798824913741555
0.3780833546552458
0.18480909718346084
1.0922126828008913
0.42216637516685296
22.622658062369737
0.4914264393009944
0.5681683746879571
0.33037146212154767
0.017806843410653528
12.41321540647914
5.71931383915944
0.7530510171636706
0.6464409375621472
1.6050512072033598
0.07234990630968241
0.2750143418670632
0.192678903338674
3.7444482858481933
0.36810801221145084
1.9184775126159366
1.5102691636566306
0.5778996882509091
0.4879789643964614
3.8782671790395398
1.1250306673755404
0.05883258599351393
2.8761278701058473
1.0321381356479833
0.8051483894087141
0.05538012640317902
1.4163135377457365
0.8034174817948951
2.143324609831325
1.868862511444604
3.140326539549278
0.4966605326408171
12.015798459411599
1.0378896858019289
6.985004510708677
0.6819235877264873
1.3094268222339451
0.7443710084990016
1.2286166172852973
0.2704826081317151
0.6436277410757612
6.114085010609415
0.8581111134044477
0.9684311075106962
21.60523663253116
0.5258539009009837
0.2210619960751501
2.2850820573294186
0.08106425521691563
2.5357858284442045
3.5570641945523676
0.12445650618610671
1.4698224781750469
0.21211563824181212
0.5590939922985854
0.6913354234129656
3.4352825923706405
0.49031116972037125
0.4996827301583835
2.5104371480629197
0.1041893023866578
0.1092470706498716
0.4769372924929485
1.5768658682573005
0.5288396846954129
0.3206877848788281
6.65947815067193
0.5963009303741273
0.5844368195103016
1.2552344010400702
0.28463555924099637
1.5435289893648587
0.834822695258481
1.8787315328590921
1.3719785586727085
4.414388717610564
1.8781204678234644
1.2564872536968323
1.1934158856456634
0.19950817874632776
0.3188035617422429
0.14250406449718866
18.421756748561165
1.4475198817744968
5.233019635576056
0.28264047702396056
12.614563734758121
0.7408303640258964
8.269056363846175
0.392767016106518
4.463156367695774
0.06570515097700991
0.05223857404780574
0.32487814636260737
0.09093948350346182
0.24713847156817792
0.2363984123658156
2.350177831147448
26.93551542712521
6.6727892415292445
1.0000904242115212
1.5900712792790728
0.33847905725997407
2.7920935880974866
0.410353426457732
6.304461411382363
0.2973804367647972
0.2995836658155895
0.7065972331547528
3.636584518601012
0.8759784913709154
7.894657029675727
0.24152977999619907
0.022533764167746995
4.491739461380348
0.9907869501548703
1.9965980313791079
7.237458793177211
0.21519764353433857
2.0566871200717287
1.181433277524775
1.8386218709565583
0.46714582942513516
3.1329213134595193
1.4935748429707019
3.9987000991604873
0.18018806092004525
5.0339671206020284
2.44222754688235
2.758617312556453
5.116211168169684
7.832807232844061
0.7750692656554747
1.6366329473021324
0.08466751165542519
3.306271321089298
5.333827851944079
0.004359729653515387
0.34549797524960013
1.215095818246482
1.3865817787591368
0.2855390400727629
1.4933473219716689
1.070808457378007
0.2924416238020058
4.466338547426858
0.9920268636124092
3.4679536507755984
0.47300757966877427
4.082737274788087
0.1663346406276105
0.11790672186180018
0.4548614943487337
0.6267059311794583
15.678514478728175
0.796939452571678
5.484332499137963
8.162613199630869
0.8694852713597356
0.06921757706004428
0.5748305098386481
7.062552216513723
0.36921323596470756
1.3015810407523531
8.522310182335787
0.14685033125715563
0.18786955306131858
5.300552303742734
8.94074858543172
1.9292717210992123
0.16828729377448326
0.3020502526269411
3.005266013344226
2.1672390845924383
0.3205006415664684
7.5606446896490525
1.3619622134356177
0.9128561482575606
0.6857852006796747
0.5102816539656487
2.8485152970824856
1.6848762551962864
0.23940129152470035
0.23259716562461108
0.06686249404447153
0.5611527079890948
0.19392703702760627
0.01792976463184459
2.4678470995204407
0.13233826758369105
0.2926376382383751
3.8392347338303807
9.949068258749321
10.219646693345567
0.7158454045420513
0.418779862797237
0.6426463117968524
0.3522839529759949
1.8100119494993123
6.427621106231527
0.3352876723802183
0.09323748524184339
1.3748021709616296
4.515903821258689
9.3963315540459
0.8379737847208162
0.2621832258082577
3.5077739212065353
2.605165274195315
1.2289776563411579
0.21140055114665302
2.7971404826748767
0.631408053865016
0.422822303531575
0.051598455938801635
6.715394820945221
20.90683985769283
1.7149256821430754
0.1447725072139292
1.6823915741042583
2.45164675230626
0.04687740789086092
0.3521208344754996
0.5575256826414261
5.906633530299587
0.2511352202636772
3.7286286188609665
5.678270619318937
4.002366488719417
1.1030168270226568
2.350029800494667
0.4280612559450674
0.29932682387152454
1.4944237985328073
2.1498075200797757
0.1614329355143127
0.7913052557705669
0.0073486577603034675
0.9129627668226021
0.09714903827989474
3.9125720398515114
0.3623524034919683
0.0069612554216291755
0.7311991970782401
0.5070711944499635
0.1446602673822781
1.7517912323746714
2.0877244384755613
2.2790769339262624
3.8376142912820796
0.3997355965693714
0.4069612470411812
2.9944133066092036
20.951270821213257
0.3916330696520163
0.1114326589013217
0.4134922587618348
5.153335829934804
0.6157047059605247
7.8606051905226195
2.197957383628818
0.0425014529391774
0.09483899532642681
0.5857278991607018
0.2743464379600482
7.423939229178359
0.48213208224478876
0.13327506982022896
0.5359318616028759
8.612852740574453
4.012656567807426
2.01029651677527
1.5269216263041017
1.232711256336188
0.4099020496942103
1.4892583409673534
0.011419626702263486
0.42055703917867504
2.5242255060438765
2.9747690526928636
1.7799308501707856
4.359963700808294
3.8992693923137267
0.2744714991567889
4.08962892901036
8.797622206511733
4.568709783925442
0.15338107841671444
0.014469377005298156
0.5054854317786521
2.706015276868129
1.4867273177296738
13.660067072843958
4.528260642320674
5.662348806865339
0.49346423791575944
10.31123455339548
1.8018748010217678
2.1250378908589482
3.4372343775685295
1.4403780417123926
2.242366500729986
0.6784364748018561
0.9686269327066839
0.0333266827656189
3.8215032185908058
0.3311504365556175
1.1779616524800076
1.7949645046610385
0.22988837874436285
2.5521490259925486
0.09166581740282709
1.0236937044537626
0.5258147412459948
0.4980103728667018
0.09293838196026627
0.8231028647714993
2.4611345180528588
1.085596993129002
1.6114619133149972
0.3297281248596846
0.8142092531415983
3.598013809292752
0.8478070468190708
0.8532983299446641
0.011270807670371141
0.6613506901121582
0.2303921056809486
2.0070632965434925
0.865034114503942
1.1454396570989047
0.29680504027055576
4.9244908523978665
4.606078018754488
2.54369704376586
9.612397365868674
0.7833939626507345
4.42610815961234
0.15559597319952445
1.473732044811186
1.228331332175003
1.4084972983182524
2.9702023898644256
1.352505520786508
0.18090035292698303
1.3471715698688058
0.8714893482392654
0.7791055718698772
7.033612620965869
5.767606540583074
0.23863140989124076
2.3908476368305855
6.339601524079626
0.49553637858480215
1.5249082194277435
2.5523808068974176
0.14738604552985635
0.31810423779825214
1.6714584364672191
0.25554745166300563
2.775373527110787
1.1861185363886761
1.2303639891615603
0.13494469362922246
0.24709472729591653
0.3160245473482064
0.5294926462665899
0.13022629424085608
0.4700203425672953
0.2927738893049536
1.048586888537102
2.9922942428602255
1.5487821071073995
0.13848201922519365
4.4873856919730315
1.4166466047754511
0.06915057465812424
5.515176956992946
1.0013970928412164
0.41327030638058204
0.24316857668600278
0.024037639166635927
0.48409940808051033
5.251102664878999
0.2038750438950956
3.1548846105579287
0.6143468849404599
1.1614679702179274
0.20532551418000367
0.25324816298962105
1.908397413266357
3.969558775148471
3.5763172013685107
1.3114628914991044
0.2012270331106265
0.2734795303840656
0.7402927587099839
0.15730057168548228
11.080681572588219
0.39850653830944793
2.387039964858559
1.1611756129714195
0.02657613104383927
1.4194809929613257
1.6748433724642382
2.1834685759531567
1.1129386403044919
6.262403526241542
0.8312614347742056
0.2927667407566332
1.4728296512403176
5.952461515465984
10.620461209313362
0.5185725991832442
0.22104021195991663
0.5085914567389409
1.452053537039319
1.8819462375104195
0.17081427790253656
1.3060952681407798
0.9312063557590591
0.5982802954749786
1.4859670572332107
1.0457547271653311
0.08318727748701349
8.00513777291053
2.3356940218654927
0.06347303652728442
1.092726643430069
12.925434021526598
0.6211639074754203
2.1031580206545186
0.28819562406715704
2.9784970437685843
0.2430970773784793
0.3627206417368143
0.3501488811598392
0.26344870272441767
3.06272510587587
5.535137983140885
1.0623922212253092
1.653507208051451
4.288587081377045
0.5698900564675569
2.2031849183767918
0.808835541451117
0.14017160741059342
0.4642094860319048
0.3736729911179282
0.04574917100399034
0.4357086048621568
0.4505275916235405
0.48117033118614927
0.22692510675551603
2.830667276211898
16.66010306879616
0.39448303574317833
5.489217243120947
3.286718679628393
11.162868262916163
4.915060644096229
0.5861931175240898
0.15021067549969302
36.0561639354637
1.4426420764284558
1.6764446438392042
12.440554857028474
0.7707515951551613
0.21031378067709738
0.4120497353578685
0.058353916072519496
3.5534792568942066
0.10174699878552929
0.18421496355585987
0.8437269406858832
0.41390250864060363
1.3773355701123364
0.2465376647087396
1.6714300199673744
2.3231026901557925
0.023707376822130755
1.421221070944739
3.335293368763814
1.4772239522717427
2.8691513406301965
0.1914276709285332
0.4469514140873798
5.943006812834938
0.06954857864911901
24.785363336159207
2.4640325660293456
0.47999578192684567
0.5095076751895249
0.10141443293105112
0.2369012916169595
0.8003062398347538
0.17221226361289155
0.1466570228076307
0.7912547299347352
1.3579955605164287
0.3938104488843237
0.7089275198813993
1.0536014702229295
2.179514117538929
1.0333933875735966
0.15528112524043536
0.867632447690994
5.0645524135106825
0.4035555310547352
0.5816552544783917
1.4623164892254863
2.3593955651595024
1.9797273245785618
0.23424077459640102
29.20959250212036
0.5132806266483385
0.36306495865574107
0.0031896520740701817
4.831970644110697
2.0768258592506754
0.8667123312770855
1.0437285168809467
0.13255176484381082
0.1608811526093632
1.3447589833158418
0.1925011925122817
0.004367830239061732
0.6495847421174403
0.30726252483873395
0.06008369813935133
2.592053908658272
1.0262410413852194
0.11002910901879659
0.12106059810321312
1.3427535751616233
2.0111539049321436
0.3729507080570329
6.062726975054829
0.7078036557140877
0.024219571736466605
0.1443485263225739
1.7199242289134418
4.726404667540919
0.06067967659328133
2.175227630264999
0.11756246225559153
0.42126175264274934
0.42253190433984855
0.5914929711434525
0.37525107274996117
5.592969541568891
0.6401723087692517
7.358896980971622
4.0168342862671125
0.36772155951621244
0.19276542694569798
3.7243795845424756
1.7895695234838058
0.2511557488614926
1.140190017016721
0.030379774507309776
0.18284126905200537
1.580824064585613
2.049840380772366
2.0991624177913764
0.4542834856911213
0.744257182792353
0.0919541533512529
0.22876475535304053
0.6670188478383352
0.48064007309585577
0.05489065037545515
0.11081114479020471
15.248877104888379
4.750021227526304
0.374270622007316
1.1883508114042343
1.7269475466600852
0.28953054297016934
1.000922839884879
1.4206695235552615
0.07447638142184587
1.3518079007262713
2.089097471907735
1.7121363177066087
0.21688385684683453
2.1925052773949574
2.6333111515123164
0.5408782049780712
1.7762501997276559
0.35114271390921203
0.1153901202706038
2.599604788381839
3.1377821655842126
0.907982415483275
0.9752805635434925
8.40237418441393
0.3447121158678783
0.2572930839014589
0.14974107453599572
0.8674009716196451
0.8335066771614947
0.9119168112956686
2.349415674296324
0.266425312278443
1.5631734660928487
0.0023829693091101944
0.7335937220123014
0.47817754265270196
2.6181625931494636
3.1846822075312957
1.200852476307773
1.3918707438133424
0.07313695197808556
10.734990932018263
4.588386008967063
3.457844853553979
0.022035590205632616
3.7840129106334643
0.5943973349712905
0.1893799511526595
1.1701149993532454
0.012000843307760078
1.4978612605991657
1.2578780521580484
0.02747405612899456
1.161917290686688
1.531843367520196
2.499844648918952
0.3522857940624817
0.24715060003654798
0.10940921315341257
4.30421988110902
19.626877676790173
1.042096378216229
0.7338775022290065
0.0812485599599313
2.37794600102643
10.466882163898845
0.7272743815046852
6.383829949008941
0.018524078164773528
0.7022317796654534
1.587166980294569
0.9581792958706501
0.2428682532045059
37.25297467855853
3.7325420577835757
0.07999591440602671
0.7890689103951445
0.10252386498905253
0.5306630789636984
0.09188774307403946
0.22208913584472612
1.2910264358433778
0.09223272123927018
0.33762465672771214
3.121010110611678
0.14407220367866103
1.1956455113686388
0.08810299279139144
1.76853427986498
2.524917673690652
1.5081218656050623
0.3252956132419058
19.72216096723423
2.4571741467225365
15.485191121013486
2.913999227290333
5.5901543954678345
3.5410159372040653
1.2696906431083335
0.17431560850673122
3.5549979440475
4.327660346243647
0.30457707751338603
0.47955396620818647
0.5562319538294105
1.8066985461409786
1.9975308532084455
2.4714953839720692
2.9405838103048154
1.3655612020156696
0.6854328971676296
0.19002111565350788
0.08748358148295665
0.1607615825123503
7.771039023056801
1.659084896396962
0.6013452112019877
0.07504659025289584
1.0790723456884734
9.488493421835301
0.35381613240315346
0.5483975044699037
0.09884966522076866
0.18720792121894192
2.193588451089454
13.247742947860388
0.02941294700576691
1.0573272331021144
0.12192556140507804
0.09024475269688992
0.7513699493283639
1.206517740029085
0.4235830669495044
0.8542362709631561
4.299024069761799
0.07156396508798935
0.9846703302246169
0.9937634400848765
0.5325318499744753
7.511957905713643
0.7352713828513515
0.1702464602640248
18.62261351786583
0.4947180139424745
0.20016898628819035
0.7171760406636167
0.9355906727359979
0.934716322029999
0.40845910309872124
0.347451310728502
2.0989675664313836
1.0969054048910039
2.903673871762294
6.62597378710052
0.3944957733692718
0.5497311663857545
0.46939132537227124
0.8694118372441153
0.5230417142302031
0.7929678522850736
2.847843483345059
0.6464581295003882
0.49512019734538626
1.9764013749954756
2.895272457644751
0.765136267116759
0.40280969910963904
0.4161153696477413
0.8126966817144421
2.2532977014270728
1.8071779426027206
9.330575103522278
2.2261733151535736
0.03919410251546651
0.5580041390712722
8.402652607182972
13.927912895611371
1.4999168298309087
1.5164491863761214
1.9421736630247324
13.33065999847895
1.1518875159454183
10.726057405321626
2.4120186294749146
0.9745700358616887
1.9285808092317893
0.28495788097643526
1.7398624099296285
0.598870288420585
0.6154429823218379
0.2929334725631634
6.989239557435212
0.15549171081511304
0.34560457145562395
0.46004663095664
5.342394800245529
12.734669192352158
1.8922874272466288
1.1554559691867325
0.15511657198658213
0.40111750712094363
0.18241741073870799
0.22307885729969712
0.9099326458454016
3.110010605210846
5.725699335001991
0.27310437858250225
0.4770326970683527
2.2597776153925224
0.08146320001105778
0.20832300926849712
5.695707149679947
1.5521518869063584
0.2301503754206351
0.33938558423687937
1.943414397592278
1.0825370261300122
2.2686685997323366
3.4697896928264527
0.49348241223196965
4.684530015343626
19.90329689290229
1.1232734480581712
2.6930367407694575
2.7190469459237647
0.27294086594338296
0.7313114504868281
0.5959504232232575
0.5225574445648817
0.9493523837882094
4.397506561079354
21.462459844384284
1.0991689622533158
0.03827362582524074
0.11008103236235911
0.09702983188617509
5.6253300350144855
1.846827218971157
1.6227778822067194
9.907492026592081
0.7268544642138295
0.048664378497051075
1.9320994227164192
5.900870139397739
33.91629001493129
1.5262042353278957
1.7938561517221387
3.035730533549213
0.057868801304721273
4.375683901598677
2.3504111809743335
2.2734882884542458
0.010922151464910712
2.4146846281946637
8.982090668214369
0.922066359911696
0.676569207047578
0.18106141580210533
0.8859232940594666
0.9740561289945617
0.5381091206218116
4.511515116588271
0.661035244447703
0.7168859916200745
0.34820350255904486
1.6064185489085503
0.5913300406100461
0.03992635339091066
0.47345659382699523
6.141840622287418
0.6786368703396874
6.800686023125309
3.2733404780810815
1.5109331183921313
2.20041539358499
0.1782195182822761
1.0986456102400552
0.16532665829436155
5.818268512965005
1.0891436443343991
0.5781660409702454
2.1301046487569693
0.5487426753388718
4.096234111741069
2.443548104572983
1.0250894386990694
6.7308370230093715
0.25907427485799417
2.0071730200652382
0.1318690487096319
0.008899657608708367
1.2368375130245113
0.20982604548771633
13.619298816338414
0.3246911313399323
0.3574210398073774
1.2923490451357793
13.394862042507157
7.731993699329905
1.4989922124877921
0.6447163168049883
0.5663372240305762
5.473320077187964
1.5960205784722348
1.7870320979345706
1.8924375360293197
0.12439767467003549
0.0525151661640848
0.026663655960874166
1.4585383088997332
2.404839269220247
1.2068507474759826
0.6923084838563227
0.3534485774944187
2.628697146756167
0.040353753603994846
45.82068285581772
0.21936786194419255
0.19528709594305838
0.1420567702225526
0.06174951986031374
37.92816181742819
0.29865854357922217
0.5669027111362084
0.016602707539277617
16.767190094920807
0.591833329614019
5.533756641532818
0.6841520400193986
1.004727047708002
0.9375687448991812
0.2651621775148669
2.0592092528604553
0.48080524338729447
0.26301032290939474
1.3410839526259224
0.5263178695604438
0.42046220901829656
0.07348497011116706
3.1132565538791823
1.68968757782568
0.4164464219502406
4.2815996878634905
29.86375082591985
0.650702576385811
0.7658065257055569
0.8349132940420532
0.49191193360456964
0.3211977158061927
1.4688413446492632
0.12092130211385665
0.604552232340211
0.4304113579928526
20.139154030184727
0.308728906828037
0.11816938242554897
0.06358419440948637
0.0889132627271465
0.5916029081708984
0.9702519301281427
15.734699873471982
1.0255804205226013
1.777144803883857
5.804520890727872
0.4787646122131264
2.633907306015317
0.829908693129255
3.452129882542067
0.6560601843812037
1.8551344703300856
1.4043415044870926
0.6987552383579896
0.15409205773175927
1.3321148333780002
1.2513036648306297
0.4184932661955827
1.772304353034997
0.4988935951187159
4.445850604053703
13.37267651399452
4.110874046815297
1.3112404083221918
0.7333875332260504
1.4016312500534696
0.06323647860699566
2.3943500870882417
1.0465880609481246
0.2529368691830314
0.028587146822246723
0.021770080435089767
2.108233343104075
1.1167146013031015
0.14614641038497211
0.39214620598067995
6.310928687656997
1.2039402322479873
0.5085580700324499
0.7535435650061117
1.9803939546181937
0.2969522830535425
0.884662525721069
0.3505580322816968
0.029500431286578532
2.6935409645811887
9.073456921745674
0.6811541660281364
0.017791189326089807
1.9121419115253957
0.03180459514260292
8.950083994306624
0.8022428966651205
0.6470650219562231
2.311991041082365
0.9762183617931441
0.2938647322007455
1.4478580746144871
1.0230574114975752
0.6293489055533428
1.6912176879995968
2.5294171730492963
5.330983137308067
0.4388083084631944
0.04971011834277306
1.0091689359178417
17.271469754035934
3.457896203013661
7.74980535137729
0.5686441524667316
0.6890696594273322
2.384016544885526
0.6907812832505442
0.4392530324330437
0.7757677884073928
5.446114300801128
0.4217658673878759
0.9695558789971983
0.04903984341217438
0.06395856753078988
4.569928062344843
2.2162120808425243
1.2578658164129592
0.0959208660206059
1.433594571382855
0.37835700736468425
2.151281018210284
1.0805127873536549
0.7726700931525556
2.3301150830156985
7.901157147127378
0.15112587145267753
3.061690698021266
0.35903388615406584
0.32970386475062696
0.906602812865458
0.5338922867376823
23.317029720550636
0.19851218805706594
0.301289009708853
0.45489387211273424
0.2185909835025086
1.1169254111373448
9.113561574362393
2.9142246902702027
0.7311121726961574
0.4764660478249425
15.483785631229694
0.44968059213715605
3.407648250424245
0.23103492586960783
0.8170768939962727
0.49310666225937894
0.1813948822382372
0.49959864231641404
0.9968048981463653
0.9021533558989177
0.16325714697450167
10.859086530850618
5.94703826624027
0.7247572384803789
1.7887692902731942
1.0966400599645567
0.14260681665473385
0.47450813603791175
1.7048901921807555
4.635767197920359
0.49235815351858037
6.50137341406662
0.0871157702349592
0.5486889235326089
14.930442890348786
0.15770382287882967
0.42401106769102626
0.5017961256380659
0.04872935762250563
1.2271148696381715
0.6071445326670073
3.022963800736761
0.6075656620741938
0.03962728641636204
0.9004402901555295
0.27156148786161793
16.037437387720274
1.3433159859923762
2.46695947257831
12.842997094689053
2.570265308728267
0.6534735834065941
2.105889043523348
0.6254199629183859
0.6487665730237495
0.6688227347694919
2.253399734829145
0.664372809442284
1.0760205375045189
1.896743488352513
3.7232475190321566
0.797907942403981
0.8311871245678049
0.13714016493759118
0.1955050826218212
0.332686822694086
0.005774650337116327
1.7609267583902692
3.131190842621436
6.24872991302982
10.309616751765134
0.27083125506032957
12.16829223906825
0.08131251020677155
5.860351741750492
0.16471987463592086
0.03194093386264285
0.5826283817514195
1.250791120051872
16.553175214809016
0.42146194832457695
13.209288768419356
0.0036288885239628144
11.580979180929717
1.8142495227002655
0.11957540296134539
1.9580023812377476
0.9533683002664475
0.3813575739332009
0.8985004690548521
20.822349721129285
8.65723415301909
0.45827102497423766
5.7554284450015984
0.07096418652508873
4.286256630555727
0.6692459199985024
3.6473143914408865
0.9148814402215066
0.019921333165257238
0.10310234479402425
0.09830506842263276
0.0816943348327186
8.934923206696112
4.228746467961173
0.8801836706043105
5.34120146202622
0.2738229074020637
2.1560602618046687
0.10861580664641224
0.03851823518198216
0.5982983592257369
1.4941292005605646
4.586994739009242
0.4511292783136014
1.1069581431875122
0.8152022427966585
0.17854525863367599
2.0494508224292076
0.8285164279513992
0.15771754610614153
1.7790027072915109
0.003293550602393225
0.16267495707870694
0.462287630449282
6.6971266901964555
2.266910467071284
0.1413514802698046
0.37966908849193715
0.20967603971803328
0.7146491284438525
0.0934062122105388
0.08865171553043183
0.033504193677799776
0.17476420814637095
15.412599635623337
0.5690866215954884
3.0561934727229527
2.4130629947030684
4.127660784244654
10.78920487335563
0.2561548852972919
9.127101764679537
0.042097171557543334
0.47840271776658483
0.44430307704169536
4.465673161474115
0.19366090135736158
1.3723142587841721
0.06615129199053627
0.1663551258679945
0.34887031649122946
1.5456824698121636
6.39083785557159
2.552427986593102
0.016693143094016705
0.4032152056679479
5.945977407573082
6.708296721793886
2.1827936583867995
0.5975223180139437
0.13925413354445482
0.8705077312915819
0.5102286427063518
0.39278738645953126
0.37130959724891
10.185424290189985
1.9744450840880745
22.180518191918964
0.3701079318707343
5.571703729838191
0.28713710462034214
2.506999867327977
0.7307200764334993
12.862289228563895
0.185951029190619
0.25232684913498815
0.3248655304487329
0.6129747673476231
1.5780786146133323
0.42762869865691755
1.5812503541383194
2.5756566835116246
0.538692996451573
0.14126736680191243
8.838176059864054
0.19984153936093207
0.44031362215901027
0.18251787660847185
0.6073965997275081
0.8300807162886485
17.29971855749318
2.532464452277054
0.11358941103389952
0.4670200036925962
1.3079965742654167
11.36887816467788
2.1374087990407133
2.756456852403062
0.06371785916417139
0.23694311119470512
0.855440151237417
0.2065642972011119
1.2381912610289874
0.3659449044353096
0.471096121968003
5.804834791859321
0.749307737853087
1.1916725949049578
0.9422648245672463
1.9352532221018919
0.4719311102599022
0.888094373367494
20.961199203433353
0.05978327352931956
0.0022433317717514
0.3966397997646709
0.7821122167588328
0.6950773765856866
7.351446208944253
0.5122999286977574
11.270684333685494
0.34007208879484097
2.4911213281448
6.30414899848256
1.1964178329217248
7.191078173862479
0.10133726687490707
3.2091018708306365
0.1950762340784422
2.514749849913642
0.22184088246285683
0.6748575840392732
0.7522628323640674
0.6540190813466324
2.719978315413755
0.00629847617528867
0.32041642160038464
1.3216651292677852
3.93479491272592
0.0031130891002248973
0.32542371460294817
0.1323326541169081
0.120445232882048
6.025938645587303
0.9078055327845505
0.07456822073436342
1.3096024421174661
0.6752044961976935
6.075283184858563
1.6348063971381634
3.6226286490054918
1.329748498290428
0.9183327901046141
0.5219149070035201
5.049108387865999
0.2787458071834408
0.639705887529999
0.4827169652126031
2.1968790217579226
0.4462068121501943
6.9226182832353516
0.10410074911487754
2.327039510499162
0.19116975992074003
0.017908714908116963
0.8066994075197726
0.3836119879488251
1.931908080514404
7.730024981821771
0.4340668994700536
0.24206329178559827
0.08753172318392899
4.657320444042853
0.8313486306142295
1.0940551775638596
6.477014957556094
2.1707239320749068
0.16661371654481627
0.13832055994134862
0.1685760555046727
0.5131724723323714
0.9560981683825958
4.0114673665957525
0.0813909506687196
7.95593044051202
3.7158988941955613
0.653177785265143
0.9427490566013148
7.268099067878211
0.6300220674092998
1.8210737510380568
8.9045837034937
0.030039600242162123
2.1117495668295305
1.0236187692426029
0.7621943387857755
7.002567289651779
0.7730218447759398
3.814298152065021
1.9924152375315316
16.01833471818827
0.8529660616914043
2.9401216546975775
0.7894145744430716
0.17675732087081997
1.2979941995581612
1.4474051994038746
0.1947359974074061
0.7139059592300327
0.9780309518100694
6.972961303181364
0.014473723502305802
0.15176732860709308
0.25506342902372126
14.329067416540056
3.131665777800663
12.854496515559731
0.2515775477513671
0.10291826103639323
2.047991134757467
0.12008716155105503
1.9577439062777557
2.841763448319398
0.6043403863877757
0.1065109688352095
0.12258477721479721
2.3990377806403558
0.044061851178412326
7.369026009604568
0.3374194966236246
1.0057188921928173
0.13428230729914503
0.27360151590255555
0.34515832101897104
11.746454708118108
0.033057701810321305
4.732982157576771
0.05493664157256717
0.05938582716771634
6.588584898097906
6.936502482822107
1.9938202896446455
4.204580386191083
2.37761753336963
4.882890055596363
1.404107754919096
0.27716053639596794
0.9842057740097516
0.023335809783020522
0.8615697836576146
0.03733177045796765
0.5577837980890763
0.10306040079740342
0.08625231347832596
0.9051629115492688
0.8002759599839919
0.8267073073729989
0.5540053797230939
8.905895327610779
0.6197280039341422
1.1084496620023856
4.191926488660101
3.9313095425459323
0.7714835035440046
1.7230726904599578
1.541516607576341
0.26820142378710443
4.5757732313650195
0.3690797314120573
0.3576547564516659
1.0180867774834041
6.124457535450347
0.16950491403986234
0.7316993694548728
1.8742169652759912
0.19876517260127002
1.1275392289899173
1.26868583211035
4.501191020695842
0.03989215383626288
1.2220580695284298
3.6998386715204106
10.365863850696769
0.43925849729566835
3.282261380474665
3.4790017240229645
0.27757827738969354
4.539760506937455
1.331623335609038
0.06625720985175576
0.1679938553206739
1.8164248290049727
0.2756632329619606
0.4857637645473005
0.018718768835242372
0.15236677802022314
1.1759051868430106
0.39768815621209797
5.364370920753572
0.40643757811631076
4.144339314996614
0.8437031625580858
0.4711480118421605
0.6470682894650963
1.7779108961767633
23.615450411067286
0.7692626276839292
2.816994069435168
15.192123167747923
7.743340481094492
0.5158209856817848
0.3725217267856351
0.0944270249674446
0.3763471539350576
0.1366148293891456
5.555422104138415
0.42630771947005996
0.8041748424293473
1.6873785509742447
1.134621138422517
0.5525078707942157
4.814151142556511
3.4207601994785364
2.6772268957502092
6.381884684873512
2.24044567906094
0.2790412809845293
22.43461182086321
0.35528949677973287
0.8389791781519307
0.7846102749463171
0.027775864109571557
1.4638686746693566
0.2683689436817076
1.8227822234330233
1.0606317113852128
0.9332552485211636
2.0125157371367095
0.10394426873972407
0.43494385009398684
0.45476343428890686
0.07688985377899371
1.1992304181912914
0.05818558353348635
1.964355447445996
0.9036477287882008
2.2102814269819646
0.46750914396398
6.666733210047823
1.297781837398361
1.4927976258040871
7.66287258862576
0.2914646492281463
2.7726465616724454
1.4333237905520946
0.084447046436253
4.614181309043488
1.5579808094335021
9.433606855825929
0.007724616058112588
2.818707819082192
1.931604392499139
7.498647350148531
0.6467791225149995
0.3971240805112757
0.7733816062900587
0.08804945628071437
0.04784484673291445
0.16363325567363063
4.78267890913412
1.0035612155988929
1.0165905529211159
14.499662040208932
1.5082890715784742
0.10967761811480159
0.3728528088249732
0.5735492397943744
0.6582805941288825
0.46188329524738947
1.0503859886375722
1.0347624873902532
13.288763222481066
0.24088966038107174
0.24297332718560938
0.40388836641795933
0.4706093819113448
0.21189439397130627
0.5307941691789893
12.722333876583434
0.08334305863536429
0.30726851224608254
0.5079336685012095
1.2050530018968857
0.13583830306015443
0.04181409296870697
0.4368314534658566
0.26284202225360787
0.2932333438147907
0.5110795513683115
19.327490594543633
1.9885040895751445
3.2229366742103593
0.03067203253158368
0.06304642507893732
4.185212668351596
0.02816640900709899
0.07986836534109898
0.2927984674097388
1.2278404712487827
0.7086764208579552
2.091963939885318
0.4825963651164784
0.6018936533509986
0.16929453871125588
0.123623685532948
0.40782349515211536
0.016145069668709766
0.6836181970938924
0.31581204580288613
0.5704587294821977
2.8225149112404324
3.10393880961783
11.610099483696104
2.315523899262189
3.7897491769181215
0.6165314182217116
3.4284841059707105
0.2851195918483427
0.7433426825518836
9.3224866012024
1.2660727876791498
0.2809516210400034
0.005726316318032332
0.8007660562216188
7.912538375421718
11.175590506973094
10.446934802268515
0.5686694019168499
1.832180893899931
0.4691473786951974
0.6271213880027062
0.07737174632347887
0.6014330104517285
0.5920001882550423
4.857756930861797
0.8891397776606027
0.06709577748551965
0.46781828083476285
0.7014567007863661
0.14871915526600787
0.5800994651362998
2.333164251380367
31.84658193130599
1.2089511080557713
1.806834755872842
1.1676206061019911
10.744177141496039
0.41005347119789803
0.34022207363159396
2.926037972429185
4.805421908495191
0.3292012447054731
0.11091685594146838
0.557102587481495
3.086749528745713
0.07831997715402395
5.579531914539984
37.73571221996099
0.4090471597373835
8.859908451449883
8.910080331064819
0.7964633735391544
0.648719820084807
1.31341396386415
5.28362239231501
0.3010193209047429
0.7081579059376963
1.352310855370888
1.1248944227045286
1.302601429160859
0.5109099146429799
0.15358519658184377
0.8969471858581528
0.69575503620581
12.835282177416957
20.39272885171522
5.701108912158816
1.2994243409630144
0.15335062799567822
1.596417924425623
8.335522144414426
0.17888160875736503
2.640856822486967
0.005755454280006234
0.033578597285668366
0.5244909422763158
0.06524411725695245
3.3596655360452132
0.12604678392381174
0.2966865903654252
0.5040074513453874
0.11903272072959226
1.3592606898382655
2.955320768916863
1.2966288022507797
0.3631147052437882
1.8806288606501766
11.862958339006582
3.3084349762066267
2.5980834398978914
2.9360572898913233
0.48452689873374766
1.2034443369120709
0.09006182529992657
0.37353992602584185
0.17872436629113508
1.2722985619184328
5.761728937963198
0.08461760965292342
0.05112485964491498
0.6443165093223797
2.634490586075117
0.7073558789852541
1.6857975655948394
0.13216913352516713
0.6943412481996347
0.5039661048067501
0.1502168956794776
3.832779785996536
1.3409607057546964
2.108106869723997
5.39365733210434
0.197191037099401
0.04219968704273924
0.2722965655484586
0.5556072089530062
0.4687136471402482
0.14762340066954494
0.6546070668191533
1.0869565430039074
24.65633798224735
0.04252494640968507
3.273166253507952
1.5832188237909577
2.5985072801995557
0.3934198837596341
7.710046259257069
1.5062955543471617
0.4343574937302037
0.3236577625211794
45.630681045149686
0.5239044569607358
0.4656135191980866
9.638127508907928
0.11229796672705561
2.387620675472135
0.5893165382149164
5.037419026484713
5.093607569302549
0.024743424837652128
0.019153724664647598
1.155731694510905
2.641556269983994
2.380958705689409
5.5535882256153855
0.8253506676992401
0.09516576632449869
3.9826221387120313
2.1102592116003507
2.4045946505793836
0.3106142186152283
1.0041048919665627
2.360543601018435
0.6298885398282437
0.4951659557191306
0.8311826304561691
1.7032648552558385
0.5231027757254196
3.2456562423467403
0.684758662522654
1.5618143988831434
3.815452291237307
4.290322506916709
0.08313814512075623
4.6110551357633085
0.12067453023337293
0.5535066106458544
0.6238122239956283
0.023633082200831268
15.098745359151508
0.029483243299182504
1.0531931203440763
0.013029190718953032
0.4422575516291545
1.4586655621169484
1.7963056152293575
0.5076914083765587
0.5280584999200073
2.685480892600026
0.9029862147654057
2.8263280255996506
0.2141917662738706
8.703597223211545
9.263281267485581
4.681751318224997
0.09142005415924359
3.8062353523637285
0.9653646890292293
3.0356227306619985
0.1622877769259503
0.043952844200248364
1.3522705864452291
0.3012636232742807
0.28756835432432126
0.20193351806665305
0.3233900222039665
0.4090027992860996
2.86524816754536
0.04110337683232501
1.331836374476552
3.23066492324142
6.115360126219457
0.01495352057099808
4.766546460203244
0.3303590241339407
0.7373255344500649
1.684537391694903
1.3255136509833392
0.22144652540009702
20.256531661900226
8.046296396561956
0.6516951845551375
1.3978266082922346
0.20290905378351454
0.7793294904549839
0.3316226117385668
12.656265258665371
7.8872376491563045
0.6086136739613721
8.514290615028585
1.2283527612889884
0.8757598597512697
0.23978785881627118
2.0263975652924273
0.12672218110674294
1.0307083856023382
2.7880596507020527
0.9172860372855212
2.659298570608371
1.5159316526260227
6.396990906461724
1.5752258830470964
0.4183668201585533
0.18086505751125515
1.8463934050669195
1.08776023361861
1.1010867223958485
0.3085269876901293
2.0253450216187048
0.5071838937728899
0.2075193691489403
6.765224767492327
1.2267355225558276
0.3148244254261954
1.7472351880423957
0.5131346421912895
0.2456150408324902
0.31772048028506106
0.8236329342471436
2.8235314576450037
0.03495194726565387
0.45399178536899853
0.1766988712697639
1.4242231191747123
0.14641348757140804
1.895366728771478
0.5959861409719451
0.027865271156770177
2.9722682442734367
3.5870001984221744
2.764733412215719
0.05067164644424338
1.9251231440066476
0.07359894765249919
0.30022324492165353
0.8514764396531973
1.5959974938014057
0.8044370895295287
0.941347569503705
6.333477011474315
0.388719184033107
0.4345426914951531
0.37591787773999386
0.20259340254415292
0.845142161619151
0.06069914461841108
0.119980562805722
0.6250280620224657
0.6621454386258847
1.5609429865362472
1.032437035253679
0.524518653350242
0.12268695515376749
5.093744633333699
0.37939333126996644
0.36699102562852204
1.9995313037725282
13.023923044951516
0.47056582354707643
0.029612401413032785
1.645409120246768
12.327175008453196
0.6506590813150979
0.2880470618547406
0.8561804304190446
0.318564507047995
1.2943958958421717
1.7038924828375457
3.1130339239316527
0.13729349014465697
0.18254884432826657
0.8389735337259481
0.26727889465837507
15.227238159335684
7.713531188637717
21.259005065970996
0.10773712230002275
0.27486120916728396
3.2713220105069922
0.5464421321084956
0.776243953681842
1.506907298884471
0.42772458613762865
10.291944472461182
13.651847097280552
10.303892649404588
0.8636523613822646
0.716522963346506
0.6820362606667913
2.6091179672366707
1.6371640648503671
1.3129837857486564
0.056797592995280866
10.167216764188197
0.5167845324758673
1.3805593608340132
0.7089755749839242
1.4775088587703067
0.0784588333190186
0.9837965083570452
3.3403964374010684
0.3610935901233461
0.48459780591656454
0.027290937228826806
0.0682620064690127
1.224487010134908
8.016535210059374
0.8135692725845729
1.9937679362265044
0.04685507697286084
0.7633576556690969
0.1579137251683278
0.7934815770713612
0.49464999883639393
5.343700175340928
0.9029458456061548
0.19758195125177735
3.19609758824663
0.48782405125530204
0.3501086638789275
0.5271755718204076
1.2224941357490025
1.608923196377873
0.37138426854653517
3.5691111527121393
1.043542745122977
4.34136165741802
1.6218997530813795
2.4957950029638596
1.157453810046718
0.7599828041784349
0.15483438559022034
0.1780146958117257
0.23255508782312972
0.0604017450750689
0.14627653529896634
0.2017188021345646
0.08475294325035065
13.165366146604356
0.5867987569508841
3.2597388528083684
0.5056363087642239
0.28255111978796776
3.974155815631093
0.4608054235941381
2.520478210899455
0.10186606664501596
0.518264578669914
0.17537005072517786
4.516993315468426
0.3144633063202491
2.305902338855958
0.4632652467189473
2.778850967355538
11.665424590428302
0.18826335661287885
0.04277943040506216
40.92475531063246
11.45793776352366
0.6126927568329847
3.5119045495666796
6.885597867323668
5.762434603726433
0.9724713458053884
3.9040631473908434
11.942577109373815
7.2204676021465275
3.090049345519219
1.9812949295155704
0.250995638409222
1.4496359170152573
2.0972430444089696
0.8044610844808631
0.8608610256997054
17.639212506604963
0.10684995282645104
5.971363336408103
0.29168831344577484
2.5607224173654686
0.4331702625640901
1.2016239441363723
2.8597935181387584
0.07076461143878987
4.601300420268672
2.725567213645263
0.8619343492100597
11.021154347523407
0.07100232056109235
3.95361684627278
0.5003393862643861
0.8231634885378298
1.1447835550279706
0.8871737551817205
0.045498060309910215
1.1024379979862715
0.6214176421999582
2.7184288097560056
2.9819901037335512
3.11114514007204
0.05465775655466132
0.09522790576738771
3.469975453670486
0.7827232186609763
0.15212645550491288
24.709320774840307
0.01679911722021643
0.9259624813203118
6.477108920167666
0.533639292269072
0.11875961235637078
0.778937719122041
1.970927692920668
0.3935797593439929
8.813200179371051
1.9400246984951082
0.48509664039011113
0.2340734372191946
2.323239396486315
2.5381435776507715
0.18142632875969866
1.938551677907526
0.15493645316018956
1.5672069959982764
2.673930022487184
1.8883932434473536
0.10827676439657807
3.2517454756525694
1.4603062494425103
0.05215764948661672
0.4299520641870913
4.048238777577353
0.19708882323175203
0.06031261161842849
0.361350162565941
0.2687262383115012
0.06622558783419663
0.5059996599593433
0.35439811331161764
0.42455774013797054
10.318158965215844
0.3607423506255145
0.5776079746647156
0.008822619085549377
0.2627821755158948
0.8970506306941388
0.29680806033866247
0.7992860590820783
0.2946044060809072
0.007514626151532866
0.4247063181246631
0.2624165686502238
8.594653226573428
2.9646314753044862
1.8985419432574417
0.09860718325944617
1.4634721399197588
0.34108325895795133
1.1615080615665647
0.6661173768952722
0.7746817699298845
1.7249779122576
10.770091646714718
12.243101215251954
1.677319598129543
5.006501713956823
0.2832905369796208
0.21829907059145626
2.9748149494553218
0.3518437141246977
1.37125837624626
0.37835519934014883
2.473802279229858
0.8860231384605868
1.2035410767202848
0.03516653193219099
0.3896788258498418
4.952152917627245
5.083653876325116
0.27366466515377397
0.2824534671744914
3.6259713949475554
6.021416820913146
4.621702930249739
0.2837080138269812
0.30963122606044635
0.05473284165782388
0.042087457193701994
1.8395395670377184
0.09411025761073688
3.5839541218447266
1.345886256553058
0.8560421549336752
0.22560838914068881
4.734404083174013
1.6073063227740931
6.563689653805341
0.010447440799907781
0.1836859558170545
3.194359047738544
0.5483944642110146
1.3609125500152004
3.3851819327901467
0.08905452525505098
1.6398217630849103
1.7028629292763071
0.2330622853260138
0.9800205709398142
0.5400611302975449
2.031843757155002
4.280525207163009
3.4369796389946714
0.1185402579503716
0.2640656606236007
0.30696397727297153
0.1442284177392139
3.4392474842388765
7.064905645849649
1.715297655777249
3.656404610053869
3.950871780034504
2.4365556446209666
0.4022178309824085
1.4276613611655193
8.1568810071185
0.18028542682441184
0.09374254963040585
0.2759756437590113
0.26954929305793485
0.6708149145342759
0.8720362593157915
1.008376975732972
0.2963504084473243
17.820593276657746
2.345191691936634
1.20848544396722
1.1796522462464054
0.045946378879307304
3.942846813944925
0.6262060684821336
0.2576864530929015
0.42065101674961625
0.41119801203603856
2.9232916984983603
1.1235805003525456
1.2094974002829986
2.0439264975575497
0.0754686242871685
0.4023792795778718
0.706561001992668
0.8492504430832923
1.4519223048409913
2.0251555963623105
0.16843317695020232
3.2836876895235036
0.5214179057147703
6.896569254320639
2.618232995395374
1.1958172317536082
1.3932246552285505
2.7022332999986247
10.331407831210527
6.1385444110346725
3.545796067272022
0.9295310134039028
1.7935711244717822
0.1871254296420375
16.61170728308207
15.728588462145126
0.08402098775695777
1.0674547034068382
7.750998250085104
0.48875417994713644
0.02715099618944805
0.2085335440133349
3.880699161461962
68.27550824255741
0.1678554289683234
1.1382406301054289
0.49475738775072386
1.90411146995757
0.027208380844967905
2.8633201527482015
0.8760996088167303
5.1709099230356514
0.13737975659387303
1.2718334950332064
0.0499995667123585
0.8715962172864238
1.6979217390908161
0.5475265580316773
4.625386918021832
1.0594842872960726
0.34373716940172017
2.989016646424716
2.167772695698659
0.1285869977582479
0.8232505763808149
3.637807323182642
0.13415122873266228
0.6616574591753306
0.25161203792958986
0.20429936880100286
1.9458062113262713
0.5042167528663413
0.1193154992943164
3.0696753168740543
0.8531907007272821
1.8591638299112674
0.5629313556055422
0.262631307450647
4.736651964078192
81.90609715521714
0.29834221152123064
0.6191391625980032
0.7133767579653068
0.19435403471288737
10.726698179947562
1.1790426149309496
4.101322082977276
6.368929452015436
2.0635302685477654
0.6370851099636639
0.3637907286101836
0.9362967266279156
1.6406669878488174
3.1603828079241794
0.16618427677894942
6.795244973080116
0.06410916977620218
0.22681857857241994
0.08793721190886572
1.9534394362708554
2.7593794011554564
1.9241027743846644
3.453505939753086
0.8636024425140931
0.07510637550876709
0.21082812696840847
0.8443570298404666
0.2545977674453752
1.3755666831420967
1.7121432201893185
2.034073164315487
1.0142539037042297
0.8185015104754712
0.17241959977400256
0.12649322509969352
1.3656337065986008
0.42521755349298473
0.03807703212078195
1.6529484027560102
1.2382996498490684
0.06106754457869101
0.6386763380432967
1.9922193464299198
21.645864489139058
0.9485595646183356
3.575551053021627
0.18509253722731955
0.01449403980950592
8.223819546023151
2.588050319427566
0.8642467708777986
1.469699456145463
0.3343227956065675
0.5953688105146284
1.5321370129022398
4.524721698304347
0.04156476818025112
1.9247154898985173
2.099094269295165
1.8426468826801283
14.026199128042208
1.342552139009058
1.1203221549876616
2.3423163499392103
0.9988109430923942
0.9666167038813
1.20895796197874
1.6716480452741962
0.013395274098002119
0.23171079760504654
6.656121072213864
0.9828962366300402
4.904728335925029
0.16810670867562294
0.5889507856554701
7.443282586122223
0.2838835182847106
0.6323480726205162
1.035369410936255
0.29804151439020643
0.9336372147954535
1.752032639560639
0.15979554571822518
0.9847224851109786
2.4989935883277212
0.024808632908388972
0.11361863357160473
0.027939076768234372
4.463152138661826
0.45793470514036017
0.8499759374171845
13.110405075472954
0.43694619403686374
2.3709578544148826
0.37481819104141323
15.132587919026264
0.5852849665679969
2.3488506477006013
1.7606418204377405
0.4501940872214618
0.50447887476912
1.6961407902635983
0.921076905739028
3.3456923872217885
2.163018855986593
1.8358802843358717
0.005493303593539167
0.41110856713930843
0.9924707395111909
0.759108647951507
0.039436388105968945
0.4512375790000078
37.22405233410973
0.7786487036210019
1.0561184468169813
2.850373855930229
0.024891787019441836
8.668955471475783
0.8263078658565064
1.3966097191005247
2.1636016174888937
3.705958169317455
0.17950019855925348
0.171484657585097
0.5757784633678966
9.563350996715599
5.200377840199508
14.19684191304259
0.27546857887500664
1.6551601090905024
12.123287548289227
0.19711942986759823
0.33270597895170795
4.066934310903889
3.111529263209377
0.4958351743989624
17.17038307308394
0.8670399349139188
2.7956463480368257
2.1202956101624295
0.036827160423854366
0.056137801919248886
4.908016591150954
0.3053207404882414
0.37245385698770406
5.937152235550457
2.0468892573626363
1.1320345619678847
2.421178267984942
3.3924105428886833
1.6471190340453177
1.8527390675299102
2.7118790851454833
0.39691322296857834
2.678793129460246
0.9766347847908037
0.4610274294464034
3.369739196910814
1.781795365808648
0.948685357485374
0.7161897862060869
1.957449216126406
0.09147105739975814
5.02825797344849
0.29315803175995825
0.8586715851706685
0.1260641713743098
0.2220358815175132
0.6939055776310852
3.572134035603085
0.41220909097319236
0.13092133573809406
0.3286767163663171
1.201648284732073
1.5869667619481334
6.888241170920082
0.7028978614034713
7.610000785774901
25.1876046518737
0.6380635346213239
1.2216293657183996
0.02236577440635301
0.5778424723539501
19.465071279220865
0.1816914028240717
0.8825225629989291
0.37367229763185605
1.5164798273253837
1.4608755262597697
0.18126548297004774
0.2535278785726405
0.5523952275398187
0.7843149525288027
0.09524707564560231
1.1848187271971256
4.335652561472671
4.8801720500705414
0.266797251002572
0.24450562940182863
2.2807819488079986
0.6910241508012405
22.61671380151529
2.6884893076348817
2.404959409752337
1.6231453391519608
0.45756077399710193
0.017057555916835554
25.727890412061242
0.3807518616085872
1.2063000863272464
0.4757113506711903
0.6418623861172819
3.2120176601820276
1.1220180821619579
0.6850208084724727
2.0193255273625255
0.8389208444059477
28.493464743733057
0.25856605919398135
0.7974488556792494
13.580516354442807
0.8959434775606496
0.8064110463237739
33.16451571381185
0.1677149130118778
1.9609655030653812
0.34945882400643313
0.7150446989689954
2.110701830504695
0.4406037126755109
0.398957487748703
4.055392248592398
0.0941810886215535
0.5985728015875793
0.7598755804065149
0.28421911443729186
1.7276788777307956
2.3571505946674733
17.49618400701729
1.6375797687942395
2.605912530903879
2.6650619347637985
0.09135595223051496
1.3722499640352908
1.159476922126487
0.26057762410346186
1.1828641190149938
1.7059575684834272
0.2971797890786547
0.2740440179986763
0.6759398680951563
0.6149881985620596
36.608013013523305
0.3347471193119418
2.4663695016424754
3.511291336501017
1.3614306322997436
1.367914530208509
2.8540722238612943
3.371978481511178
0.20591500688169617
1.0696764276217436
0.008520514289557468
4.158118532672233
1.7444243709178409
1.0828543875395553
2.49307450051856
10.415452305052895
0.24509033487265697
0.5401785730500706
1.0863158363572438
0.03492987001664005
0.3586464610234543
0.14027935550257098
0.277780777461885
1.5564077626622748
1.8270916513720294
0.6324317588660051
0.26078368670277996
0.6992711209022673
0.40766991662530927
1.7051401960779913
0.27806395091465674
5.325992457786924
0.09632532484829426
0.7647556719457498
3.045964020093379
4.8806640211478225
0.12877543925424106
0.020604735298547894
0.09426472241466399
1.2132536425924627
2.7676603870713734
0.11933913308894262
0.013963885758130345
1.4827736758088577
0.3780679615738336
0.9229231718200026
0.05563512281514704
0.3592729697629693
1.0443093404101091
0.6326709087807103
5.860581711138366
2.430136271788797
1.8587580363673624
3.1623762130984687
4.618637432206015
3.8775199705851264
2.885696082317736
0.7027962749198196
0.12004662257822929
0.3122862220989191
4.270328937767772
0.49194370938494103
3.3062170504199457
20.562336822556972
14.862595209830033
0.7595588006879552
3.4340503823041217
0.3002126853898517
21.272986889016465
0.8232318053924246
1.4221933943917975
3.4671653134573717
8.947960779405548
2.446752174568246
0.9914571405679453
5.637909483550175
11.186738207252347
0.7481519870489137
0.6942366838120506
0.4153316475712927
0.09410820549965138
1.2773563586888486
0.763900616155297
0.157062168509583
0.0015449891798198223
0.07599559923983179
0.2924024327658117
1.1632871700639953
3.1262219700438436
0.32670360273186816
1.8531847035337705
0.36737246969278203
0.6211622086120769
0.06125686263112584
1.3543495265184902
0.18956814034027047
0.36911402234545676
2.0343283116599196
7.549126239246107
1.0576728862070013
0.5596562514547259
1.1685750658652978
1.1631202828575624
1.8356205796080758
0.32834615364845376
0.48640547940158285
4.223102510397439
0.19967896818707231
0.23098310247587506
0.701696293814166
0.3044008777505951
0.07373358523182105
1.9854690520223812
1.0346378897302202
2.53393700462766
1.2740306973646511
0.3990023195874528
0.46465722050197655
0.16208763191389153
0.12400398355384823
0.8448531661706511
0.10658570584928384
1.072056507699017
2.2817896085543907
0.4176627316774102
0.4931557387826615
2.5293688639212633
3.5801703462711885
1.5594438645857736
0.719389492420305
5.282365079867304
8.031606191398168
0.0023782339194440283
3.0058508372239885
0.879599245992722
9.809382689010818
0.07779818960261764
0.14768770812952425
0.6804257305338979
1.0276513077114942
2.1915955212316476
0.7214364786996157
3.6029920390210464
0.44343860513617983
1.0848619513853919
0.1128761678992305
0.6411263967165723
0.21804123352194438
3.6033518730910146
0.6869935778086074
13.164842472731834
0.08985610645322595
0.011486822601000313
1.1507421248097671
0.7176015268196352
4.502188312217186
0.2682834402221488
19.532954833601252
0.20668517738522496
8.82718067314272
0.3205704537976999
0.4347719941069954
4.677102858797298
0.9096388933176058
0.46610909719311167
12.07571504169755
0.7944087001815205
2.048101670392498
0.7286443835837417
0.3579034837821382
0.7139530261192704
0.07852923838072456
0.1767062566432287
0.22163980115146842
0.06619180068082642
1.6761080784344813
5.997210943343816
1.3482239438963006
2.285981389155495
2.342780472841696
3.1067489182169084
0.6373508362958091
2.7772622185511864
1.1268708843854256
2.0975409649545327
0.23049198848457308
0.6968269549324759
0.027634151090751402
6.316596536707948
3.3563970478717238
1.144657537159219
0.610601656124345
0.8751329064180027
3.3258821147392155
0.07743016370659461
0.09564906892046565
0.019621892810391728
0.31469414088496706
0.8597694862401113
0.08744932585977949
3.363671498373151
2.1736044769422733
1.298198809272435
0.10494478902546689
0.1963245133883902
2.749351118116465
0.24629073703545146
5.973405369819375
1.141644722512865
0.8480876681351219
1.259615726346965
1.567200951911218
7.205222654854879
1.6690476227086037
0.12370959443069296
0.20913096889125882
0.8897721336179529
2.919269588572206
1.539757043508871
49.36845715187519
0.9864575825049542
0.10385623986803694
0.04221712356957141
0.3959732558578253
0.12153726026008371
0.518883996825025
18.83312564499647
12.569314836873673
0.16215165440371493
0.24159508724551415
0.014476536714937538
0.6375604927452514
0.1559748547297204
0.024818931124173105
1.2002967086227727
0.2980290468694875
0.45925177028402686
0.15378376839362318
0.6293248738002148
7.8187516397592844
0.4763953874062281
6.00787944853073
12.879164498706814
0.5410739896833547
1.3700536969990935
2.5221694239007775
0.6358495600215974
6.638569722432294
0.6081905235987506
0.03299935645190999
2.410543576326745
0.2545223043198348
0.01758422543935012
0.15999154710152652
2.6099059514453984
0.4241684181833989
0.27536471968051046
0.18671937267208705
0.9635434616357088
0.4979379331198288
0.3092667976889061
1.8285834867419908
0.9740601821613382
0.1300128684597439
0.1854923815917573
0.6841547983640339
1.2611736284015933
1.1013344897146453
2.2318631635644124
2.5785316800975124
0.05643655337917153
0.5750443204451585
0.48665758143761195
0.06567593780346215
2.526537686597294
0.7421677078382345
0.5537757714628242
1.4238616144066327
1.3707223663004697
0.5229259627230931
6.125819931265141
0.1987005121045513
0.24709287498990307
0.004765948535350617
0.7122131626310875
0.16081423809373518
1.3596539248610497
5.409221807123686
0.5901169922944973
1.0244148115743883
1.4817626000440214
0.211888484787778
1.7963027093792334
0.8224625519287656
0.2622401164917392
0.6727897529490292
1.1419721583588398
0.03372058874811046
0.6676451617386192
1.4160078758504824
3.8369004082487663
0.10204128178884275
0.9514655297316494
23.222168785061513
2.381954533411772
0.4556096365558915
1.4353904137460631
14.197957768257766
1.4314568546469673
0.8964978416333906
1.6126079782188754
6.664224329964782
0.617581137266825
1.067304484124179
4.108344211090298
0.3843410494446289
0.5605113416240783
0.4386998575209873
4.202471115298977
0.093414275055693
2.0327564237231854
0.38962673150672344
0.9573353514133487
0.29113110660546226
0.8428542008914519
5.295112507235899
2.9594974229548825
1.4915448338360875
0.41791889746673405
0.19039169886673335
0.42592593174776994
0.06697896830155514
0.3030947911320254
0.9556332144566113
30.798779436016048
3.3116123649961082
0.6267114063157351
1.7609547726242454
1.0070352561670006
0.6722203594617895
0.19867171523947036
2.411134447567747
0.05939405305252876
0.34406105423840927
0.1532183150484343
0.33417036998434924
1.759077706017706
21.462835601443658
3.6667502654672717
16.1561429910289
0.045033684342342895
0.6953606129609398
0.5451425915962318
2.9041428102646023
21.85950576342293
0.07625395010836655
0.5301568370632594
0.2430468974998803
1.5104645875035203
5.926682080775208
0.3690425675958977
0.3270210734408465
1.6158451874507591
5.68008109863149
0.9835464529678575
3.013947921615909
0.15959516069415258
0.0782867825764697
1.5160212041519117
3.1326809746824438
20.14868104489142
2.555725460370013
0.010774776776088402
0.12304099743778352
1.414951433216629
0.34888893091556383
0.1813435860167374
2.9998674057787866
32.065919353939535
0.25365221873653354
5.254741752767586
11.281154172247625
0.8348961225783569
0.14259769849741133
1.3475374660629313
1.9782456075845403
7.542186460319499
1.4028630204338697
0.10923845955403522
2.610101768244931
0.7943531882410753
2.422070912878553
21.190131596093124
4.384223628003383
0.1916007508407347
0.6800879306247225
1.5824466573540121
0.3576907654351089
0.47219818095618393
0.023298657150007784
2.966495140331972
1.0792197551272693
0.3868656858248869
1.1652595615014434
0.35953535979933804
0.15703496291826013
0.9955493994275457
0.05577388824895024
0.6571867654347443
0.09430956784490263
0.8885468431035406
0.09529769099026453
2.600884858002246
4.31181560895493
1.001583723074873
2.080064329878951
1.0035115684368066
0.5684804000920849
1.4192649493998033
2.6331789451796794
0.13564608302112902
0.5697758942769724
0.31429386593663367
0.37257670710096136
0.11515678747673519
3.8115959839706193
10.768267257146363
0.4956711386766983
5.14832400476007
0.8308754553581821
5.975647559898789
0.8847608540309011
0.34722507909464184
0.03567403087799903
0.11744226448354311
0.11478623829316348
0.28110799891874194
0.394383696046134
1.1937126471311785
1.8068714007167728
0.5409667163185077
0.41450411854020786
2.47119608878711
0.6978873832413228
1.1066971765758353
0.013716824760194868
0.5809281986948918
1.785479981408571
0.05125975990813458
3.8040398009616183
3.2976092448006966
3.191982132513658
0.9730789395180182
2.844287187224836
0.5358360988393542
1.7468792241852498
0.8754313333702157
0.05823601226438768
3.341247532654961
2.700602713106491
1.90815766423475
1.5039223710336955
1.957918236774276
0.8126669024786679
0.651382768068288
0.5311640473664738
0.8312449203658616
0.8941972354004974
0.4387851808205596
0.7147779129663832
5.1531533845482045
0.13432688078319188
7.504557399406622
11.512476247931772
15.389007010802743
0.03431437792460201
0.43006997687916737
0.33703531966602895
0.694676797495049
0.47036371324793436
1.4021331092735636
0.3168159753186046
2.16079111808358
0.598672614316456
6.758237326306698
1.9025108572095633
0.020045282821229193
0.7569953262063791
0.9871725489283563
0.7457266913625062
3.5042152993410127
0.02291633788991021
2.2811947109366884
3.2924375715010683
0.09092733411671361
0.6442182863538619
0.0962318996535032
1.9674033493356546
1.2430381437079632
0.03861945034441305
0.22907300165388733
0.07115584021812538
0.05223458998807473
0.22998050540627446
0.11028267498477362
32.62754422186117
1.6738886205057497
17.281847227786784
0.8011010627669748
3.0310935827583307
2.340519161291013
22.668933505039604
4.018585745667224
3.6143412760502542
1.0579406777615077
0.5557317877537571
3.086928662356513
2.6105785407562507
0.5527763536956627
1.0766073784907348
1.415278276304889
0.2845094408112345
0.36213798499375116
2.2108587636612356
5.113473977093236
0.6632069728584611
0.3269279251471744
0.09639707316819113
0.4877325310953893
3.9123739093047334
1.6086793696376844
0.15035643848386826
0.3235487136989832
0.3099639524007216
0.7590124446141999
1.3376575108704856
0.35983044489694294
0.5809707726584747
0.06166207769274479
2.4625575863246922
0.8499936534426524
12.059220248302154
0.13008932377124438
11.832058060310374
0.4531318546505645
0.6447022781721898
0.04380380281509133
0.8082920718370588
0.7905959155250457
0.10667091895447811
0.13810279704193817
1.9590230070898542
0.5879033971723402
0.1416239115933422
0.9562322495912667
0.9749871988460654
0.6685106624208856
3.787339480863011
1.9979874680793728
0.09376388359669363
0.32578725188795943
0.04525741004908923
2.4543189846299356
1.3733927662324277
0.3946154773439048
0.24595712304289918
1.282500259054359
0.05099548432190204
0.5012110407405999
39.10216599692649
1.5439972433960065
1.3446342785318848
0.35582935838465346
0.7787387397911516
11.123427190039365
0.867689823404362
3.7913893065051525
0.1398748254068778
3.42718422292819
2.3042109909511055
4.522198202481377
0.11369605834624963
0.4707661115535302
24.318826770155283
2.801294738870638
1.9680405598555808
0.4797585470805643
0.4102152038976783
0.35679647161305184
42.59030915701442
0.2991896197927417
0.9376749900839059
0.10669929278810741
2.2289455025456846
0.009874049908830784
3.5566991760133533
0.07347873697290197
3.2561608540127054
0.037545253057032824
0.6808858952572336
2.1754251827806
5.451854557526531
0.01825451491458807
0.5737395051255589
2.5756187133374624
0.6456280308921123
0.23422928260697518
0.6296957287122495
2.7467381302121794
1.2499917602108326
10.092238420555077
6.6943536166945705
0.6606177592693712
4.82595652868622
0.12058752384473337
0.514424832588702
0.27247630073543405
2.71269493993168
0.07969738148676697
0.5019720039417734
0.13086009547987487
1.7093905112560606
0.2203783667719108
3.5074378346980666
1.1439873470080784
0.16768663261609618
0.6931014912770479
1.7731886929395841
0.011230693744437303
0.7430770324353944
0.8418227348593064
1.6698243291320978
0.4096455785402213
1.7819214241681038
0.5039678208049736
0.7005408726618043
3.618351415869256
1.4450543732236838
0.16960981526062824
1.1779193306865636
20.222385304579802
0.12865079371113097
1.2618766529703862
4.605151387731894
0.0061852741200709715
2.2854993835499045
2.7204712820530403
0.10855857843125705
1.5426632144735777
4.521435484617541
0.5606505938703776
8.930127133397036
2.0222228558632196
2.4490351717395242
0.19245170227077324
0.0978598241781583
0.532224865812168
1.860764685749018
1.8705769193184096
0.22845804940880043
0.22990076058340492
0.27185348314378643
0.06355941580841318
1.8162441219028551
3.5359067599274567
0.5142394108333974
0.2637067591858795
0.5700249531946611
0.013493206854036544
3.618115820630919
1.6338689420299488
0.6479869313334348
0.18549425407400122
10.595592901205237
0.7674055937168305
0.1486646260964335
0.3219603755060234
2.4758011551966774
0.5694412810480571
1.1851055475053727
2.442856204645068
0.536878511426039
1.2902038685642765
2.667844510753639
0.0069949895405443385
2.7795421707705827
0.48622833658737363
1.9237242985982448
0.28156093351572054
1.0907610290378216
0.5616160124118323
0.7530956028931541
2.2728427632609964
7.686486225866247
0.8513258126185974
1.4493399300044985
3.45441791578196
0.3186150696783443
0.2804872976994375
7.782616254327877
0.7551009849194088
0.8998329981404822
0.3154609482153319
1.1833692897780566
1.2593314387631835
1.5665434669936076
0.9983893342869123
1.1502806380594848
4.745329057899653
1.3149278043492814
1.1042108710462344
1.7744275272489176
1.3486209032053011
0.002847940646461211
0.31116451706475345
1.9843743030287442
0.6970349579351023
0.6168760738000856
1.2071739011080354
9.039456168298784
3.0880302520963596
0.5060102526986157
11.317486879066564
1.712748440935684
5.0846686273944215
1.5630189649455133
2.0699247432494303
0.9655511683158693
0.19027569969330216
0.10271459240902914
1.6789020669093588
0.09637157506949734
0.767344184758258
4.98112566609052
2.0275009258984937
8.719958909947309
2.141814927563246
0.2692963359950227
0.26984969560726313
1.2391979772219202
2.4202516310324427
3.3355443450345774
4.724908309617604
4.491527312071412
0.3211996115351212
4.687896328141505
0.036081605656363536
6.341524514675257
15.911216448854248
0.2772977925342275
0.8064701060502557
4.066362931356707
0.6296044654009165
1.1829837358600344
0.24465770232927753
7.461612093124131
1.4898020567197818
3.305727938422933
0.6641582213051151
3.1076332194716088
0.4628251001777244
0.886174305487657
14.988684761046898
6.855923332288512
0.7481365850981092
0.2419176267067087
2.104193710089021
1.5241000153910136
0.6201748215025873
3.9287029381739558
3.8318058406439377
2.4042007997850305
0.8216786677730852
0.8367978987080278
3.1517743045988027
0.9469213169650175
0.5603318512730766
0.018895862333010882
0.9048021351918578
1.214491047852789
1.6277042706351494
4.790530953076086
0.1761507227711263
2.0741899400454713
4.272661887924187
0.013624965911731124
2.9600678199494723
1.7938671185620478
2.0452885675258585
1.3317881872644648
0.020890691987005994
2.7313428201014176
0.034562062297482044
12.64366971772688
3.544481775999884
1.8202518289617728
1.0605811714631272
0.44974276080029085
1.648067761096172
1.173645074304659
0.4602134225788177
3.134979337468394
0.07561367379094008
0.4110526008880697
4.699616772006266
1.1298166020933422
1.4422691475629108
1.1762298387402552
0.6566717690511723
0.21515566637390293
2.1263708926635445
1.1287871792083024
0.191953431640286
3.754214183318254
1.683078215472051
0.00939898107026238
3.6150494481480564
0.47031323229748523
1.851892552083882
1.8145083375493414
0.08437476488325046
0.48707678720529657
0.7086932087040623
0.7404132539231796
3.5510144176660106
0.3009848677102127
23.42432857696258
0.059581778790743556
4.149096111759718
0.16124589121318422
7.481357128810487
0.812341175354959
1.616202674995293
0.19384447210177314
0.18544331728480756
9.0693791883823
1.0609475529636256
10.314387244347017
3.7331942165401415
1.3468245514886803
12.428824190268642
1.682672427057696
4.994836653342645
0.6987696726355352
9.779435573160299
0.07831060415628599
0.19654258350055898
0.25773176773509476
0.7044158531425637
0.006933313066838309
0.2872255282563856
2.6844964578267536
0.9577326268554316
0.7899373288819334
0.7788830536228488
2.8505039100055
0.1525786750280531
3.800227539119078
8.056799158075592
0.15412000890501076
0.6205493464003666
2.974892403362901
1.6170852013674448
1.43950226240122
0.29697543218935607
85.0913970937836
0.05873276296915719
0.716469364677323
2.9231385268940357
0.3848767453673645
0.01708735308784526
0.40512087674142094
4.698054463406152
5.855119239655323
1.4988291649715393
0.9450757677841466
0.18220840362482704
1.9494005885280785
0.5554930477810558
1.1936736921416014
0.892819818785938
1.6320117874711286
0.9692140656115953
3.8188307483142125
1.293204292342125
0.4183818326710025
0.49200834203656996
5.344193008029833
5.457612042380788
0.8057845944131259
1.187194627673307
6.724472142683226
0.21720030919095734
0.1676760133341304
0.15586023229116108
0.23933479292463744
0.34975884793675505
0.5823130503631546
0.9941846957299276
0.5772876053561049
0.01065628150536213
5.036452964377531
0.5389282769829151
1.8114932948592468
0.1424444619769929
2.4230095941748004
0.846724758608616
4.1101696410587465
0.6093089568457799
0.47610141737095546
0.4722750637884019
0.7303448565435247
0.5563454741859459
9.713709194635157
0.8125452816238976
0.10758684912434546
1.1489265721465927
1.9870375325917848
11.683119873952819
1.3910507471882738
7.57510574022308
0.3428927924542222
0.3311020268520224
0.6853537002607482
1.9975223347719293
0.3195472686638823
1.8088056493506883
1.4793078683433123
0.20528420939081116
0.585649731758167
0.7693948445521528
0.022906784521183
1.611678964800376
0.6307285020011477
13.567477161574061
3.3823384947536397
0.15090969680750277
26.836379425556515
1.991742179299763
0.5838916586144478
2.9079058348288527
0.9254692778849858
2.2967440470238216
1.3417877089086687
1.5449642337407568
1.3210088927371544
4.573026237383601
10.808944132666511
3.116220779986179
2.2950822300626896
4.5587884091364685
0.2582438313329476
19.43437275134056
0.6950971940386808
0.3715121724671917
1.481796936946921
6.3300773819719325
3.981273395358585
5.553689161104558
0.5106729540566448
1.513654472080816
0.06972816884808708
7.639802697471168
0.14330589628661983
3.8386025795552996
1.178412134257087
0.35627349922287976
7.721754422360391
8.257646695325093
0.9381804557633586
1.001027576137858
7.978693420496711
0.32567852056672564
8.872695514459338
1.6857754362863488
13.044919819149072
1.8167508380211075
0.8470077662568656
1.8517947735599591
0.6277072441589553
29.742837554222206
1.0589752393279923
0.7412920504648355
0.0936533205822343
1.363318288247683
1.7345517374706105
1.8627969247609144
1.672692401240056
2.4118895654028165
0.4110928129084641
2.9746841269297875
3.794352864853863
0.6779504877413274
22.78856957773678
0.37421546105179004
0.7292638871731469
1.3911071687107324
9.52522185806447
1.039850743210991
1.6377085039639496
3.3458938309704536
2.1372934998435085
3.6209713243079023
0.4327029530322761
1.1645070804443094
0.9974039378575981
1.3204713994418853
0.6619630826971843
0.513241974003904
0.31040551932528615
0.9460631422625738
1.775767403007194
2.5346538559242617
0.36721590022352757
0.5745206423453055
0.42997471582202706
6.233040349878138
0.18820175903238123
2.071386247771443
1.361313706063811
0.039971333630091976
0.43973908024054253
0.17617764018359594
2.7917544464507955
0.014120515101240017
0.20177420420804992
0.10119769432640169
2.744954748406599
0.7028668431303231
0.8156210784145514
5.429108160882606
0.5444362678244943
3.1840530576228048
0.5318785807103268
0.12386936555412831
0.8094260360230692
0.8473267730514635
2.164894042070955
0.28420330659719184
0.19913704499049345
0.5969237344470457
3.7070373646201915
1.2007188294810476
0.44365049039333826
3.8544140626327135
1.2345708152424777
0.9843798478686949
4.698982238165627
0.150649008101027
0.4465201844504918
2.6308840992714977
0.30630550337809836
0.2549909274530364
0.33691434753563954
2.146973699251248
0.4222032394609414
0.1030060527191381
0.23843205664888956
0.5847419257188449
11.91979499142326
0.3596436963780434
0.9236252523769508
0.5102286230903701
1.5302965050941566
1.8165906198410084
1.8052500332705677
1.8441266812005779
1.2884855697629973
0.05624991001968738
1.6158637507833191
1.2031975249628886
0.6667214913686621
0.5833209043048555
1.0151334171387134
0.35390417605958646
2.45036577071005
0.09121737151144771
0.6971721212685225
5.430472423933679
1.8961222472717054
1.4461852629247005
3.005645401048241
3.0394556580504286
4.4212820190005
1.069833749497775
3.3786791989259655
2.002326453126443
5.511308815272059
0.545728471071925
1.2987571097255568
0.9680467302678153
7.825142907415284
0.4627943075611256
5.281084102367458
0.06076172646135092
0.3127013240082306
0.5138793472433463
0.10418999904504744
1.0946899848349858
0.36872215550829424
0.08640858231956372
2.428619617021468
0.660271768050734
4.344636110152351
1.777860537156812
0.37538162232522154
6.242740724832402
0.003846328312647529
1.1124676689505577
0.4574664444589871
0.596931856845913
0.4207443823106587
0.47392063528241124
0.04720925892615924
0.2906838484632317
0.7146085180793307
0.8601493794922135
10.109556671486644
0.19077427149022697
6.4717266543812
0.06474993893061765
5.812041895696893
0.06418461434805067
5.326884222522494
0.04228502771729836
1.159953133246745
0.14334363335365197
0.4208095110152499
0.10899546663131332
0.8907711607316742
0.22974823971890146
0.22498922437807778
0.07930061802471755
0.12162376775086159
6.844313387446164
0.07751704765541945
0.019155620328092482
10.12508277282177
4.112027917137311
0.7510371068419772
1.8849516163900262
0.8976321555310278
0.6692446586166625
3.0752711221721256
0.024014374605030753
1.5808868280073511
0.1767855562720797
0.9459560227769543
6.2703055069287075
0.5611053474494838
1.5819922134905937
3.0561521201816504
0.4080248126119841
0.08427836473128991
4.250975777882559
0.46807532387174433
5.318991171268863
0.09273012453923002
0.6457051213874365
1.0453536978748161
0.06915362009749515
4.5007797998332535
4.452638483926421
4.993009986639663
0.7816439401140087
1.697591982963786
