0.15060607213672483
0.646555215738772
0.878994077371317
21.24269654480304
1.5645899050687149
0.01526114578882698
0.7995235759262869
0.269839450607833
0.9255369708225771
1.5539806493579817
29.93169732001479
0.9542886793096841
0.8859248276348808
9.631197904196597
1.2681345510245592
0.8475243394168501
1.1790025903428614
0.345090907663689
0.4397265687948675
1.827108740744734
0.01448055294531514
0.22285766813729424
528.9678064060354
11.063626071161707
2.72256515506524
0.5767136558097263
0.32356893351243343
8.93654684744979
2.4164468356830184
1.515788903729117
4.922928189680533
1.1428361005200713
0.08597448346336023
49.791267977034295
75.38277181075318
21.374940211029752
0.045827197336620884
190.99671731899798
23.29324283543974
1.4814787831091962
75.71972339981585
0.5547923487138178
0.19926972283792566
18.831785023267003
16.438896570365614
0.14527945580994128
6.992709491096321
1.1979406270002073
0.06586171152230236
322.62935340281547
53.30055423323938
0.04343081289334805
1.7479451322251407
0.1785417404025793
5.615470027885749
1.193053261773457
0.7722262877286994
0.6447884743029135
0.2999500541081943
2.394274650934676
0.09844406817137497
8.060510017647175
0.9364787122030975
0.09336692340730224
1.218730546279403
416.4193991893044
103.21254040574058
5.659248423697136
1.766774925567006
1.1757494569064875
5.0957579713722225
0.09992737322318135
130.23989336449813
0.044383117518009385
1.5375454273926152
0.7737573006779712
17.745397790022253
0.27029480816054274
88.48026577081328
0.19787597575850668
0.14200282897581928
2.3659416822447383
839.7792761299788
0.7174471503749373
0.08575527738139499
2.277505641854077
17.53002106328495
0.5014350045239553
0.154877258810302
104.40240334746704
4.101117332469585
0.4152147519234859
53.07979901974977
8.289185397268739
1.8176384670077823
0.07992744030343601
0.29655587541128625
16.9227643413833
0.032321943413990084
19.591153057179326
3.845731955829251
0.33955576412336086
617.3794495505244
23.695983482015436
0.6653929981221154
156.19210113992813
0.4441990956875088
0.8379860729291977
1.050314591757342
1.73539270843321
249.64715817135948
4.834777596002823
0.4367111100254988
2.6006963625113713
4.0921921812187065
53.767291084070166
13.510487636252947
20.008221937277995
6.270260726902052
4.353437285422842
0.5361009846055822
1.1715889723382134
10.597009747172706
0.03202835399133619
0.17165734669106314
0.2559037099890702
2.68826136584903
86.20229187159202
11.288674155421177
0.4811038247680699
175.1166553482799
1.2461313396088372
0.212314361720928
49.056191621250036
0.5795550198599813
7.871376397724816
11.045080180414516
127.15323407888354
5.273845768359024
0.33875622780033154
31.7731410161432
8.58650523441247
0.1652751305118727
0.680769852395315
2.580323338679591
6.320105454284203
1.1235317133505305
6.218045566070941
11.681975591312948
0.006350188632495701
0.7431708826661634
6.708839276016079
3.5637282448951737
0.016587334128416842
0.32042085551074706
9.340566872720956
22.356832400768326
0.26845599981970736
13.757499285704398
0.222251154766127
121.61943004326167
4.625218121524085
0.08464128716150299
1.6425405511217832
100.48380365064077
0.19458377478440525
36.08257361359574
1.4455989112393581
1.9866195421818702
41.759852910781774
2.2769292956218123
0.8577588482730789
1.9618549605584121
0.5094688911376579
12.888868204303435
2.239661485542456
37.26679492501353
10.763772196693026
0.3034957225245307
0.2857267787476303
0.3404080491454806
0.7483930698763288
0.1486928810372774
0.4251217040800839
0.23671600517627667
151.3809183289086
38.94185570900299
0.694501819092693
0.880409770499682
2.8093447411119996
3.173645515125827
0.30476987485963036
0.30717839685530635
8.886974665449088
0.4441143203621323
0.8300316008389927
0.5899642491203849
0.4645094448896998
1.2355466250592144
0.7278134715415945
6.452425815281458
0.022521044695167802
0.2294796728529036
17.305381200370903
0.10102673494111514
6.816117334346927
2.0583180236062617
16.348221649172046
0.26844560130120954
6.784352653572569
0.9521038650127593
5.667242383089615
88.62465271677866
0.41851273542124545
0.2977112549560843
13.95195553569647
15.201802497042081
0.3560562313577975
0.4383146381333063
2.349685547145782
0.2563728400673426
0.33668248813046375
0.9756142558289866
1.2831523817003472
8.780280850980489
0.37089857670434867
0.572292636599741
0.7659499735927966
0.38658835446767625
0.2639160739199724
0.957369739193382
0.31756649146336713
0.2920615533766977
0.17442104701331118
0.5888192065685871
0.1441332061876892
87.22066275370162
0.3703821715535014
1.0009117990193772
4.471373301315907
1.1613668134268664
0.046410634229687275
1.1088975943312107
5.462730236846255
3.8489486819780723
0.5065331809964846
21.612991294055973
0.7333548068745586
6.353592843388469
13.990650429928792
4.6728847402046085
1.350137878998794
14.013755802170635
0.07957679888932034
0.2077967563564016
3.587742884596082
5.300233218498761
0.752397755801212
0.1531085706265003
15.304200179991312
1.133808758968371
0.3257424157818605
7.833655391812499
0.16184891030206927
0.41699308277020464
0.2751827548709116
0.022093752970249625
1.2196751638657588
0.06569174219112028
0.49255740924127167
3.8045499620020564
156.44962537318133
123.60495081311456
0.1713838498944824
0.7965572088796762
3.6892641670710873
0.445128833202034
0.4231749871869397
0.437332737223187
0.606441353676928
13.80449097028395
5.470947015564889
0.3662959004759614
0.12053810213546967
41.41204190116696
9.737212386633473
1.2617054364563955
0.10153757396255969
0.06262296551358304
0.32417492487002164
0.4664154825513833
9.386133528176288
0.4684982614053297
12.263196601557866
0.05336754146992462
12.016031212144298
1.078421089448966
23.850282457537105
10.639344834842632
3.0465006098856975
3.079553755800589
3.3066206244257046
0.174150029237353
972.6356798411762
0.26948393218481215
5.153910548000567
0.35271442910743644
0.2451323703644448
27.780371616488992
2.8611397135646257
57.097242085241305
0.4224778554853401
0.42190527881029993
6.121872085546784
62.72287917873473
0.22220335524980328
0.24347963073887513
2.7671155389834894
0.2484202252671821
1.3737816356806434
0.03146971285241307
0.2709234481662861
0.4411307093796495
1.8525144284867565
0.24040562677691923
12.598655388883344
0.26626844110069214
1.8147173326506163
4.672266978843254
0.2981761750015721
0.8705994485280826
1.491898532043706
26.16955157686607
15.173717454832513
5.505216756075242
0.148965018477611
0.4246823751273041
1.1491504790647014
3.6567615914027556
0.32350313740971615
453.4103889483267
0.5677940125460736
135.41654365392242
2.626517993718153
0.04263870087743271
0.07205778389106854
0.14761696131972712
1.832074676098273
28.767871776712127
0.018902236137364525
0.5161720092000905
0.3301562877895776
2.5778740770074364
0.2502688068525458
0.16475156085652998
0.11097275674183038
0.1461091268065502
1.659202299764729
0.8350115082612319
0.03691326338594081
14.079345302874572
0.506474306464952
2.3728246704231424
0.22294896871972014
0.0016429034294560552
2.578987643501023
0.15650232072584913
2.277174267135706
0.8469270788446011
3.422463812832575
15.723045859784179
98.49350210847842
6.592999961263558
71.89378548066088
0.3089108458480041
22.710139828886895
0.4405561987514375
1.6646057875987026
78.71964110654153
4.210751383736351
0.9819057455570146
0.7042467768005736
0.5515898752237263
9.872920613612223
0.416676506290969
0.608483208630787
17.683713766880828
0.37490015177900204
0.13676973393012304
0.22743077398627065
0.39151518921062234
0.08730616633692989
0.20023153007787187
0.16374528066444327
28.04126856241055
0.5490865663341538
80.81950097512163
1.7497028995967412
0.24816095366259106
0.07031810081389267
7.856143382254231
5.328143409995391
0.7439722878407338
0.2409170356550021
0.2011171411140822
0.07663699299155269
0.10349903246606118
0.5906582447969413
0.6449628597802075
1.80963103043905
12.794428951005102
0.07294108709902503
4.824255650459236
15.529437756220432
21.63034864699148
11.811023470530927
4.922909803346556
0.340916427787306
0.8494534699930227
168.27629620470907
29.34813097433289
0.6656201800506096
13.736987190590298
0.12375515921667102
82.53799663803147
2.4952313674002653
0.6131140466313809
5.487107586224738
10.216337612495408
9.239093834396044
0.5481683897342009
2.613707561609772
10.180486148132331
1.9011283510335488
8.40054459208477
1.9935855702315166
0.3920344567086431
1.1652434601382993
11.535465999902954
1.2771624969973345
0.2797796882878174
2.6420393491498544
1.2946080773035646
6.5515682707118685
43.845535017688235
15.637809549065423
0.5556929822450911
183.8097195196351
14.550156535628048
0.32824355053526233
0.3985616355348611
0.5270811155241972
0.5478558980175876
0.5441225090289663
4.657268591668981
0.4508585191251768
8.007200377578556
251.1138768537894
0.6900328541669296
0.5795988593854418
22.43898989889567
0.3180238668282982
0.24404756596049992
5.231823815451207
0.443613117098721
0.18615800453335396
0.49405929884233046
1.2865338652882201
11.317076375577017
0.7267688371248369
1.4240532874646306
17.22314870984701
1.101486217303318
63.78514777083183
16.87484254962692
0.20949469082188443
0.0558471114236454
26.64953869250894
2.80237730976296
0.39136888653592905
0.1995906081283465
0.22812316168710822
4.42185295332456
0.7971959517344658
1.2167986524909793
0.3505883185825951
10.956005854990508
0.2538638589394395
40.82891030881001
0.4748935727548087
1.0556401405447104
4.595555325326131
0.10017008457725751
0.10548741990714916
1.9264898829896993
0.4231487879733322
0.6095717704629351
1.0747973953511973
0.7542892501187453
0.7284366337880783
2.29404442975283
29.08116651635646
0.9271936402619758
8.427058602817851
0.24264355004561367
0.8120830826010206
0.15080338024927187
0.286518198736303
0.6206357386363379
1.0515052834962262
7.799669613137667
0.27267194545129314
4.309083429372549
159.0093439598204
4.80130014448514
2.2248015684235725
1.509633133522584
2.763513450809114
1.6534979830867087
71.23977375540562
0.25132885140919825
0.5201945784538111
0.3904713960146182
93.43311754862589
3.2132204550543975
4.423190433935815
316.441400816464
37.221098776750296
0.2955198135532555
2.767266567923798
1.5418708741490263
0.2027651132812025
3.322153466880991
0.18479907327491674
12.222483917830687
0.10130105979624204
1.4357535705494229
0.640680062591855
0.17156225984581397
24.687059728166787
9.18651624021004
2.29400275450098
1.7044996367731073
0.1693518015090376
0.14901304777595215
0.11677710818912601
77.27613378981914
0.1896036440084572
45.11842997270287
0.8239569914767344
1.718207583486219
7.191199157754454
2.9805897835540236
0.44572500975846197
114.35069755864606
0.5085257459395507
3.1661330659007945
0.009804037857975345
0.7340461970961769
0.5283898405687069
0.1789156199192803
0.5350538530365156
21.56656755311633
10.404326756186492
0.3206220479987678
81.00633900105458
32.019443618366495
1.485913031232485
16.570031255367212
0.33607291568478104
12.970507520865795
7.852902518312476
0.0001196255070681218
0.22569894632033538
0.291104308780632
0.1679191493531107
0.2663963077502558
1.8248439828566916
9.006609533626033
0.09222800156567246
1.1904212903282314
0.12542535069587757
6.845312168668897
3.9197154970861448
0.36716920149774523
8.410314054970513
0.4926906755863456
17.16286514449166
0.27823103278205963
1.0281435434189916
3.5272021014134225
136.96149514011995
53.412141000499105
6.001463969714678
0.30108749054852524
0.16400955047356547
0.2955573812723742
1.317381467182713
72.19780022859413
89.66167213787048
0.6973530373252288
0.0794940755731659
31.493328960146755
0.44067393422301393
1.0512340381792455
0.001805190808227053
3.941728936457366
44.44676657703894
1.2662786251603393
0.10368895682768198
20.321955526560487
2.6491955302117276
0.07901965318524162
0.07062254472475615
149.31389537513314
2.66616465111656
50.1334580246039
0.7110644681415579
1.0650084609442274
0.3216731886823254
0.27430543797891005
0.839707688344788
1.9886923030026082
1.608413148100226
7.368789461750566
0.19809536207321798
1.2593921530606167
0.5782069040687929
33.753764352950384
107.22796906364238
5.56908224838844
110.03106350814778
0.06918537532328628
7.1099589345176355
1.6854158001115138
8.199543216076563
0.07879025896181702
0.06351111552066868
0.4107950873403752
0.42090549131535226
0.4578326559603738
2.7857112002311624
0.20828264623196446
0.17735758475464536
14.91498605281231
4.213677261002886
0.26517580513245775
11.273783214317518
1.1129096782606211
5.361811193070025
7.060144207680423
0.31038994267510134
2.667743351430545
0.3715007802893524
78.88168032479734
34.64476064748669
14.020186460871628
1.1321899467002368
0.39380853050533915
214.48897801180283
0.15616038291045697
0.9976077588471526
5.13965448367162
14.32786758680595
1.730199412730144
3.140815891641978
12.454046915423532
0.05738611080596456
0.9041277404940047
0.12488972531355103
1.812437245996989
7.039283858724957
1.0099111557974538
0.37044675971992547
0.3401343878431362
128.58724236787748
0.4908527025290823
0.588555865771923
0.26198259590091766
27.735212950479763
0.4159204625284474
7.630331878768629
0.3020101589245314
439.9238477603758
0.29124863673496293
2.24335450543731
0.0993468625965761
0.5004938012752973
4.860478193881136
1.2580211122512992
3.7930601340776775
1.9375579076258873
5.483174337670789
1.8509561308528646
820.6433130891091
2.3249791060952703
1.4310159016677062
16.727038366530905
20.646320150412066
0.030599333567806752
0.21127598776001832
0.011131671253679087
0.005360934890632052
2.5487647826266766
0.6238024613594462
73.66487594376667
0.27222402063853224
1.0892429348205042
0.02607817808893742
0.21382060209361953
25.18226901574235
0.6040860788052669
0.1334596997439803
4.270305326583184
0.24329416285763728
0.2730210741792689
0.03525653775795945
0.2789923336240463
3.1819524611346424
0.11373856501813862
0.4176781772293907
87.03176476720546
17.03741881938913
7.190573285657592
0.5215834288137557
163.24079524924673
0.06387709151022136
3.494122619009431
1.4830512302833085
0.21562373560664128
25.66835039374564
57.16517187161298
0.45839025142777245
1.310881210883963
7.392174320855702
1.7212360871380952
36.61953420489226
16.131390485108568
13.679251529720204
41.7570257261541
23.510965139386826
1.3814492678175156
78.44263436934125
0.637566127388709
1.5718023452500347
1.143200923805125
7.6630003806058085
0.9722249130536511
0.11855282082615304
0.4455272290033463
0.8199132846311841
0.4482898987844237
0.6734943225455936
1.817630640889547
0.7506526727120217
62.808995708553994
8.184109073456057
0.17299935943447053
0.19088276759794098
4.050083651662135
0.8570361937927373
3.5951311337739753
0.2269869604278938
0.6863795233439305
203.48365702829688
0.33137592166895047
2.7039764712280885
0.6259884775863611
0.36903230093594175
8.752159139508876
8.033279121500527
1.153365781163302
4.003463267628831
11.738219508006296
8.138744789554039
212.42079521293272
0.7653838947844633
1.8090258562515373
0.3875709510539309
76.47827583288017
0.8122879342990927
0.1044447484491684
0.6017911875242135
30.567820958953234
13.586203815124463
30.99000673210321
1.197182035582955
4.869431017959869
0.06350717609166168
0.0011388439634174574
0.04149891851193388
0.17738382840252598
0.051470508635247825
0.1772838826291263
0.6386119552007585
0.37478148389345733
2.3243295524334826
0.3626712565419439
0.004914383804134559
0.5890923540464428
2.834639226759464
0.026814646764250938
0.3996908291737782
16.119246170143015
0.45448779513753834
0.17636094749468612
22.997729224509385
0.06940888576718862
23.516218961940467
196.94486519749626
70.29265905582724
1.7768551258013758
0.15871084881291608
0.13318619982965174
0.25182825316733215
0.2891438517763163
0.3373636979922594
0.9309085160020913
0.1497733187607082
0.2869572649215115
77.05615758812564
10.717124611019244
7.045731973688817
0.0593401619407814
2.8948316588575835
0.032776567324617645
39.86495485226624
93.15818858464627
0.7996192726350273
2.4059000915003708
80.43141719678533
62.852632431568054
1.3053759467584314
0.06561922848777613
22.445824449267093
68.25405356177725
0.24460917307442287
0.004961365564668085
0.07890633881106623
0.006319195195828797
3.1530174409635947
2.5111995901133923
0.6271547202559304
0.03111121617621393
0.3043986677475914
124.36677048737693
0.09955301568334107
0.23579832448012894
5.708350093449553
0.0881865790579468
5.674061172965594
2.7785343326831935
8.953124670726538
0.5767926649568835
286.4578197306
3.1932380589132663
0.23288913176656934
0.27373056126452866
2.1618557816254906
12.891722417032724
0.028822885105910245
0.15175250546599273
0.04949852550998912
51.773855922692746
9.63066234946018
0.19281116655474762
2.8696654645027593
1.9856894968579581
0.9200567652951577
0.2184793597771204
47.98439965096986
5.231821173892968
13.379051760854054
0.30305682167818304
0.4484196818229975
2.751543228769151
0.7523210797153297
0.9008931194803154
0.2843886809023388
0.5884338035139081
205.66174042960483
8.78610832243794
22.545586425927468
7.969042387172522
410.93840393663777
7.91988371872867
1.3964827034178597
0.16460498003652901
0.2220592863195634
6.337091324283392
12.733636890796333
0.22582294667518
0.02922362438039272
1.0941495298866357
0.19576614815741777
0.07531144958193181
21.241511412590626
0.03450090637852554
0.10620227731124032
0.062142913942807354
5.998333935280243
1.9601964885405323
1.0337294492092042
0.04202651400555624
19.136370958218322
0.2801162803043553
2.3108811498896102
1.252022224751272
2.1530398321956454
0.47061271381608094
0.279325324587262
0.14422710390863358
0.6624562614124443
0.7357030681159813
0.04969544535924797
0.3227490331992158
0.12705122503757593
0.3764568767401215
0.0062325529142981395
2.115164538798126
0.5142123035911936
10.087514111110067
0.06338785648404155
0.5985207551129861
0.3716142601915635
0.008096121655398747
2.178258868298144
194.15134447289165
7.529781466404529
0.083861836399592
2.900368587801495
0.5448155308331479
1.1880272738417261
1.4973445133364294
0.02194113847508561
2.6787727742666902
0.38207184331986355
0.3839064669846266
1.1572242566362547
64.2444472323914
2.884401319330209
2.3507832839713956
0.6696163851629535
25.750107749136077
0.0018397489548078738
1.7297159808003926
0.1796999465295812
0.948063006871962
26.968403221457265
0.3282150630293472
23.678466776811547
48.173311744325474
21.629710129622254
31.35290801717565
0.7326030460899347
6.5872461043873045
1.139944661037589
3.3841620365528797
0.47282855930461665
99.54062120880917
0.1323572401452111
3.050331814738456
8.593135346134659
0.377491096551239
0.3444885347307718
0.5133582318121626
0.1606734858796699
0.44174918919452466
0.32501020992640406
6.098087870192103
0.521300253480149
3.6649601122480817
1.363550221805781
3.1959407090798777
10.180835862316599
1.1939746251664474
0.3884743065209477
0.6254207543352095
12.921768186206464
23.177107535619143
2.5543423435774457
8.093015524143993
1.7569990446754673
0.03347089630187838
3.6955849325204326
0.19639714567165356
4.936611338267539
0.4806376797823759
0.6626931429782417
0.11311083431428415
0.32323176649879315
3.108621348386805
0.8088451005460229
1.7182688375978614
0.7204871277644997
1.3693540254862455
7.499629356116202
0.5503661566035589
83.18876257364536
0.7960159626454697
5.389944321079383
0.7618784398946445
3.1768122762259736
1.52235052461765
28.280737395201868
0.2385553950443864
1.3849731040791085
62.11609245128784
0.8155543198954547
12.986885245780286
151.14424538713502
6.88345090324583
47.408190882189956
0.5611103507253574
326.9737187469218
1.5517055602904293
0.8865607882107724
12.595185570477042
0.11356572229487938
14.229347013319057
260.8336229742963
1.1304940769878158
0.6444483069062699
0.31990256586504984
3.611252421844256
0.47262441380735254
0.15172195830746205
1.1795696519766352
10.231119796619168
127.64540033394223
0.5975195071696362
1.4544456711992098
2.8508196941656934
0.08415143060483388
0.04028438410387025
0.5907932155059825
1.011334371560224
1.173874226566113
0.03324183746735798
8.157983805751428
0.8872211619891459
1.388096445316478
59.72525418190344
0.6405565480781661
0.002507211705960799
220.60768898254173
1.6919620027183555
0.11433121667869273
0.39432284568829346
35.410315632052516
0.05579433916864218
0.04523606360453414
0.557120435849356
2.7718310175841907
1.6683461441643885
5.973244259115745
0.15245813318688306
25.16297599475729
0.6206034815731982
0.3217355123379093
5.554401338344178
0.027540465587662766
4.470283330996608
19.06688169044355
0.2320624600215524
303.6883184751896
0.06546957500177086
2.1832031545054633
0.4523000732915534
0.09084977243401227
0.4882862941121857
9.213635304102354
0.2085021323073306
9.558276514882891
111.11061902009533
0.6328581425113953
4.585009596696182
0.8957000542650349
0.058095899443287635
27.46155784862276
4.488330697236961
49.176628428791446
46.83272676438719
127.22244773785496
0.7939265783061273
0.19240648702179897
0.4451962955899944
0.29740650984604144
2.488279437780875
0.171463716586004
0.651442614132975
7.436327681727562
16.819100280590646
0.24502155984009732
179.68873425641505
51.1862795744928
0.07259780220556422
14.234202215939149
0.7910267162660602
0.4639960037275159
0.2559196149086347
5.006721955593093
1.543820027000038
0.34434765067635453
0.03993321727102739
0.12992285172003903
21.951316926155414
24.80949752016022
21.644846717314067
8.895849084106885
22.871814394329704
16.353733369080146
0.2693502516449371
5.612312653789559
6.715342649680679
0.9186585837924213
0.2804646331969707
53.45472718701785
1.1247110761250951
0.05737956186567317
3.3629588293515553
0.26234121988454717
0.3723137665692775
1.4532426660989586
1.407978154704324
0.12279844982549548
0.005587509298493387
0.5424958069415879
2.106118444193271
0.5857859721763816
0.631317193085124
1.0095831417529553
17.339278762898175
0.5798094415658852
22.718995711173193
0.9455492389934079
0.5375490678707138
22.607847604278504
0.031189914367132587
0.1540501909366867
39.5271707975553
106.78937498400046
0.7289378525783832
1.4355507036161725
19.77147880321354
0.5166151053635986
1.4066254183962883
0.19213529355329229
0.1835007650188345
0.35965154467339744
117.91278155044711
5.908034599811799
2.100384351626417
15.455897326588456
17.33886209449338
0.746330036137806
45.887770656951034
13.673243400466163
0.23553732904838398
0.7987879300235363
0.2201263333990937
2.2412507340850425
0.7554952000027697
1.487227940633602
0.7609606436053582
0.3287139796666452
0.15902056045888457
6.215624597767601
0.3546777589181147
1.5881707937151077
0.03994036866424722
0.11013995247049024
0.2402594683044299
0.5066622159392864
1.3405048240892938
3.9410550864922698
0.18934774511581054
91.555962818642
2.3220606365284766
0.7583432569772413
1.94741353428617
44.337548355411855
3.8175453314033803
1.597165256356675
12.196297863982181
1.2149554249335779
0.003229177676985273
5.732811057874642
0.01579877398762619
1.244587105797109
0.343308140993031
0.7329798168466368
0.03132669187471038
0.29338497878052294
16.179874469395145
0.942842553689843
13.077599142299732
0.4803680089098634
0.8291562294471078
2.325500748840568
2.256226238787349
0.0824723666155478
0.5679288742467179
141.68661557491941
23.584603310260718
20.981380333771085
12.853974795241811
0.01164841953504947
1.5531169337627944
1.7386214979705983
0.5402886462215974
6.4710194883009535
0.698055364049651
2.7853400375825004
0.720438636290055
0.4044563500538061
0.8377816535285092
0.46459751857764786
0.5758707624481758
3.9006820611793955
2.4279357759696722
0.18166952127285185
5.861729677500989
68.11038896734317
2.129886451009952
0.05238782977176015
0.6522627760568867
0.33098352927845553
1.638707181038626
1.4104128605904407
2.1237753288769454
19.5051450276369
0.7520290224638302
16.025179537406075
0.18541587370782509
43.38789306976105
0.28569396929378854
0.2617862770384818
0.02518143187626265
35.17195838725456
5.044600039796933
0.3282206772491918
0.20571595552246436
0.2292289063516364
19.95285616615365
0.21628417715328396
107.58457554753113
0.19666499110098812
0.4790372481875238
1.4550982812688744
0.3927189223541063
7.856529820492142
42.08472385175992
0.3722165554136154
1.669914185495145
0.21908548073770362
2.923293873496732
0.12349511346474173
1.9523013470316073
3.331427092442027
15.428363834187621
6.178965052982676
0.8213989498945011
27.160740962728596
0.11087385105565772
5.783067624128307
18.641317291658197
15.048902414666372
0.7768381150490313
0.5490907780585985
0.2693293378179078
2.3535331000712176
1.7220644244480354
13.104865080746094
4.789325986177573
6.4110068919399055
1.3259755756553204
66.69739188609674
31.003506301465677
86.9111518053578
0.3499333015824959
1.4220735910676012
0.04255986716452753
0.08761520627740538
0.1383294473598653
3.024757532068179
4.868226373731886
0.0029972610500408337
13.865381429790432
30.8106782483228
0.17594324735182454
0.25402211944310693
3.475720506394282
27.759167355226964
1.5362242501651053
0.40479215721643413
1.048930423326965
0.31290912305848906
8.800974951682292
0.035184189189749304
0.7137420335384377
37.88810920796823
0.06271514343461604
0.30179597083406406
0.4079225354580558
0.05397610502768657
0.04750517501452123
0.05329610210901592
0.10457871390099172
12.23277445342319
1.5521521287737414
166.34460430336185
1.524692903723917
59.05577391539191
25.992752334284887
0.0210587013825716
0.8381009069780703
22.125461450319563
0.08619753317543655
0.5175680479296716
19.011454771094577
16.174357102787326
15.55297741740651
2.0106994902307633
0.8076173846711754
30.365755285009072
0.6684726446765126
0.3336176609627728
18.436279709185328
0.0626477108344261
17.222283786326443
0.14335622021826566
18.166037044393306
0.13289609818093595
0.06303537723943009
1.1373484620344243
0.5005096415225125
0.6336081728441059
1.2755193263437832
0.7003087912307819
3.846113206283917
0.34536269407180953
26.71850193759019
25.176932589874923
0.12183044009361765
16.11919888806733
0.07847636831138516
1.0402651018157485
0.4854315179545665
0.15147348070240696
20.900636380909418
0.6310311101769912
0.1481884482782334
3.7147791634852183
0.3695946744956018
1.2212702831748175
0.2922711434948724
4.911629686419474
12.988355755842349
0.5326598612409725
9.713622184692213
7.931092097747751
0.14055221637318027
3.2974933216828504
0.1097629229661834
3.041439210792305
1.702215568817337
77.73988218220984
4.324949895730242
1.3669696832112095
1.8857784719293704
0.5440507005878317
0.4275307197785878
11.454220079103834
1.702531863033073
2.0472069952047605
1.1802715171506861
6.198622384585178
83.7385717762736
0.4074127070562099
3.1595090833798167
0.35408329549682094
744.082434977383
1.3467615257359284
6.160034303495195
0.8764715539291501
1.0458697817230131
0.26156477545009693
2.326633203174424
0.10266137982398504
3.1993510961729044
0.686390995313559
0.44683480386811425
1.2706758794338384
0.33037146212518564
0.094080682942149
0.3755939375478192
1.3459918970147555
0.7530510171600326
0.5053923242376186
0.20385851465835003
4.6982172761127
5.535636132713989
0.09400785839898163
13.200989704153471
0.36810801221145084
0.7542575951338222
1.154185010043875
2.2519109725653834
0.03696731943273335
4.089216272339399
12.358248308926704
16.704206678645278
0.92076476330476
2.730450751434546
14.818266896843852
27.640129061335756
1.4163135377457365
11.455786156075192
0.5400295175531937
0.6876470256720495
131.57068372949288
13.17791340245094
64.33205289153557
1.4300633009770536
3.0134926598184393
15.219853876431443
68.14858632189134
0.7443710085026396
1.322031832736684
0.04831259673665045
0.6436277410793991
6.216221003858664
37.63217529549365
1.0795184242742835
78.55642556258681
0.6110772659667418
0.5438037272615475
36.391920682712225
0.08106425521691563
2.5643559908603493
0.6695399083109805
0.12445650618610671
27.429646107797453
0.9108972743706545
0.29159677698407904
0.6913354234166036
45.04979536478277
3.7267377096613927
265.6716450070526
0.3061483124511142
7.948374515264732
0.05091804865151062
25.044593074075237
255.35563166139764
1.6379090915288543
0.09167981813880033
1.7058136607556662
0.5963009303741273
0.5844368195139396
18.340829755845334
0.2846355592373584
3.383347729126399
0.834822695258481
68.84242518729661
0.08700355257315096
0.3616702928520681
5.68651219621097
4.074457107213675
20.156436078767
0.02586041990070953
0.6920936923306726
5.072407668620144
0.2484525092295371
1.4475198817781347
4.1948696651888895
6.386483215050248
1.5655907570326235
299.4392588167648
901.8525128419024
0.6866988910696818
5.324281763863837
185.3738917994924
4.219888835345046
0.3248781463589694
0.09093948350346182
0.07238953782871249
0.23639841236945358
131.30364390758405
0.8912451491705724
24.542838400404435
1.2054255731891317
1.5900712792754348
0.6627625318178616
0.6471233104712155
9.720924270324758
2.856723362845514
1.6135127059860679
19.52421290069833
7.615560631442349
1.6763786703086225
0.12546238236609497
3.1381738637974195
0.11826773015491199
0.022533764171384973
0.8299795126149547
0.454254954445787
3.3275636046746513
19.478971149688732
1.23687737549335
2.3237753966022865
100.80542086112837
0.19940926620620303
0.30784806565498
0.8588867460748588
1.1320310968949343
58.73158372157559
17.948417911571596
0.21167369497561594
0.8138288712652866
2.7941170555059216
7.1691445182332245
248.9434959296741
0.37363774320692755
19.457987790385232
2.239478281546326
0.0484858529525809
0.3085252252531063
2.1457923026027856
0.3454979752532381
1.21509581825012
1.4716369936722913
0.2034611053932167
30.311877292337158
0.08437879567645723
3.6809376233359217
0.0336210478162684
4.4335229198186425
1.3761027230539185
0.08225205111739342
0.18926855510289897
6.902280469726975
0.1285687133349711
14.141615268061287
3.052403725851036
3.601082003686315
17.98928895998324
0.6112891681186738
0.7612867021889542
133.7833034391515
4.961262520340824
0.17139479226534604
65.34796901349182
0.6912868935869483
360.4870642232636
0.1673374513084127
0.16770360893497127
9.540287506661116
34.02127516687324
9.980291597290488
1.9292717210992123
11.576360296716302
13.66006489301435
1.529187151518272
0.7835296041048423
1.2530099744690233
0.018132963090465637
0.026175386145041557
0.9128561482575606
0.6857852006760368
0.5102816539620108
78.29267780063674
26.14363232168398
0.22850014505456784
0.23259716562461108
0.11450941822840832
1.8155243003966461
0.8882041580873192
1.9311680507271376
0.028571833507157862
0.24276023265701951
0.16342795070522698
3.8099080064312147
10.224547335626994
10.510772282908874
0.7158454045420513
4.086696450005547
93.46049267836861
49.98923212986119
1.8100119495065883
20.04968740660115
0.33528767238385626
0.391212696020375
0.07308337361246231
0.9289028806451824
26.915828411572875
4.395615541063307
35.3468634031924
0.17178207052347716
22.987537089727994
1.1041321082084323
0.3063627767987782
0.32924071606976213
0.055251396966923494
3.4855929061559436
1.8733650793583365
65.68603996675301
23.29180224974334
0.07782195859908825
0.430368132852891
0.2327128528522735
0.4851495440925646
4.7675288443679165
0.6411171231447952
1.3768309431907255
0.3628810325099039
18.13533951646241
1.8011983966862317
0.21101837846799754
2.603645945462631
2.6964574353623902
6.560452172849182
1.9581617392068438
7.133913949597627
0.1412077637251059
0.21204315494469483
3.097862643899134
0.7913052557669289
0.007348657763941446
0.9129627668226021
0.5561644059016544
9.685020793207514
2.3098720370071533
9.90549044256477
0.602704364227975
24.755178478982998
0.08150338015184388
1.7517912323783094
0.6581659338371537
6.158781664966227
4.029807664450345
0.02948568073043134
0.019683624388562748
37.544785724669055
123.94509629057939
6.7708981301148015
0.800964966747415
0.31403505780690466
404.071427961615
0.6157047059605247
0.3561057220067596
2.197957383628818
0.28822398923148285
0.22774959767775727
13.735794909192919
5.121647614367248
0.015828335908736335
1.6279491424866137
8.995842936074041
7.423895331481617
8.456097110658447
10.646650005572155
9.283140464078315
21.155553162509023
1.5129369908536319
8.430807165859733
0.9885874063838855
0.011419626705901464
30.7227522311332
0.7190919818531256
0.8787860270604142
9.236205657700339
8.824901730302372
0.4446306829340756
0.27447149915315094
0.13113965056254528
2.1471260472681024
51.01737680895167
0.15338107841671444
0.04084176388641936
0.1084175631403923
0.29768554788824986
0.4265235160164593
0.5113325272795919
4.528260642317036
0.06126306538862991
6.7573643869873194
2.668199940562772
1.1510942600107228
1.2478850364204845
0.5148047428992868
1.6780877039709594
1.0682354022574145
9.489203556986467
0.08722985854183207
110.5478027371646
15.813273742027377
0.3311504365556175
0.12099728482280625
1.7949645046574005
27.655443340965576
12.392402999543265
1.037783609208418
2.334807578023174
13.584011041410122
0.9425981883177883
1.2994188941993343
3.64020875870483
1.8169703638377541
9.22463115608116
0.25809575095627224
0.3297281248596846
1.0630368264719436
2.3091170062289166
0.8567496483192372
2.5301533298370487
4.155527220424119
1.2477981699812517
0.23039210568458657
0.13675312881969148
0.886109613096778
236.7301404156242
70.37982439192638
5.794278394085268
0.005848828262969619
204.58644295598424
8.652046206127125
1.8208799660642399
0.6112370798000484
14.977082946646988
24.791795517721766
6.337719555453077
0.549690605232172
0.129691284353612
0.5337296926409181
0.18090035292698303
1.3471715698724438
15.155822573095065
48.5420365927057
0.7661619432910811
62.52312396979687
20.795519256611442
18.805606160429306
17.695714319746912
0.49553637858116417
1.546543201089662
0.29184150096261874
0.5400122323007963
2.3238546986394795
1.6197052808165608
0.25554745166300563
13.852940516837407
0.14562053382906015
3.9936463378035114
1.6712894139127457
4.403007237808197
0.3160245473482064
0.5931007665094512
14.925673203608312
0.7944253546884283
5.032876661749469
0.2038418327065301
0.45074626415225794
0.25354137788599473
2.440529826501006
24.58073322164637
0.24129843362607062
46.25797267071175
0.04733101060628542
9.672839663537161
0.5511665214908135
123.82653341802506
3.465510957630613
1.4846759908505192
0.006452755958889611
2.0375561267646844
1.0117027688283997
24.738656874596927
17.51536600514737
0.20532551418000367
0.25324816298962105
2.72359506131761
0.0016720345956855454
90.50912637951478
0.28667975710050086
3.449515189287922
49.942812202538335
6.638131715852069
188.0223883638464
2.1740627565995965
1.5081456741536385
42.2055554104154
2.6953699160039832
0.20282151164065
0.33183209327035
1.9902729191489925
6.510959426072077
0.02849997345765587
0.0015241299188346602
67.32344769615884
217.9720634304649
1.8382568947308755
6.8482460300547245
0.5568865010136506
0.2174744067924621
0.22104021195991663
0.5085914567389409
24.396503203726752
1.9958401701915136
0.5230403665191261
32.06004329177449
1.1256164121405163
0.2518740769046417
27.903155754214822
1.3152999282465316
0.9204212384320272
47.678961538036674
0.665804773056152
2.2505664492200594
2.2017770272650523
5.038391513691749
5.135038020904176
1.5056501052931708
68.46700160842374
2.917026153732877
407.89180892389777
4.812669506001839
46.1239737814758
10.525696931548737
3.062725105879508
0.13715104700895608
0.19661344179257867
13.011268812326307
1.70315302900417
0.8639031641614565
0.5849446566026018
8.007834540923795
2.6101181429767166
6.011354135949659
4.855462212544808
0.04574917100399034
176.96102816415805
46.687070499971014
0.48117033118614927
2.3822434278445144
24.79864957182508
0.43982713747391244
0.39448303573954036
0.51970509612147
0.052253362417104654
3.2229923197519383
0.3250788986515545
0.6884577499913576
1.902396228739235
0.29096345447032945
519.4682284082701
3.5579040947632166
0.2475472982514475
3.871817888735677
0.031053240338223986
0.3240521171937871
1.2453591934827273
4.6105187094981375
0.10174699878552929
0.4736498134661815
0.08577418447384844
0.41390250864060363
0.5933315464644693
0.2465376647087396
24.316503155270766
2.6483752569220087
0.5072251210003742
72.5032362656093
14.483132689241756
53.91142583117107
4.149954858956335
0.13951297759194858
1.6104966644306842
0.35424708613936673
1.0987632704054704
1.6763309624002432
50.945672647245374
142.0679409328368
6.686634716799745
0.44310431164194597
2.26776483908543
0.9927031500883459
0.25985943480191054
1.0447768456106132
1.550002462205157
1.8774638212125865
13.662825492028787
0.25673086632741615
3.6100366572536586
34.31591868749456
1.0333933875735966
0.15528112524043536
166.76032089508954
0.03818354785107658
65.52154143786902
0.15570365721578128
1.4623164892254863
79.22616658511106
0.209856876059348
0.5904632787714945
26.25398006492469
1.3679002114731702
0.20993609777724487
0.003189652070432203
5.170770696193358
2.0768258592433995
72.64312372893983
4.475094493813231
57.37159966674517
1.7780213984442526
1.4623348569839436
0.1925011925122817
2.1759220945532434
0.4110511875915108
3.2047390052248375
2.11180993909511
65.63183288571963
1.463662461417698
0.11002910901879659
1.6991096903620928
1.6857576536094712
0.634789190677111
0.3729507080570329
0.1208298995734367
0.7078036557140877
9.580238706606906
59.581203221725445
64.9063716921919
13.559325867801817
0.06067967659328133
0.19551992772176163
1.8628741689499293
0.10905913993701688
0.021260311725200154
0.04986602647477412
0.7064246133195411
14.390368465792562
0.6401723087692517
66.79187266791268
1.355894156567956
0.2545412857143674
0.025689491794764763
15.123755671778781
3.2406430448245374
0.25115574885785463
10.701767315826146
2.3066128185455455
0.1828412690483674
1.830692578208982
0.7675239529380633
0.5007199847605079
0.9772679181296553
14.20003188276678
0.0919541533512529
2.255963638144749
1.9799000786333636
0.9019090164983936
131.22126194553857
63.596769473289896
4.612490647159575
13.134080949421332
0.3689202332861896
17.214170550218114
2.549172596518474
5.0570120544944075
2.2420942336466396
0.048218546784482896
1.3106410315158428
60.98730181825886
0.08701721790930605
0.18160969954624306
10.944913174163958
15.778565074862854
25.48248702938872
1.2455355731617601
3.3736670665639394
0.055118180251156446
0.11539012027424178
5.51883852591709
13.21700704815521
1.065217208069953
8.416553353727068
7.676426057230856
0.048609715475322446
0.25729308390509686
0.1497410745396337
0.6256427958687709
0.9440355370097677
35.51540480971016
0.6995412239921279
0.26642531227480504
0.32225107914200635
0.007668201684282394
1.250200509224669
5.031696035304776
4.165274892271555
346.3980879714436
1.200852476311411
41.61291755577622
3.4879198290182103
0.6470463669429591
62.58747425389447
50.7850482323156
0.0553458829781448
1.0861436359627987
0.11147875520327943
1.5849170465335192
102.04246783724011
0.84100325523832
0.6508015530926059
1.2979460801834648
0.0055105729297793005
0.13860420458149747
1.57794007323173
39.05083288259266
15.595947085159423
3.789649165570154
0.033003617772919824
0.3531587092038535
144.56255083797805
1.0768501861020923
0.0709110489624436
7.767080395704397
0.2582856299522973
4.810814726581157
34.559511459443456
0.2665183048884501
30.04535290470085
1.8268854092966649
212.79856866141927
1.7107904988406517
80.99959782628866
0.4210682937009551
66.90215264680228
0.34823398392109084
0.459840176437865
0.9769021620340936
10.509878129592835
3.882955884131661
0.04904657955194125
53.70033209479516
0.09223272123927018
11.138086012262647
4.825114764149475
4.2943495550025546
1.1956455113686388
295.1274312054702
9.362996366053267
1.0200919691742456
1.3117109423437796
20.919355099704262
3.2482216064381646
0.21849915386701468
0.49555929784764885
2.012177538315882
2.6376874433371995
5.695265766149532
0.05165763666809653
5.928051798149681
131.02429418633255
0.32860740647811326
0.14365199748499435
30.628474569246464
3.5431690962250286
0.28485412735972204
1.9975308532048075
0.39317091554403305
5.7176905916203395
0.24065151012837305
0.1650697945333377
0.1307161694567185
210.54094892418289
39.38132086654514
233.1144264768991
1.8842600711832347
0.2964664490391442
4.296713570962311
1.0790723456884734
197.27402951825934
0.5353989067261864
37.2703535132423
6.21549222284375
9.27738126632903
6.3500456342044345
36.04414748463387
0.08074226997996448
454.72516878684473
0.20659103343859897
0.12162532472939347
0.1322675309420447
0.3330625555245206
0.4235830669495044
0.8542362709595182
18.154752306068985
9.154864750486013
2.276034711372631
159.1306814353702
0.16984545673403773
6.107924874202581
0.7352713828477135
0.1702464602640248
16.613088856753166
38.86133377766964
0.20016898629182833
0.060835433840111364
112.49766493390416
1.2996359267417574
1.7549913777220354
1.502503706193238
97.30140980413489
1.7071522181722685
4.4464157485053875
0.1404022235328739
0.3944957733692718
0.29759230643321644
0.46939132537227124
0.8694118372441153
8.954858534238156
0.6617634767317213
2.537430413005495
0.6464581295003882
7.055934364707355
1.9764013749918377
1.1225409926664724
10.637099921768822
1.6312484313857567
0.0801228472191724
0.32020482726875343
0.8123254270176403
0.2669738820695784
0.28452043934885296
1.3227920943609206
0.03919410251546651
0.6001201169201522
5.264999969909695
13.52528995920511
0.49356757378336624
19.826883402172825
0.34499442827655
0.07772055882742279
303.6439361062803
11.673005135555286
2.4120186294749146
1.7462097530806204
3.382854961710109
1.4251669295445026
2.9957363784706104
0.23372874003325705
6.544924392706889
1.3387775311457517
23.54983179700139
0.6263419635288301
0.2432969873843831
0.6838398589534336
2.0685975954729656
0.02883845073665725
78.15890351611597
1.1554559691867325
0.6739102704523248
4.60696629940503
1.3424688560662617
0.22307885729969712
0.004871756336797262
0.1003270754335972
24.222229212296952
0.27310437858250225
83.66173193580471
0.18551581762585556
30.27177360495989
0.4521074564108858
0.2060875916868099
0.2075344943732489
13.116589877565275
0.30938082620923524
0.05816537533974042
5.482123410864006
3.2658118517028925
25.14156051039754
0.49348241223196965
19.06449672629242
0.14977209512289846
5.772181410273333
114.94882890279405
2.305422175242711
18.575713847480074
2.567780699726427
3.1085455490101594
3.3400844877578493
5.5879367865782115
0.21352443110299646
0.20593731234475854
42.527283392217214
9.560567250970053
1.1235627529786143
0.17296667761911522
5.341700068762293
1.5443802432309894
1.7611498049991496
0.3540889830655942
1.9845810396582237
1.02883669727089
0.8220309145035571
0.2948697622923646
0.24057524827003363
1.5262042353278957
4.7125979921693215
49.44448522156745
3.227557750491542
0.17646845525450772
0.12556075162865454
0.43602299650228815
19.32735026233422
0.9644909281232685
0.20650053041390493
10.327870742821688
7.276443598813785
101.85115735822183
1.1347171927154704
0.2892562642082339
6.804032435520639
78.05583867266614
0.7130343997887394
0.005137878906680271
5.3014730087561475
46.498672778303444
4.397604626621614
0.08919796332338592
3.7801993698485603
0.9288588582712691
15.635536642726947
2.8526169046053838
0.8618844990196521
0.5404057616215141
304.5020050605817
2.4272854674673
1.3770544460348901
22.575444525751664
17.517374891020154
0.04979457318040659
0.6083003297026153
120.82411013292221
0.5487426753425098
1.6115410203419742
0.35487406801985344
15.722377510570368
69.35840673315397
0.04123081307625398
1.2172686440062535
11.204104918197118
1.7150567053176928
1.2368375130245113
0.9987274586928834
0.7377301791311766
13.462635247145954
8.561637389841053
2.2970843233779306
53.35121581787098
11.596273673021642
0.15232671729609137
0.6447163168086263
1.8445452805208333
2.0636590147587413
3.2683148607866315
3.3741828197635186
1.8924375360293197
451.79095098367907
0.3002693513481063
0.6853637432323012
0.10741313758990145
0.4123322036321042
3.462657632171613
0.6923084838526847
0.3534485774980567
2.5149742875655647
0.30736451087068417
5.818952145633375
0.48932388348475797
0.8514441236693528
0.14205677022619057
0.800822569122829
5.7435132213104225
0.2986585435755842
2.512620720794075
57.07777389052353
0.20389511631947244
0.591833329614019
4.579247042565839
0.6841520400193986
1.004727047708002
0.14136509014861076
0.09117040247656405
1.023167073737568
0.23684476620837813
118.28803561047971
0.5574228160912753
0.5084753143892158
0.5589963478996651
6.705021467667393
11.180166525158711
0.018543826587119838
0.5475998761867231
0.8214358025834372
4.6883412545248575
0.12793375053297495
4.880804109052406
0.08212499710862176
0.08249849427738809
3.170109275255527
0.493529522598692
32.67197533275248
0.6485149636027927
4.262092543547624
0.973560927897779
11.081473879050463
0.11816938242554897
6.153192687725095
11.638783369231533
0.5916029081672605
14.578327415023523
14.396430997971038
0.4565062507572293
146.09975600526377
1.367461143687251
0.28493909146345686
3.2638972800777992
0.03891135002777446
10.335712940475787
0.6990708185949188
1.081645627218677
2.1196414202386222
27.839035803594015
0.15409205773175927
0.590553693484253
3.334793897516647
6.307323830576934
0.5090819945107796
0.4988935951187159
54.89547265867441
20.20962430788495
4.713303938751778
0.5663295727426885
0.7333875332296884
1.4016312500571075
107.31150829753096
1.4620551614279975
1.0465880609517626
81.36625164755606
0.028587146822246723
33.130740725922806
2.108233343104075
0.030839714723697398
0.7134072432563698
0.7699465981677349
0.6727593541691022
14.820808204120112
11.57836156999474
0.7535435650024738
0.8811056666563672
1.7340290992397058
1.3039249079083675
1.9486090326354315
18.91515672807145
0.37525609290605644
11.314878992103331
0.6811541660281364
39.494001311079046
1.9121419115290337
22.344682786424528
6.140095584672963
5.825595527032419
0.03544706245884299
0.06262849087943323
0.9762183617931441
0.8850081073323963
1.6585216767962265
4.2559049930896435
0.6293489055569808
0.47436658954029554
0.06484906946934643
1.0309985743224388
0.4388083084631944
0.049710118346411036
0.23375161727744853
0.48862595803439035
8.649327026356332
300.8499254159324
1.1437481930879585
5.0402637999359285
0.22674373018890037
1.8647832732276584
0.4392530324330437
6.192986741516506
0.1847120616803295
0.3820737515052315
0.09658334668347379
2.4892859640131064
1.0415109827081324
16.166165134691255
2.2162120808425243
0.4570563212946581
11.591702027093561
0.49210549678537063
55.057023758276046
0.07143479827209376
23.287059069716634
1.2007477803599613
0.6107326511046267
0.4053537269610388
1.0097130723188457
486.2772461339009
0.35903388615042786
1.6224478644326155
5.797797738341615
0.5753434147773078
83.33109795403652
64.97905758042907
0.30128900971249095
2.7389627932934673
0.21859098349887063
0.7189508858500631
0.07229791619465686
0.21472602426729281
0.2093154507856525
13.195065611671453
0.18494121138792252
1.8174554815632291
4.848074780369643
4.074413573693164
0.6102376353046566
2.4772607489176153
0.5477937424220727
1.8978149483518791
0.9968048981463653
1.1482435881443962
17.709269086350105
1.2858041236395366
0.8678479087648157
2.5430907450609084
24.354036328808434
1.0966400599645567
10.027537014924746
0.47450813604154973
2.2293848345871083
5.955557390789181
49.524601794197224
6.079692341376358
0.0871157702349592
0.5486889235326089
13.693998393257061
2.3709457840195682
0.25300966907161637
0.23611559322307585
1.8666624959005276
0.39274458312866045
0.569747019373608
32.36926359384961
0.338802590911655
17.30384307710119
0.9004402901518915
5.210671755274234
0.26733563383095316
116.57715360731527
8.14772232253381
18.062194584334065
0.10384868695473415
0.6534735834065941
1.9186701565595286
7.9023478217022785
0.9445301234409271
3.849967416139407
6.632843411753129
0.011600517864280846
1.076020537500881
2.0518897080328315
8.869337353207811
1.4703328480645723
9.423782617875986
0.7353606460092124
0.9849498663315899
2.2023098432728148
9.323127543899318
2.298988113361702
109.56040583480353
6.367456686493824
0.6130040648895374
0.27083125506032957
0.28887410736933816
0.08131251020313357
18.479491664162197
0.05822667061147513
0.1646387356086052
4.957233755674679
2.98771996684809
0.048353423859225586
0.42146194832457695
0.6034940828067192
12.550585107561346
0.4223594645445701
1.7758697397111973
46.16321827872889
2.3242543341984856
103.87639193452196
61.15593847048149
0.26685998793618637
18.696566654474736
0.27662144465284655
105.76554942956864
0.395697494441265
1.0821555165020982
118.05832545039448
0.6692459199985024
13.384145176893071
2.010689817769162
431.6192552747161
0.10310234479402425
0.09830506841899478
0.5808356813249702
10.626308531856921
0.9351090816962824
2.782244775826257
0.315869026886503
0.17873600642269594
0.3011404118478822
1.0098565471016627
0.03851823518562014
1.0023729316017125
0.14329772312339628
4.738481689961191
0.4511292783099634
0.4457123745632998
6.262630802451895
0.11935648343205685
0.4066389851104759
3.71536475960238
1.0592504239430127
17.10547969428808
0.33843728200008627
0.5646831044359715
2.162129152820853
39.30002391730159
0.4851549238192092
0.14135148026616662
3.79906757965
4.300399650204781
5.450145297367271
0.09340621220690082
0.200058655875182
3.1340611742562032
0.17476420814637095
65.45290827803547
3.216964347000612
0.31397813070725533
2.4397190478812263
24.840366085561982
0.6733654307063262
0.2561548852972919
0.6046401445019001
6.603289749826217
0.4784027177702228
1.6947024402106763
23.05438363100984
0.36340546610881574
0.2141501127880474
0.1088145446155977
0.16635512587163248
18.344361056962953
0.4495972965050896
1.725561522107455
2.195176326407818
0.016693143097654684
0.4032152056643099
0.6295376273010334
47.351069295698835
0.6381158378717373
0.5975223180139437
5.473150226451253
0.8705077312915819
0.1741497993025405
0.39278738645953126
0.371309597252548
0.14024228517882875
0.4913698486270732
0.06560905351216206
0.37010793186709634
3.7605541824632382
0.4981462879877654
13.403697717636533
1.4201072094474512
1.7798831044201506
0.18595102918698103
0.4764685466470837
3.3528430856895284
0.1628403179383895
0.46199448709376156
44.13070105372026
18.593953745195904
145.0363694134321
1.6521435455288156
0.24589469316561008
0.40149319491320057
0.6105227890257083
1.74239648083676
561.969577188087
0.6073965997275081
4.8724186959334475
14.402556042456126
0.21615119879788836
0.11358941103389952
0.4916168767522322
1.3079965742617787
2.8298989027207426
0.30534107488711015
0.8367428694327828
0.2072325190747506
0.6549214564438444
25.79852296579338
18.688606408926717
109.07627864129245
42.32734767333022
0.5884159736633592
70.12433427616998
0.16676171326253098
57.769804465751804
179.3379979663805
0.8875057456716604
0.6220553819730412
0.04353025369346142
64.31126532032795
0.4643225066101877
0.36970772059066803
81.11493911043362
1.7532712820429879
0.6950773765820486
3.1297547010435665
142.2863939271192
57.16009937342824
0.6367138597743178
3.1038736248519854
0.0028864636187790893
0.36008178566771676
0.31394086765430984
2.008913000641769
0.12293451360892504
5.532798822710902
39.76991328787699
3.388499432880053
74.93985112211158
0.22899937683177995
2.553778458317538
98.24378373119544
8.25786341724961
6.143647828470421
1.3216651292714232
1.494122022522788
11.423063293881569
49.03381416535922
1.233463917949848
4.548621685757098
0.15663636739191134
0.30282259024170344
0.2291584115009755
0.3210084281672607
3.9114722292943043
96.32797308223235
0.9378502842810121
3.929636109252897
0.10510556703957263
2.3176860187195416
6.479542705659696
5.713963779548067
0.2787458071834408
28.63950988396391
180.82629680544778
21.264974517580413
0.5193530598917278
0.2573602165066404
7.787986199931765
2.3270395105028
0.19116975992074003
73.264554112513
136.897094547312
1.3934612262019073
0.15232841269607889
2.7406009640253615
2.9387558109956444
2.434636497786414
1.587118530755106
0.912051557450468
6.195736903238867
1.4740721366251819
6.4082782561235945
1.703277537078975
4.34801390339635
3.3096219357830705
0.16857605550831067
0.5131724723323714
1.9188565341682988
3.792998506964068
4.481630102698546
6.647870030879858
45.49051114955728
46.07013313400239
18.76029083492176
0.07553576068676193
0.03041923880664399
68.99988164325623
0.7271732716289989
0.030039600242162123
245.59656772471862
0.3492349541229487
1.014263641241996
6.502950469766802
73.91442595495027
1.1643334783693717
0.7383671434654389
117.45404706133559
3.154925812908914
2.410953660739324
0.5587921047772397
0.17675732087081997
1.2979941995581612
2.711838196748431
0.30711493138369406
2.6807566421775846
119.72848207098286
0.1079927010287065
6.245370681201166
0.4955114337899431
53.25022004254788
0.4852800669759745
3.3848125643889944
0.1985001187713351
0.2515775477513671
0.14908262344397372
2.4012622213158465
0.6156297115448979
3.7253988761949586
2.786655896343291
68.09988838004574
0.026667639143852284
0.16606503266302752
0.43388967296414194
0.044061851178412326
76.26069647997792
309.69136163213625
1.538786890956544
145.53214874370315
0.06292731987559819
47.32247624461161
0.027284147909085732
0.5043263163279335
0.17590444539746386
53.24856191362778
1.326642013664241
0.7313581278176571
0.49965177082049195
5.99510547677346
0.2378485551525955
0.1515113972418476
0.2880474775774928
4.390172066483501
10.657985089150316
0.32324989843255025
2.5934332363503927
56.542060323139594
0.5227492049089051
1.1227032198003144
0.10306040079376544
1.1461492265334527
0.05447715011177934
0.8002759599839919
9.281392136272189
3.3091542983747786
0.07105842445162125
337.97341932477866
202.9953682501946
4.0029562145791715
30.282456404835102
147.60774843372928
0.10352663008598029
3.7068709486557054
55.13085372072601
2.734335806704621
0.3690797314084193
155.62009569038855
188.0311511453183
1.140404833084176
12.615616484759812
25.5743971493539
8.51455611808342
0.19876517260127002
15.429585738984315
11.09758951960248
1.7870751022346667
1.3137794954891433
1.2220580695284298
2.6895480761559156
11.946491514117952
0.16634807349328185
0.1339963317514048
175.99721522997424
3.7755672382591
44.960199644381646
11.506874498569232
0.06625720985539374
2.02120200185891
20.002606203535834
0.2756632329619606
0.47661660048834165
0.018718768831604393
82.78591464975398
0.8995247142011067
4.815054191389208
0.15823480557082803
2.8408229237356863
1.063119667058345
27.32989217436625
5.102817144608707
0.6470682894614583
4.683551693538902
18.57323150573211
1.1952255372561922
0.16914401953181368
28.456813697262987
185.71158716897844
3.79294684683191
0.26126727967493935
13.60319065600197
52.60618141323357
0.1255754544690717
161.97787357658672
0.42630771947005996
0.17410622874376713
1.6873785509742447
0.13367522018961608
9.094264795035997
4.576882640019903
0.6233362082493841
2.677226895757485
0.25178536091334536
0.02794483190155006
21.777648315477563
0.15284630101086805
1.6242457151165581
0.8389791781482927
0.15769991871275124
0.02777586410593358
5.453259256508318
1.0022185384223121
0.2612763549295778
0.3183642150797823
0.9332552485248016
8.926481891288859
3.439114225569938
0.43494385009034886
0.5631028770840203
0.16586664665373974
1.1992304181912914
1.065341377263394
0.14679918269393966
6.454341344135173
1.9229734670516336
0.46750914396398
6.1412977391373715
0.12311288419368793
0.22131634642209974
3.024510548559192
0.009369452553073643
2.8451658075537125
10.362776127480174
0.084447046436253
1.382673510343011
1.5579808094335021
13.768758690606774
0.3793136155072716
63.298516924907744
20.946821986890427
115.82631231437699
0.7264380916603841
0.3971240805112757
1.1407008079477237
0.08804945628071437
10.643831008463167
0.48071879878261825
0.12500478747824673
12.819851818156167
16.20682148926062
0.21626025712976116
1.5082890715748363
0.22526065326746902
615.3628735678358
7.706838342386618
14.923409283037472
0.46188329524738947
103.12319357483648
3.4399878117401386
1.3976595185558836
0.24088966037743376
0.4790412656693661
13.467524882478756
0.13807968075343524
72.08506580641188
0.5307941691789893
6.5055273027282965
12.213708027426037
33.76456548082206
38.02381480553959
0.4371359451506578
3.3824645475906436
0.04181409296870697
3.147900482523255
59.11484318638759
0.2932333438184287
15.379306112852646
21.95809853080209
0.2451255477462837
87.92246554342637
0.14538766038458562
0.9372829742860631
6.331237573980616
114.42202498908591
5.976758827968297
0.2927984674061008
5.393932333747216
1.5538747844657337
2.091963939888956
0.5694087123665668
5.899728530828725
0.16929453871125588
0.5202798864265787
5.6488229764472635
0.016145069668709766
0.6836181970975304
3.355137483591534
0.3708712508887402
0.9130494135461049
0.13942443637279212
0.8385898909909884
0.3277531007952348
0.7163370948655938
0.6165314182217116
0.08872355564017198
0.5431557703195722
40.79695325296416
1.1482560046388244
2.0123672797126346
1.9221070626954315
0.5031329642297351
13.167182557499473
60.34727861956344
0.266979881835141
12.886494479029352
0.5686694019168499
9.061687927471212
0.23645197650330374
0.02692738443147391
126.68131495539274
0.3789515692733403
43.37474438388381
5.069718872120575
0.8891397776606027
0.06709577748551965
7.9885407884503365
11.237669573507446
5.747337576121936
3.577899490686832
0.2589814327584463
1.5692198611868662
1.2089511080521333
0.2700669739533623
1.6058513907555607
0.722208500472334
0.23489821673501865
0.0950901272444753
12.451578395852266
0.10482561673779855
37.23936280230555
41.5629674622287
114.88154356403538
33.748385954255355
7.884797016889934
10.116495341168047
24.799743511906854
4.36378119076835
0.25745753710361896
0.4261726930490113
215.99066321233477
4.377079771074932
1.6488793582902872
9.231052451767027
1.3009232879630872
1.1366276026783453
0.2034925460247905
8.398411062131345
1.1746246711081767
7.592331839929102
4.21228477605473
0.8969471858617908
19.622661407738633
3.665905749057856
1.2230514703514928
135.19613032496636
1.665052193628071
22.74976580508519
1.1175608553785423
2.5234373831481207
29.657081441149785
3.0768802399798005
63.68194656916967
2.4800655715880566
23.176414849436696
0.14518736870741122
87.12455426876477
1.5557109472792945
424.43787275932846
0.0959023722098209
0.36177174005570123
0.22550885569216916
0.26868275768720196
0.8067695064346481
3.3931313073080673
0.8139514493304887
12.880168180698092
0.21076153772082762
0.3361369589874812
26.960541492622724
0.48452689873374766
1.2034443369157088
10.143814958428266
42.50905054487157
0.22951613796612946
22.955487218150665
0.3926369916371186
1.8747094151913188
1.0838202231643663
4.216180558902124
0.2769122638637782
0.7073558789816161
1.6633991239214083
0.13216913352516713
0.0792369363916805
0.6438735423434991
0.20427667839248898
0.10121410363717587
5.0339431333159155
25.31219243553278
33.91888177508736
2.2034986205508176
86.27477935759453
0.2722965655484586
0.5556072089530062
55.564838052509
0.16324740882919286
0.24042785482743056
0.3199042540145456
2.095074954755546
0.2712406974278565
0.037325695619074395
16.193383716738026
0.21403725158597808
0.3934198837632721
27.38597025344643
2.1136877232820552
40.73005006157473
8.569658092426835
1.3097646713868016
0.4952323496581812
0.46561351920172456
1.078415029525786
42.070265543708956
1.1229318411169515
0.5893165382112784
0.4098822306987131
4.984773013489757
0.024743424837652128
0.3365573500886967
11.028358086772641
2.6887516055030574
0.09009652931490564
0.09428029744958621
4.8027203114761505
0.09516576632449869
0.503240963735152
1.4770883198179945
2.4045946505793836
0.3608381444137194
7.398535418677056
0.8195035734788689
26.37108016572529
0.22999972919205902
0.8311826304561691
28.13754483104276
0.5231027757217817
0.9844277994598087
11.319100174394407
0.05534249466654728
0.5197619908612978
4.541017662395461
0.13969990988698555
3.569822075754928
13.038555304436159
7.191037924869306
0.30040188787097577
1.2260483136597031
14.416509629856591
0.029483243295544526
1.3677064501098357
10.673947879644402
5.96310717610686
1.8084172641247278
1.7963056152329955
0.5076914083765587
0.5280584999200073
3.131371585473971
4.775475059825112
1.5264210971290595
0.3844541946928075
20.547640639630117
1.9473611879366217
2.856576708589273
0.06039421565947123
0.9347445417188283
0.9653646890255914
0.2770718524843687
0.4207010927493684
2.760109333197761
0.00171768636937486
395.6466703898295
0.28756835432432126
9.925288497634028
0.06611173062265152
408.1837666799329
0.15950077522938955
0.04110337682868703
2.5802553333342075
12.958583989326144
12.924140780291054
45.411849774609436
1.5363742566660221
0.6714581562810054
62.65921333719234
1.8082690580849885
136.32705127338704
0.23846042734294315
2.7712370084664144
77.46264679082742
1.2420422667601088
4.567177432942117
0.4711548531995504
0.7926497957741958
5.507264939526067
8.427643850598542
0.4226463820305071
0.9496773402606777
49.12569179879574
0.0510879910470976
650.177150585343
0.328632118726091
31.351478296059213
0.2577345020326902
1.1668633880835841
0.7450460418222065
29.33112111450464
3.2936443242651876
0.23391619415633613
0.2692221954712295
0.030526426893629832
4.735075358792528
379.4246179974398
0.3840902537231159
0.5571560085700185
0.7674312757262669
5.131125774340035
0.09394238713139202
22.753326813090098
150.6422536695718
3.935603426565649
0.56727830577438
1.3713906213524751
39.4742175417814
15.607604735163477
0.2788972350754193
5.802661486821307
0.8742837066747597
99.59994277035366
2.209301770402817
10.095076009365584
0.47763702311567613
8.121433995398547
0.14641348757140804
1.8842869559957762
12.031494747661782
2.9165291638637427
3.4818042502774915
3.175497919728514
0.27281607071199687
0.1662510252353968
0.4969490082912671
0.26446906363707967
0.5194645371702791
0.8514764396495593
0.20211851211934118
0.07104363817779813
0.6388455572814564
1.9499776555676362
20.908270933865424
20.49407111059918
3.087192662722373
0.18316981794123421
0.13921433304494713
1.5753543071696186
4.857779413971002
3.018097874657542
5.627375076936005
0.877434538648231
18.6006913652418
0.524518653350242
1.6666590715358325
1.5253512424860673
5.210826619688305
0.7741948925613542
8.356474311232887
12.415684596860956
2.645510961243417
0.7276105482633284
1.64540912024313
0.5870727880501363
0.6506590813114599
0.2880470618511026
1.1047993139582104
0.318564507051633
0.3069805194500077
1.7038924828339077
0.5064758898224682
0.2506443484708143
41.711747135519545
0.838973533729586
7.992530118281138
2.9593034790123056
45.74528651592482
16.077080272571038
94.22636595275617
11.406076171024324
6.105614117466757
78.90042795028057
2.6139818948686298
0.6445984668716846
0.23085232974699466
0.31285894438406103
0.5097514763438085
16.018133110159397
0.8636523613859026
0.8439882103557466
1.1907718324509915
0.5579791504824243
18.322767946108797
4.482656235431932
26.93105072099206
0.08279789132939186
3.3532838788814843
0.610232040318806
0.3493439537596714
1.1819069371449586
86.72572974869036
1.3963651881203987
3.733480616203451
0.18300548598199384
0.7490179253945826
7.463936983171152
0.3772006937288097
1.224487010134908
0.4263063603248156
0.8944332449609647
0.6067520031429012
0.11444676759128924
6.864754438036471
6.121025194959657
0.7934815770713612
0.49464999883275595
0.14689666686899727
0.02336562234631856
10.266072142760095
151.84327808169837
0.806170850944909
1.9032272284202918
3.2746145327146223
0.07649648317237734
5.472196851929766
5.646698743450543
16.36800942875925
0.3275153640570352
0.1262976719845028
2.989738814510929
0.7108037472971773
10.33606982094716
35.30051022581756
0.15483438559022034
30.753832087342744
1.4155332852278661
0.3367493767182168
34.1088304405057
0.6107105909140955
0.1389875204913551
7.414524025942228
0.055613395419641165
2.206803500204842
2.827747820807417
2.4915867509807867
3.974155815627455
0.502830803496181
0.5247426361202088
0.003289449476142181
0.619572090668953
0.17537005072517786
1.203555706062616
0.019239731173001928
0.144628890833701
0.48338059465095284
0.2538233652630879
0.6039085763950425
30.57516379680237
1.1449783097632462
4.156520632528554
4.203544387204602
114.9392616731202
0.45152272812993033
8.872250318119768
26.781900465302897
1.1517348957459035
0.006090828555898042
0.015292895368475001
6.862084234020585
3.095366531633772
8.196687683215714
0.13432170265514287
0.022141615732834907
1.0473224432316783
0.17416670967213577
20.505450748423755
8.661083880473598
0.10684995282645104
45.85118685758789
0.29168831344577484
73.84598961252414
0.48474150687252404
59.11766764083586
0.25129640668455977
0.0438350750337122
0.8173444156018377
7.622286633526528
0.8619343492064218
0.4618675773672294
0.47169102307452704
2.541827579112578
0.6785574594250647
0.4769589636962337
1.1447835550243326
0.8871737551853585
0.16253592206339817
22.408271502183197
0.8726641596877016
24.575154423229833
0.15469561464487924
2.750588650116697
3.702237130059075
0.09522790576738771
3.584584322783485
0.2801972752349684
0.4239001866480976
0.3693894506068318
3.8291722842186573
4.7960567089648976
0.7842451798387629
0.533639292269072
1.1098627614337602
0.778937719118403
1.7141911834842176
0.7331618506286759
1.14031899164911
2.5869494480866706
0.03738118039109395
10.594727979299932
75.01339761639974
97.47559608994925
36.22972870382364
1.938551677911164
0.15493645316382754
0.1247625662945211
0.3375505145340867
4.878692614194733
9.399533448802686
0.9376973344078579
5.5842732675191655
8.151217286267638
563.2183985926022
1.3805525901443616
2.246620050555066
0.3426691175081942
7.913249442270171
0.6333260250103194
6.680478306047007
1.538130227883812
55.40137612107719
143.43189484312825
18.85353746469991
0.3607423506255145
0.5776079746647156
2.6052899651513144
3.546200622811739
0.7718585846923816
9.197048915721098
2.4719445473929227
0.29460440607726923
0.007514626151532866
0.46374371130150394
0.3384695060667582
172.40327948498816
146.38969929857922
0.1951576147985179
6.562106035231409
27.70877722387013
1.4950182568427408
120.68703672811534
0.8193450776307145
3.9844377885929134
1.724977912261238
497.6650214542715
0.1354716657260724
0.061444029975973535
0.3251002164033707
3.241986235305376
0.046139987691276474
3.2145615647496015
0.5286577657316229
7.209065861199633
0.004609941413946217
3.023329483195994
0.8860231384605868
1.2035410767239227
2.840742183911061
0.26808443851041375
11.034238385414938
0.24993790681037353
0.5765478480316233
0.9413562174813705
0.9922550237934047
46.33526567932131
2.7947559158747026
0.023327679999056272
6.374944293791486
0.27267650896828854
109.44762298162459
1.4679642583250825
0.15523285694871447
2.2366120162332663
1.345886256553058
10.809133574552106
0.4580202729921439
21.892215988111275
7.823055409720837
2.2041072289066506
2.2161692093177408
32.30156686502596
10.505548209031986
3.0842734556317737
0.6929194318436203
3.574089077021199
3.531763128223247
244.71508779957003
43.77340425523653
8.793171554672881
106.3828446133848
0.8440584068484895
0.2768361215130426
0.26916669533238746
3.4369796389910334
98.03445286429996
0.2640656606236007
0.30696397727297153
0.1442284177392139
33.34608581098291
0.9772658618458081
3.4067585150878585
16.84989733072507
16.934903096433118
0.6080647518429032
26.44622841266755
3.0280951589847973
0.5960295814657002
255.25428923232175
0.09374254963040585
24.268239747030748
3.0883228218481236
0.10716322717416915
0.8720362593194295
8.227930329467199
0.2963504084509623
0.11385445268388139
0.4030338878619659
1.2084854439708579
7.8952310750719334
0.0787039279966848
0.12012854904241976
72.10385783457605
0.07467858068775968
0.313731614191056
0.9035801174904918
0.21940855020147865
2.5002933783725894
36.94905190876307
0.4640378762160253
0.0754686242871685
0.45270133789017564
0.706561001996306
162.77822442847537
6.453708122102398
0.07649059779578238
0.1684331769538403
0.2275082643245696
2.116177163661632
9.540570334662334
2.7866706706408877
0.40947476747533074
0.04009986317396397
0.10820494169456651
0.42256553611150593
3.6104031152572134
1.1373525195958791
4.53709275354413
1.7935711244754202
0.43161954783136025
0.026208378538285615
0.8436046816495946
0.07960165140684694
1.0674547034068382
0.9961082320915011
5.052250121178076
9.256591093595489
2.4576756920105254
0.19329457546336926
106.30268677110507
5.8899542589861085
156.01364960244246
74.46055488412094
1.9209005728116608
23.559570337820332
0.16460430347069632
1.0498058508856047
4.30182345400317
0.7407357812808186
3.5414505837034085
0.0499995667123585
0.8715962172864238
17.732834268295846
20.613566446278128
1.339295801371918
102.91263954513488
61.62978685154667
2.117095158970187
1.5052659621505882
3.599234804707521
1.3477733768777398
0.22632235711353133
15.510212495897576
0.6616574591753306
1.726023479077412
0.20429936880100286
20.247018145862967
7.267018444050336
9.568757055138121
4.179060184003902
112.6522730106808
0.717941053888353
0.8685897702198417
8.26167121769322
0.2730254775196954
0.47850737042244873
0.31966325016037445
3.0113275888834323
1.3829606010986026
0.8415847239593859
0.32775722247970407
0.7831361986245611
43.932275034851045
0.25852827110065846
1.3805945858330233
0.01894841428293148
0.5754812402374228
0.032446512712340336
4.210692406366434
3.8120213840338693
4.052548330153513
0.48241527580466936
0.06410916977984016
5.01991039960194
0.09955939511200995
0.5057451727152511
238.06224964053035
1.0550776268792106
3.605148246184399
1.5282775014311483
0.03327942662872374
6.132596184947033
0.23378273162597907
0.2084248846040282
5.869921894915024
53.34248917563309
139.76277118847065
0.3751598987400939
1.3651876619260293
1.3863517513855186
0.1264932251033315
25.00125098539138
1.252280360651639
2.121941522345878
0.9361142291600117
2.1540959140402265
0.06106754458232899
0.7467784381151432
0.6245760480305762
28.677650123339845
10.321115826285677
3.93878814632626
0.38868246031415765
89.71967125800074
0.12177288199745817
1.8191163440715172
0.8642467708777986
1.0087177958521352
6.533126001620985
9.625390712066292
23.849492536624894
6.9752063742234895
118.75630660358729
2.7473623526311712
0.7427765144493605
0.38621969228915987
0.048709226997743826
1.342552139009058
24.452097148903704
0.06011756357474951
0.4579032170586288
4.1827796479919925
167.56302322263582
0.20508587999211159
0.013395274098002119
0.22536748432321474
6.321819581149612
1.9330274973399355
1.1509027074207552
0.16810670867198496
1.642903346048115
0.01006510109800729
140.6722945433903
0.6323480726205162
14.934959989153867
0.015893014304310782
4.123117045248364
2.602247154649376
39.00329676372348
3.0486360587747185
25.996074679227604
1.4788141257486132
0.45445482603099663
0.280769586963288
7.1750271588498435
0.45793470514036017
0.8499759374208224
7.726512422217638
0.11602260330982972
0.08115133260071161
0.4505749380768975
0.8910254519432783
0.9625540830238606
22.896554379865847
2.336292878178938
0.274946566674771
10.407952981215203
0.1633160203891748
0.6787704173002567
13.829194732705218
3.6450001955636253
1.84211494452029
0.22341666981083108
8.190669293460815
0.1358173985790927
4.739641220690828
0.03445865761023015
27.000913283707632
0.9183272679001675
0.1596015729555802
0.22239615597209195
3.127369205660216
75.25878511359406
75.00431810299779
0.8609892872518685
0.042457215440663276
2.2859954105842917
35.904391974057944
0.17950019856289146
0.171484657585097
3.928446907786565
1.4887075890910637
7.075813783772901
20.875882702293893
0.27546857887500664
0.08124057378154248
95.93296360663226
0.4093265484480071
78.0478181354265
0.10044841903436463
16.48976488696644
0.2803778535526362
34.41209875901768
0.8670399349139188
11.117984118664026
1.7096426879688806
0.12232247629799531
0.05613780191561091
3.770477181817114
0.13777079382634838
1.1106609301823482
0.26661078077813727
46.14980943686169
24.434259861318424
5.8461512611938815
4.514979860112362
0.06655095408495981
1.0609814222480054
0.011443073381087743
1.1705212849701638
0.09798706926812883
0.48036348971072584
0.4610274294500414
2.422750801932125
269.5216127604108
0.948685357485374
1.75019160849115
0.16127288558345754
290.34870024487464
0.41499736507830676
3.185293870526948
7.401714273033576
2.54358589480762
0.17497597943656729
0.14504606870832504
2.7907894943346037
0.6295825262677681
1.2155118479749945
0.36085241362889064
28.66416019565804
0.30550362519716145
1.1915636183839524
3.48313707145644
17.941733781110088
1.446601954925427
0.5221914552275848
136.39466458146126
0.2757704037394433
0.312377565427596
0.2953308450378245
0.1816914028240717
3.462837421517179
0.37367229763549403
0.3809129432484042
3.116001023870922
0.290452839279169
1.0369996646004438
0.5523952275361808
0.3353704878645658
1.2498584461645805
0.2290442773446557
173.309772450546
0.4633878922359145
0.4091676444077166
0.05236681085443706
0.016934733794187196
0.07498750706145074
5.603801634209958
0.1236713386606425
22.833076411327056
1.6231453391519608
0.03467957283282885
3.3716901489606244
0.18621082563549862
0.3807518616049492
400.7263514012375
1.6655528231895005
824.1230805429223
46.62106063372994
121.70859893325542
0.6850208084761107
39.79986806179659
0.848878178607265
0.0002907916314143222
4.203477130537067
0.2751029298597132
0.11396087886168971
0.8959434775642876
8.096925707341143
0.4045631596054591
36.08466277517073
0.3406837341026403
17.586408166953333
1.553540283741313
2.4227559034006845
0.726166392887535
6.688298376349849
4.055392248592398
23.97616253068918
4.674554718116269
7.6300437639256415
34.95438843001102
2.4038424655263952
3.6451882108594873
24.194132177999563
13.431246847911098
10.258038032414333
1.820774103700387
0.010055267841380555
130.1613716420543
47.32444226694497
0.2605776240998239
0.2942549582803622
1.2056466617905244
5.289327638336545
2.1778150377031125
4.080067144856002
37.26857229860616
23.12897793589582
1.4778188745294756
1.123604453056032
23.835502043959423
0.23843505409240606
0.022638773949438473
0.11011604101440753
0.13448015055109863
4.664816809992772
55.16965276099654
556.0121817548643
4.30164970198166
0.04606607478490332
2.217887133345357
96.88021859746004
24.35290537822584
2.718061609317374
41.570733364911575
0.13851660316504422
48.43431430350029
1.6673171681395615
0.14027935550620896
0.07978571282728808
3.273520692197053
94.59600804857473
0.10284078105178196
0.22064460125693586
0.28890524301459664
0.40766991662894725
43.143499316600355
0.2780639509182947
16.395564235877828
0.3415601778324344
80.20223797649669
0.2864412030976382
45.62641169330891
0.12877543925424106
7.770981642188417
3.6395967575954273
55.41181867668274
3.5259782315442862
1.6230596664827317
0.1934757303497463
5.415572909245384
0.026413642954139505
40.148872381221736
196.43928969979243
0.5944818221687456
0.2277396911267715
0.6934396815267974
2.233056963515992
5.466695054368756
29.574073410083656
0.47004042664411827
23.58881205862781
0.07397568651867914
0.07447918177058455
0.7027962749161816
28.929164770765055
0.11186746689418214
1.6886075780930696
0.03695635645999573
1.1994418297144875
21.41150124898195
0.4531997883495933
0.7595588006843172
3.184454025402374
1.2709549399151001
17.588312307307206
3.4558706247371447
18.95518912441912
3.2882272867427673
0.15557241228452767
1.2353249257175776
0.9914571405679453
0.38061133980954764
39.60208908081768
0.14958808451410732
2.4581569206202403
4.048943657522614
0.003851644891256001
0.9868237367663824
0.30012167019594926
25.536339055401186
22.630930975370575
0.16546938773535658
0.881285510287853
0.5347593079641229
0.05565084912450402
0.38526945548073854
1.8531847035301325
616.1975993116757
0.6211622086120769
0.06125686263112584
0.0864538120222278
118.09407043730971
0.3691140223418188
2.0343283116562816
40.702080045750336
5.259608640684746
5.822957117612532
0.032353678845538525
1.1631202828612004
1.7599653016332013
0.6719336481764913
0.48640547940522083
0.10790433118745568
32.07360090378643
1.955269098863937
28.85661327413618
0.2821713056800945
4.315335530325683
1.67697408375534
46.511519407671585
2.3495379250998667
0.16043195032762014
0.42253124856142676
38.24652441086437
3.3388195695188188
6.849888195971289
40.724341290795564
8.497727645761188
0.5082820811694546
41.21846587053733
0.19036141146352747
0.009745488805492641
0.23764437854333664
1.5660598513568402
4.666962875202444
7.821123583820736
0.44572896115278127
0.09474996846256545
1.237132084213954
32.37187663345685
24.163920711191167
0.017217249875102425
0.07779818960261764
0.03531633953753044
0.6804257305338979
2.02339534469138
0.7051841567263182
3.1832851968792966
20.17617450110265
1.3354380520358973
414.4701780138603
0.11287616790286847
0.6411263967202103
0.029999896123626968
0.3618135429715039
1.1992121923467494
0.284999614188564
0.08985610644958797
0.8856642357895907
0.7451244626099651
0.5590197012388671
10.143139779622288
2.9091533650607744
4.562478428488248
11.612575717012078
10.632416485193971
9.013405184632575
0.0465403304733627
0.09991619405627716
42.317741705130175
0.01290256914217025
20.519785579424934
10.278026301071804
27.216342949537648
60.471589258901076
0.004901280030026101
0.7139530261192704
9.780277371683042
20.319461980041524
33.19158717794198
0.0661918006844644
53.92914146263138
6.4889121311789495
0.7601709778609802
2.2250770511273004
0.14501458968152292
1.0224471116925997
2.523172592096671
146.71295201975954
0.2649727102179895
0.11169267220248003
0.23049198848457308
5.963583214601385
2.641859969626239
7.094559762786957
16.703628637747897
1.144657537159219
79.04294186463085
78.17764374090257
0.011442303992225789
7.259055389709829
0.6048951934135403
0.01962189280675375
0.3146941408813291
3.0330357689235825
42.93447913193813
1.6349433720351954
2.366483108351531
0.02503496809731587
4.123921033147781
0.7986837693351845
35.081462259629916
88.10736237834135
0.39604215871804627
5.4239620572989224
0.2444615490421711
38.82865190673692
0.9134341681092337
0.5934766569844214
49.59573687799275
0.12370959443069296
0.2091309688948968
0.889772133614315
4.18793553863361
1.6375627594679827
46.01594894754453
1.3892982858233154
0.19548289158410626
1.1623462686911807
0.456750788827776
8.365747048876074
1.019630994531326
1.398249527963344
138.69252213998698
0.1621516544073529
74.93782669907523
0.36353024199343054
0.04690339247099473
0.06662763309213915
0.257012278871116
26.944832496992603
0.22305908800262841
10.209655728009238
0.15378376839362318
1.1328232728992589
26.34544711165654
0.4763953874062281
0.11197370000081719
0.47464193824271206
0.5410739896833547
41.951884371665074
330.23160238849596
0.5052500341189443
1.9083462955422874
0.7006818049922003
30.93312504635469
61.455896664672764
0.2545223043198348
0.01758422543935012
2.0668923223929596
10.411069735397177
0.4241684181833989
44.14893634596956
0.8394134547706926
0.9635434616357088
0.5471462456989684
2.408577135171072
3.149060374515102
24.83432780165822
0.1300128684597439
36.68082329042227
0.843127268643002
5.560369205431925
1.1013344897146453
8.234246948224609
0.04033145073117339
1.2808973865394364
0.6425688294075371
0.7911745688725205
2.508337245511939
0.3638964084129839
3.143083955746988
1.6035980158449092
0.007990068646904547
4.76820878217768
38.716353137340775
100.15336011242107
6.129407428237755
0.4974436879820132
0.3269721622891666
13.909713340362941
0.9063936345773982
2.3391330280865077
0.6966481691597437
5.956772938294307
1.0244148115707503
25.20614256459885
1.9730490926740458
3.5522963758412516
0.0882435736602929
132.56382442740505
0.3771020993372076
1.1419721583624778
1.4896432675377582
0.19322045556327794
74.50174033597432
0.5316065717306628
7.5476482243793726
0.09505403574075899
0.08825425280156196
2.38195453341541
7.9406657299732615
13.252594992914965
7.853460681864817
8.661086663723836
0.3601111658717855
8.419293071372522
0.20058840658384725
26.648067437410646
1.067304484124179
83.19398212498709
0.3843410494446289
1.7426563533517765
0.4386998575209873
0.5768948999211716
65.74784261145032
3.7908844659141323
0.5146876572507608
0.6058493758064287
0.9284906193206552
1.1681092016551702
28.35776259080012
0.12311747558123898
0.6887203557052999
3.4815808366038254
11.989020913042623
0.5680750932333467
1.279310858597455
32.332963666674914
0.9556332144566113
0.2643042356467049
1.7149488703871612
4.340816129424638
2.362351401210617
2.954097064655798
81.36876369238598
0.19867171523947036
1.1670967767604452
4.007328608859098
0.02419034287231625
66.7291006985688
0.33417036998434924
2.0672248948067136
0.5927903182455339
0.26435323418991175
604.0158852534078
0.018829805085260887
0.6953606129645777
7.085832662087341
0.23005019229094614
5.620793350739405
27.185999617788184
30.555994796777668
0.8135864038667933
13.605124531950423
1.0838590427265444
0.3690425675958977
0.43654562055598944
4.482068862886081
72.59308873072587
0.4677137292928819
0.3554758627869887
0.15959516069415258
1.5708231675744173
1.2597322419424017
3.1326809746860818
0.3743766245970619
384.0948197012149
67.43923564827855
2.363731091722002
12.631132845563116
6.566251149415621
32.1024150885969
2.9998674057715107
0.10814607391148456
0.0173837940528756
0.2449201660019753
2.6485440071519406
7.281575291945046
0.39723771678472986
0.011504569189128233
0.01226684528592159
0.8421659710402309
0.5198454834026052
0.014686243066535098
5.100491831224645
0.7943531882374373
1.9530252539952926
1.2225500205204298
4.927339089241286
11.431980896246387
0.6800879306247225
16.22388521486937
69.0631860693793
1.6265304987064155
0.22073227682994911
0.045483327619876945
1.7114370156486984
1.4054602476026048
1.120102827113442
0.5962888740323251
3.160697479317605
2.7331700433715014
0.0223805167406681
8.941907697917486
0.09574436142793274
6.189633247868187
0.8527905619448575
45.24253915988811
106.46220718237964
1.001583723074873
0.048860935279662954
0.8098328855812724
2.2412791100396134
0.7790376517441473
0.9358390671259258
0.13564608302112902
3.343013307425281
2.4925135858284193
23.742411287734285
39.6681023320707
4.357048090638273
0.4276287802385923
2.6920359488249233
14.276240856528602
0.21923806890117703
64.5829015845593
10.034008870923572
0.4414917734648043
0.03567403087436105
131.8715683779592
0.30983852336430573
0.1414502959996753
0.0626530997287773
0.07080170168410405
0.6546859330228472
0.5409667163185077
0.45386357075403794
105.9068914089512
23.481929078378016
1.2842726563139877
0.16008590446290327
0.6137868615369371
2.2879135022012633
71.22001056433874
0.09427376370877028
0.3237768361577764
61.25943489311976
0.45958333363887505
2.779761517245788
14.301398575062194
260.230631089511
0.7901574393035844
0.09643528568631154
3.38086389718228
0.000350658916431712
22.29102330326714
261.98316531983437
18.40195234438579
3.6024420790636213
28.0271718249096
7.270452926604776
81.9150442992759
3.9743962650900357
2.337976952720055
0.7147779129627452
6.800681268014159
126.81834027314471
0.9027966233988991
17.13438464252249
32.78584198567478
0.41589607684727525
0.3063412734918529
0.5145225019659847
38.80592313374291
5.039915958048368
0.651378598613519
0.31681597531496664
2.0965320485302072
0.4030154944775859
0.7812599040771602
0.3343295006707194
0.45486143765447196
0.04534243768648594
39.97058524403474
34.43950211352785
75.87895073480468
41.55663309175725
9.008366835787456
3.0614023543603253
27.57782994025547
2.3270620981347747
0.18816236891871085
1.0649672308900335
0.31527329072196153
3.568870313680236
2.6612112578586675
9.451963647297816
1.3178849693322263
10.96787469708579
0.09803046944580274
3.298213963800663
2.8543643565244565
12.26657609366157
0.8011010627669748
41.689334200335
0.06820961777702905
37.36736909767569
0.2337966805062024
4.369379537001805
4.00978222048434
3.137345942970569
5.665647414785781
0.3120863182921312
1.235383718591038
0.12240889384338516
116.74430014949758
0.576495152523421
10.504764628069097
0.031053615733981133
9.971881175744784
107.95245031166996
0.3269279251435364
0.0963970731718291
0.4877325310953893
0.19544391980525688
4.828106145709171
0.9170517511956859
6.272002837231412
1.899375159315241
22.62994052475551
0.9411597195576178
14.079362354768818
0.5809707726584747
308.3904321705486
0.25065493616784806
24.73624300440133
38.95118423332315
14.99627447097373
6.008895980980014
0.0554752825119067
0.6447022781685519
0.08213422112021362
0.9644384357816307
0.4354485377698438
0.10667091895084013
0.5232995068108721
0.028748908385750838
0.5879033971723402
16.318026453835046
167.24087519053137
15.11635859094531
0.48050662696914515
5.738334710651543
0.044878715238155564
6.107052920760907
0.11112137405143585
1.9689549700415228
528.922611266873
1.3733927662287897
1.524386982579017
1.0282681917815353
4.708833430719096
0.05099548432554002
0.133264072574093
4.802505316711176
0.09676827916337061
0.575731857210485
0.35582935838829144
1.8852123368778848
10.773373985281069
4.100322801838047
0.05564489746757317
92.11594312572561
2.938777964336623
0.14145588356041117
2.916971364582423
0.11369605834624963
0.4707661115571682
80.744792756901
0.6174433844280429
0.3510753337141068
121.31347937704413
3.705987632190954
2.46940271287167
3.211316870212613
4.669410366637749
18.73913221825569
2.509061909331649
2.3270844828039117
3.4569571069587255
42.46712280902648
20.807705839150003
3.2561608540127054
1.1935052666849515
1.4251357578541501
0.5786587679722288
3.1713033090127283
268.7037304118676
1.9878260633195168
0.43494826191090397
27.460891613995045
0.23422928260697518
0.3457118186124717
0.6789797136370908
0.8806283459343831
5.04917721930542
33.56387942142828
2.126927770121256
1.7710884169755445
0.9144839100918034
1.6147720635926817
3.2556748653005343
0.054038289534219075
50.36567334973006
0.8107607948441
0.13086009547987487
1.4133500670541252
0.19327574106137035
5.102064154340042
11.687742057609285
8.009134665855527
0.6931014912734099
14.790006037073908
5.161134872541879
32.58518520238431
3.425362519650662
0.12376911735918839
0.23534953015769133
52.96347494314978
23.69868029911595
0.7005408726654423
3.003887275030138
1.4450543732236838
0.21144752925465582
1.1779193306902016
1.6389819571086264
18.662753693464765
0.5793253351039311
0.6637870136764832
4.277191790410143
1.0758757490038988
8.716761850639159
60.28512908092671
12.532566038837103
0.4647335185254633
2.5016086947580334
211.87643006298458
30.127362760031247
3.6311729817571177
1.3256072942531318
2.705415254644322
122.52385970151227
1.8607646857453801
0.11071191264636582
0.22845804940516246
0.20225320769895916
0.27185348314378643
21.653268987796764
8.349264303433301
24.43436725128049
0.7499347333687183
21.93316321931343
17.986350613777176
0.622834586105455
3.688002173694258
2.8422747114673257
0.19333315359835979
4.829744946502615
1.0398409325862303
2.7298227248284093
1.1819896917768347
0.11778316473282757
11.883637435763376
5.7887385736976285
0.17643474117357982
2.442856204645068
0.5368785114224011
7.124127775281522
0.33611435761486064
10.135428705852974
2.7795421707669448
0.4862283365910116
15.768414786238282
111.45061439822894
1.2595831166254357
26.111653013675095
0.7985577269864734
0.10007357906579273
13.319242635028786
76.10125690268978
0.2877663106592081
41.078680422328034
1.0812359499395825
15.761923012956686
7.268344831991271
51.8528561101557
0.1335101740041864
173.1221471938079
0.700166146751144
1.9523132916438044
22.564550344253803
60.21464984690465
2.441289500260609
0.053446264639205765
3.1350510813645087
0.10403639199648751
0.2336318999150535
19.816159104677354
0.4665646727880812
0.042241960338287754
0.2206642857490806
91.68317088020558
3.658027674853656
14.738991650552634
9.211312005467335
0.1837365385144949
5.0008198412906495
0.23265527265175479
0.26756199821829796
5.133034841128392
2.859555162678589
0.35970547783654183
0.4540960030972201
0.3192894223211624
273.6372611208826
1.4338933484395966
0.09637157506949734
0.006956357912713429
1.9240726889802318
2.4412723000496044
2.702857039668743
0.19563150352769298
0.6167997275369999
61.863402608491015
33.22793663302218
2.4202516310324427
1.3529415666198474
0.5508297909073008
0.137338982840447
27.492256989949965
0.1819676361483289
2.0898399179495755
2.3211540193988185
56.28732751856296
0.041981115988164674
8.37703596909705
0.8135967700909532
15.426215506206063
0.12290795695298584
332.31600146962955
1.9057779247050348
18.10141370632482
7.053608913971402
9.021765453297121
7.253681322126795
3.455386948255182
1.2788564274815144
1.4814705804201367
2.44604486591561
28.488417239921546
31.552982003348006
0.25401029181375634
0.13017127531929873
1.4019412216985074
0.2774607827195723
4.061303876882448
0.6228569402301218
0.8216786677730852
1.2986650135389937
200.5064222631081
4.240839179041359
95.23734330927982
28.43397505654866
28.876806722993933
1.7758194669768272
0.08256303346570348
0.47464249374024803
5.633075556568656
2.145078136742086
5.446522205664223
0.29919489265739685
28.549313870931655
7.077758472292771
31.979294830660365
0.08224966431953362
0.8436278709596081
15.221109213696764
0.5564456847969268
7.526078587859956
3.5262996241945075
1.8202518289581349
0.10350779515647446
2.7566655351292866
18.04082469554851
5.445656440631865
3.4579126315147732
29.964636161552335
0.5139748855763173
0.19676280823841807
12.328605115395476
0.02986349158891244
11.101198165753885
7.961677682520531
0.4259416429231351
0.021562663179793162
31.216922701420117
11.698994393111207
0.16286114477770752
64.90475961768607
0.3210136527559371
0.07689530774223385
0.09729841464650235
0.47031323229748523
2.0626744199180393
0.14584885819931515
0.4643587720747746
0.2853829571395181
51.94684453078298
0.7404132539195416
3.6338318743073614
0.9573913256717788
0.41973866918851854
0.05958177878710558
3.378340625902638
1.6452696578089672
0.1237801109054999
6.6146976808631734
1.9890370450957562
0.13189327345753554
416.83212372224807
7.958755077939713
0.14669801991112763
7.4700737104831205
4.1455792657980055
18.179779415957455
0.135399743776361
18.559848891134607
321.2344307092317
0.8055176600792038
0.8280370235625014
18.494761917601863
0.19654258350419695
1.4903814207391406
4.586989284191077
1.411173775613861
14.632350363845035
5.866996246066265
2.0090051434599445
0.7899373288855713
7.128401658083021
78.74833787448006
24.5526294743795
0.4613384672520624
0.5640526853931078
0.04045677131944103
3.9222258283734845
0.6889853591201245
0.3978983372217044
301.16929760657877
0.5758389395232371
12.561231066971231
44.689613037364325
0.716469364673685
17.184043028271844
0.02564246437032125
1.3914114696272009
1.1656340023764642
23.51183204588233
14.901092504926055
0.4901867070948356
2.042739209235151
302.1031986619564
51.261944156991376
16.19700625342739
5.407939275584795
6.735206238801766
49.0757271906441
300.82976568392405
0.32232839350399445
0.33010018761706306
0.4183818326673645
0.49200834203656996
12.287079195772094
0.047902333270030795
0.5531718573220132
11.372975038477307
1.3565417576064647
0.5394728467617824
73.81739292131897
0.6902018814653275
0.23933479292463744
0.000859182677231729
0.6050083708141756
5.4471900328062475
0.9157504525137483
2.889028798948857
63.962611063965596
109.5735289738368
71.58066948505802
2.433492355292401
2.6274102803508868
0.03299581136525376
10.218599029107281
0.6093089568457799
96.95410694980455
0.09305536706233397
0.25308139759727055
1.701459878251626
10.323054598033195
6.378677476215671
0.3075825966516277
30.028306309090112
0.3758475664544676
13.27808198979983
0.0022644034688710235
7.500045316821343
8.02101082502486
33.42815535871341
6.910197070414142
0.09765878297912423
1.047009255973535
0.2594702448877797
0.09586855447923881
0.5051093538095301
0.05114221231997362
0.7693948445485148
48.2266516908785
2.618978305865312
0.06480765448941384
0.2667834227977437
0.1276833127885766
0.65899708293
35.33368181728656
0.09881602121822652
3.6378874355359585
93.88296983216787
0.9254692778813478
5.646551081466896
0.02445241401073872
19.96878955763532
0.7081609586603008
0.5679888335362193
97.96600550321455
10.121948595995491
29.215653300863778
2.9449197317262588
0.25824383133658557
5.644934547479352
0.6950971940350428
1.5997265740734292
5.290075125314615
0.047899568096909206
4.482229148332408
0.5854475699779869
0.7051537666993681
1.513654472080816
0.08956349532309105
0.2168521437633899
3.9125855979000335
97.78970047185067
6.139483848834061
25.85484793467913
0.6068206661038857
9.10364877709435
49.99817419565079
11.514154911656078
0.03010397019534139
0.20764986723588663
0.7691136703870143
1.240791520318453
0.4044981949227804
11.955397454828926
0.8470077662568656
1.2391884528115042
0.6277072441589553
0.20855303058488062
1.0589752393279923
5.1923327315780625
7.586897171553574
0.3859777001271141
0.7252743999706581
6.192640076787939
0.11917869045646512
2.7797068048130313
0.4110928129084641
2.969171340497269
0.17301261285319924
2.0946419636129576
1.451141960991663
7.372776349453488
0.7586177596349444
0.7228462645944091
15.930783230207453
0.11796017312735785
0.12707510787731735
0.9386392937121855
75.42283080209017
0.14713236450552358
0.4327029530359141
2.1529232738539577
1.1236765170178842
1.5519733935288968
0.3538778524452937
0.12061536307373899
194.98590035056986
6.852930024411762
0.041879744378093164
31.160095168506814
1.6189790008502314
11.383614993359515
1.1094268485503562
3.6596373254687933
7.68324564028444
5.063466533869359
0.5544037148647476
0.5026128614699701
0.1111410394514678
3.154752427493804
8.024286098156153
0.14795255905482918
0.9711362836642365
0.10119769432276371
0.1652289854209812
31.009331239551102
0.8156210784181894
0.23432357943602256
0.09299089154228568
13.98730833290756
8.44848127232035
46.40083285255969
0.8254515270928096
8.47884622791753
7.024585802817455
6.486185214078432
8.438761744488147
0.5969237344470457
1.3657315729469701
1.2007188294846856
5.0431794688083755
0.015558449515083339
0.04655212482975912
0.9843798478686949
6.769428574672929
0.150649008101027
3.128846620900731
2.6308840992751357
0.1242323984952236
0.25499092744939844
119.43577773543802
2.146973699251248
0.7329637108341558
0.9429400600020017
3.5718605394613405
0.5847419257224828
19.16255785096655
3.258980497968878
5.345803055915894
0.5249819186501554
1.7403741450907546
0.3366328598567634
1.8052500332632917
6.564966363090207
89.31721219679821
0.056249910023325356
26.417156899216934
0.10380836916010594
0.1698246371197456
2.1973016328411177
0.9387149639151176
0.6817733460520685
2.450365770713688
15.45617780747125
0.09692011198421824
8.67864816227302
0.6797292186456616
0.2736830469002598
4.588061775870301
0.244027425225795
4.9848996882392385
0.38694111899167183
7.493831296880671
0.5574009262345498
7.234312861808576
1.417768580999109
0.15295044390586554
15.463261133456399
0.39730627070821356
9.215531302830641
0.07917674928467022
4.331969613878755
0.2146171495442104
0.5138793472469843
0.4700443981346325
0.9004477214002691
9.529754183706245
20.3883237866321
6.935699626345013
8.32306669630998
17.3282664371618
2.353229742311669
0.3753816223288595
3.7208679644900258
3.0949624149179726
0.20582970586474403
7.990374341774441
10.639749821355508
0.28233480640119524
3.9770755617319082
0.04720925892615924
5.884275952619646
3.5746474435873097
4.831189045580686
5.952624213652598
0.190774271486589
0.23852912566144369
1.1241598000378872
0.3191512909361336
0.09957189598571858
106.84046240062162
1.1340088519609708
16.28812932807341
0.10676193451945437
0.4208095110152499
2.1838531257344584
48.188231119733246
22.669309278782748
139.206179095876
0.07930061802471755
34.68557113522911
0.2276991959042789
8.351611591853725
8.792685206954047
0.15159865889290813
0.15107589004765032
0.022962637587625068
0.07421245989826275
2.2804541087098187
0.23085061355232028
0.24341830565026612
0.026292693819414126
3.2615482954715844
0.17678555627571768
0.8715422405584832
4.181522824048443
0.2859649947095022
1.6694704550718598
0.009867037668300327
0.4080248126119841
0.26625592077471083
2.3292621419423085
0.3257284191495273
10.994132039784745
44.11499452801945
0.6457051213910745
21.403243801956705
0.6343084116597311
1.0980079780274536
1.2061062353204761
0.20786278312152717
0.11625891169387614
1.6135169855951972
