2.319046801305376
0.2687699958041776
0.1426790066761896
0.27122464109561406
3.0050558366638143
0.0353680036496371
0.7995235759299248
1.1337172803177964
2.497726188885281
0.35998870703042485
1.2501920775393955
0.5927348592376802
0.09133116665179841
0.013014927128097042
0.7084640022076201
0.6320840044645593
1.7928997784038074
0.3064596196054481
1.7192736160941422
0.08604733689571731
0.014480552956229076
0.6406846741738264
0.3373578854952939
1.7378516747849062
0.14781054013292305
0.4510244993143715
1.391162768646609
1.8100830925977789
0.22398290943237953
3.1682543227798305
0.26233497355133295
1.444895861117402
0.726021255744854
0.5069586947211064
0.030735649896087125
2.582546226272825
0.04582719734753482
0.21506315263104625
1.6786785096628591
0.3583666329504922
1.355576499219751
0.5547923487029038
0.668305698025506
1.4985337427351624
1.639575622684788
0.9990393423940986
0.006889401644002646
0.4521510892082006
1.5451239079411607
1.326825848867884
1.5516256315167993
1.1054233194154222
1.7479451322287787
0.4378821713034995
0.851441093836911
0.8104152752493974
0.8259108248457778
0.11189811764052138
2.305593273777049
1.2522984893003013
0.19242764843511395
2.2467232561612036
0.903837231482612
0.8173989987117238
0.39494057462434284
0.06973308624583296
0.38489260751521215
0.6417318607273046
0.27658757343306206
0.3113643436226994
0.09126559030846693
0.9940854483575094
0.21820540583576076
0.9324456040631048
0.8431377597153187
0.0946509113709908
0.6521457034978084
1.7088322362396866
0.13731752801686525
0.7592957269807812
0.1420028289721813
0.6815830582636409
0.7899058844195679
0.7174471503822133
0.0857552773959469
0.8303341395512689
1.6472427154658362
2.7140784599469043
0.7430709988693707
0.7402066341601312
0.8960265837376937
0.0019509061821736395
3.136127893696539
0.4827017622301355
1.589695985399885
2.034975676360773
0.2045630948850885
0.6152365312445909
0.032321943406714126
0.20919843748561107
0.877131471352186
0.08145589884952642
0.8386340074357577
0.1885603156988509
0.16677357463049702
1.2528157316264696
0.3190770577348303
0.07644147059181705
0.6714780989859719
0.25436497962800786
0.43305003209388815
0.5533707501017489
0.7271706456085667
1.3640947223466355
0.4162397445179522
0.12001994391903281
1.2622061423026025
0.09804366892785765
0.2293073135369923
0.15245927619980648
0.452919985022163
2.402847781922901
0.7424098537885584
0.4196938461973332
0.4968667450884823
0.022948757890844718
2.688261365838116
0.59089375869371
2.0424424853990786
0.4811038247717079
2.118722099927254
0.7370309726975393
1.1624198846693616
1.6386752194084693
0.002523165283491835
2.358133943838766
0.00529999312129803
0.6016373748716433
0.6857922502967995
3.046423504158156
1.1103554708824959
0.09024149781907909
0.10971372327185236
0.6806361101916991
0.01470135647105053
0.10305576576502062
1.5842862675781362
0.7486006322724279
3.6656704318593256
3.0483205864729825
0.13172703943564557
0.036893192504066974
0.7948666696320288
2.498340557096526
0.3322285173635464
0.6004844585550018
0.04057517249020748
3.5273520594928414
0.5357364831143059
1.148004896385828
0.11742359399795532
1.580379481165437
0.5862441082426812
0.429324583732523
0.16406205800012685
0.810882986872457
0.4438903576810844
2.1551617884542793
1.9866195421782322
0.3274583590682596
2.2769292956218123
0.8577588482876308
0.5425518853880931
0.908570055878954
1.1938817284535617
0.21810449846088886
3.677390423748875
0.0003229768481105566
0.13997019390808418
0.00032104243291541934
1.7536377109936439
0.7483930698654149
0.029251831088913605
1.9783325174357742
0.23671600516536273
0.1976446385087911
1.0124121055705473
0.033837529277661815
0.673527715873206
0.09736216202145442
2.186031557590468
0.666693169332575
0.3071783968480304
1.4367332918627653
1.3300683296110947
0.33982752831070684
0.589964249113109
0.53192896861583
0.17783270371728577
1.698908606544137
0.19039809436071664
0.9308350670326035
0.7202518490958028
0.1154352052253671
2.8788111781177577
1.211413727432955
3.4026949288672768
1.5348915791837499
0.71556360978866
0.03635057000792585
0.48390006422414444
0.5759011041081976
1.1694594163272996
1.5250936656666454
0.5508249727427028
0.7127077697368804
1.383970359544037
0.018943916773423553
0.060843727493193
0.45449647220084444
0.2563728400564287
0.3311531617655419
0.9756142558180727
1.283152381714899
0.12256614796933718
0.18586088842130266
0.5722926366142929
2.8847751546418294
1.1017012523661833
0.2639160739199724
0.957369739189744
0.31756649145972915
0.5665661121311132
1.260477556643309
1.6289859253156465
0.3237221802410204
2.7699085959757213
0.10631454829126596
1.9872971572040115
0.3317606837663334
0.3876636797795072
6.871103299228707
1.1088975943275727
3.301165666343877
2.947830852761399
0.6230949886376038
6.486270792403957
0.7333548068709206
0.0661144319747109
0.2993408119655214
2.1129600745625794
0.18491747317602858
0.4513988589460496
1.0959105186339002
0.1383711902599316
0.12371936926501803
0.6362933948112186
0.1571588652441278
2.7107332728337497
0.7081984077813104
0.4329413615341764
0.12959288578713313
1.369343431753805
0.11754862370435148
1.0394653680268675
0.27518275487818755
0.3489058878622018
1.1438722676539328
0.06569174220203422
1.8052667150332127
1.5059770471707452
1.535720814485103
0.1553936326818075
1.0262720190221444
4.007249714864884
0.43581627612002194
4.414151576667791
1.321366934775142
0.9778720153262839
2.232155437464826
0.19871385596343316
0.6222660297935363
2.0714433224638924
7.474379741383018
3.83703482610872
0.40557148994412273
1.1953721176250838
0.1651769569143653
0.5498914539348334
0.5367352046305314
1.556775720702717
0.467637234571157
0.6537912508938462
1.0754766722675413
1.4382462185167242
2.3096944792487193
1.2567314106272534
0.5053696415561717
0.07717051907093264
2.3421648812363856
0.29186805634526536
1.1726283513417002
0.5159128644154407
1.116066351882182
1.6695194265048485
1.9422636943054385
0.3527144291147124
0.24513237035716884
0.4652623603178654
0.02560005654231645
2.4014926454692613
0.11030841764295474
0.06781482600490563
0.3023361574742012
0.3228870650928002
0.5232045144075528
0.21598479693057016
0.1268064285395667
0.21975850782473572
0.4614579101325944
1.2850889790570363
1.5853788409440313
2.0740696693537757
2.1978460255486425
0.42250574167701416
0.697568632196635
0.7668292883608956
0.2682830684934743
1.319425311870873
1.8730740504106507
0.8705994485353585
0.4200627323007211
1.3667705889092758
0.944672534824349
0.8815061776258517
0.461063794180518
2.5059690263005905
0.2559920305793639
0.08500711608212441
0.0491800889139995
1.393636856955709
1.4579633291286882
2.3005158146843314
0.12760148523375392
0.009114450542256236
0.5588722661486827
0.35153268912108615
1.0012075205158908
1.3094571585243102
1.1436434434726834
0.13591140930657275
0.49017600642400794
0.36262977178557776
0.25026880684890784
0.051759439607849345
0.09126003351411782
0.10886477632448077
0.014059366687433794
0.1722362152650021
0.04909083602251485
0.32291711776633747
0.506474306457676
0.7139704937580973
0.09919689808157273
1.8116125990636647
0.3719690734578762
0.3463547599967569
1.701064522814704
0.46850497627747245
0.7201400595949963
0.3676818130770698
0.8604624303407036
1.8733345073997043
1.0705520859337412
1.41067600241513
6.6667578815540764
0.18628625481505878
1.221922362485202
0.19732110376935452
0.19119247983326204
0.9819057455461007
2.660991480399389
0.11366434718365781
1.5214332340692636
2.574471876898315
0.08970641490304843
0.515106659498997
0.8251609007129446
2.3257882432371844
2.4706373005756177
1.2552679260261357
0.48451386447413824
0.866380605410086
3.1675532863591798
0.6852074232010636
0.5604731099447235
0.43265329900896177
1.7497028996003792
0.16521670314250514
0.11268313342588954
1.8238415846135467
0.678911022900138
1.2099223595578223
0.24091703566955402
0.4467218444333412
0.07663699297700077
0.43038704109494574
0.7029536045738496
0.6449628597765695
0.11813438273384236
0.12707741677877493
3.011214212834602
0.8183370003534947
4.155907042120816
0.3515668306790758
0.3575925054901745
3.6953379100887105
1.5734018678194843
0.15136862342478707
1.248436601134017
2.798159859055886
0.6656201800506096
0.8445018769998569
0.20681984745897353
0.020381213311338797
0.485811312799342
1.3628728114126716
0.9520668171753641
2.3211034810519777
0.4298369304742664
0.5481683897378389
2.0638433900894597
0.07452623237622902
0.14719682195573114
0.18927591206738725
0.03551849999348633
1.254726288607344
1.1333309216715861
0.08196248160675168
4.607510435627773
1.247982275992399
1.3227354658592958
2.1715462761640083
0.36671556849614717
0.7916840661200695
0.02480797452153638
3.9557344478962477
1.2459786090475973
0.7512875013053417
1.8600769075274002
0.2982454499870073
0.879884508496616
1.3036534784478135
0.5717627704143524
1.7549110356194433
1.6457130683993455
2.7112583251146134
1.8298436262994073
0.6900328541814815
0.08876128020347096
0.6060515912540723
2.3346928666869644
1.9524217495636549
0.48816810245625675
0.5387465845269617
0.18615800453699194
0.4362699370540213
1.1415561026369687
1.8086240656266455
0.6549614118994214
0.47665733014582656
0.1319106100127101
0.9892668799730018
1.1994996548455674
1.622480729885865
2.06922875251621
1.2430827485222835
1.4248557348328177
0.13249289183295332
0.391368886543205
0.1995906081283465
3.0475368864426855
0.11260840567410924
0.7971959517453797
1.3691659526957665
1.0124048944562674
0.33408303721807897
0.25386385893216357
0.9655884167586919
0.4748935727402568
0.7668853455979843
0.6177908539830241
0.7843179557239637
0.10548741990351118
0.017105450824601576
0.11589975559036247
0.609571770473849
0.2142470622784458
0.47720012147328816
1.9435979696863797
0.30775148622342385
0.5112976619275287
0.30899732976104133
1.2569825017999392
2.2905385802150704
2.6202448453113902
0.08761827670969069
0.4537185895605944
0.54474204411963
0.2802240445744246
0.339868451730581
1.6793442837370094
0.944260424003005
2.0305244450864848
1.3339580106548965
1.0034530654957052
0.1796055617451202
1.8443260581698269
0.5287970445351675
2.325667928875191
0.046054743201239035
0.5201945784501731
0.15169688005698845
0.8713635717285797
0.5794017521839123
0.5375651998620015
1.0021265928226057
0.19869640190154314
0.29551981354597956
2.5951335812569596
0.21535741255502217
1.1993619449203834
0.9026757959509268
1.1688984435459133
0.36792558795423247
2.733494696265552
0.9576052863558289
1.1070707910403144
0.171562259842176
3.389864463242702
0.8648970754584298
0.871462892042473
0.3594856911513489
0.1693518015090376
0.8690541743999347
0.9562685310374945
0.28654738882323727
0.5344047505350318
0.8776185234310105
0.15297180239576846
0.03637926932424307
1.9568584620428737
0.7927477130724583
0.24710457411129028
0.11833187146112323
0.6134794997633435
0.4098994704254437
1.3547016289958265
2.31467388139572
0.12917056531296112
0.8788246653566603
0.27642490435391665
0.4837688772531692
0.20470769578241743
0.32062204799149185
0.4569422379427124
0.06319133480428718
1.9592755511403084
1.097595064464258
0.33607291569933295
1.7489625795569737
2.2743571525497828
0.35694603991578333
0.1983140972442925
3.1302460285951383
0.2795608025044203
0.8963815529132262
1.1408690617245156
0.25813274065149017
0.09222800156567246
1.1904212903173175
0.37478781121899374
0.16538932724506594
1.9034423725679517
1.8277924201393034
0.3633039703126997
0.4926906755717937
1.3131266615528148
1.7539536416588817
0.5167796238674782
2.4358591295895167
0.20997341340989806
0.5550993720244151
0.12186636668047868
0.6426040428632405
0.1640095504699275
1.426729702099692
1.2797937192081008
0.6184172181820031
1.1253994095313828
0.040043739369139075
1.1697510481753852
0.6851927554816939
0.5800892896950245
0.003865091421175748
0.0018051908118650317
3.2995227025530767
0.637011098820949
1.0066189079079777
0.4478855529159773
0.11149208719143644
0.9455605608527549
0.07901965317432769
0.07062254473567009
1.4283631371799856
1.0371576932666358
1.8488166981842369
0.7110644681379199
0.18189967924263328
2.7225069043633994
0.6497750092821661
1.242218532715924
1.7081237467937171
1.3457167721062433
0.01539795464486815
1.6928232915815897
0.7345808775862679
0.578206904057879
0.1123868839640636
0.2023799060843885
0.8100229475239757
0.8544944575987756
1.892935342504643
0.6647491699259263
1.981866793037625
1.6491365718829911
0.8584407965245191
2.8256875676452182
3.050416599144228
0.19422639108961448
0.3269086732179858
0.23162746289744973
1.0202117674634792
1.0108957393968012
1.024033368070377
0.16919299878645688
2.488371419836767
1.4594864785613026
0.32672483372152783
0.009476291335886344
2.0854872141499072
0.3443567160575185
1.4885043770482298
0.38252517592627555
0.06098899521748535
0.8851987657544669
2.340030476800166
0.19052358294720761
0.3948175942641683
2.583293959905859
9.160847024264513
0.08398689184105024
3.009661112067988
0.17190578393638134
0.5118457326025236
0.45944665957358666
1.1319704217894468
0.057386110798688605
1.5583586653519887
1.63104260613909
1.2903177278058138
0.41029547969810665
1.7463703083922155
0.7715451659169048
2.22339275086415
0.029706515866564587
0.9810753531346563
0.9388842893531546
0.6880889526510146
1.862244285613997
1.2097431331931148
0.7657362197933253
1.503330110834213
0.5084125231369399
4.433166988834273
0.0724191140034236
4.272988359880401
2.114843016694067
1.400520660507027
0.2706008501991164
1.9641175388533156
0.6969389132282231
1.2766942424932495
0.6353693603596184
1.59380286274245
0.28949564971844666
0.7897796493198257
0.22674855290097184
0.8368685645109508
1.517403333215043
3.9763970855856314
1.3648889880278148
1.335015025222674
1.789391626167344
0.8732039586466271
0.9108606406080071
2.1656525178113952
2.4294987432076596
0.026078178081661463
0.21382060210453346
0.16197896187077276
3.5238231677212752
0.26133359008235857
0.20989469540654682
0.6234914089145605
0.27302107418654487
0.6321764673048165
0.22867040176060982
1.1755211788986344
1.3168172990554012
0.41767817724030465
0.013380535441683605
0.6912251414323691
0.24227893725037575
1.9678632165596355
0.1090720598003827
0.004616909573087469
4.354844565823441
1.4830512302869465
1.069111662945943
0.35488893458386883
0.7268908875121269
1.471074025525013
1.310881210869411
0.22677661295165308
0.8841874986537732
0.15947442592005245
0.19499525346327573
2.017878295475384
0.1062116778921336
0.34665598717401735
3.073599843715783
1.188726453226991
0.637566127377795
1.5718023452500347
0.6800880130322184
0.08929333867854439
0.3152237674803473
0.5073523541796021
2.1595744536898565
1.4848436839529313
5.006083335611038
0.0019380651647225022
0.9964638099772856
1.0619165110692848
0.573083895345917
0.05748613300966099
0.17299935943447053
1.8704777020029724
0.590363854309544
0.252482410724042
0.10963114714832045
0.9633167371212039
0.29134639256517403
0.44951964778010733
0.043956229696050286
1.0945728865626734
0.9578814388660248
0.36903230092138983
0.32920052550616674
0.5651496304781176
0.030417600471992046
2.523786619945895
2.621902556886198
0.0292003481881693
1.7160041498136707
0.7653838947881013
0.2266965009039268
0.3535629689868074
0.1024298521806486
0.6568802013061941
0.8950577236537356
0.21681643422925845
0.2491135349846445
0.5081947951111943
0.9759275086980779
0.35029777861200273
0.25217548685031943
0.8648549697827548
0.7931668212113436
0.030157467379467562
0.580560951231746
1.8864320550637785
1.9882858966011554
5.89960156311281
3.0406325087533332
2.5265101531986147
0.7605747411435004
1.309554825827945
2.4224640316679142
1.065539323433768
0.5277643169101793
0.5705771227658261
0.05820963336736895
2.91080207345658
4.404761952755507
0.47932299599051476
0.06940888575627469
1.2065676439669915
0.17487593615078367
1.3840731884120032
1.776855125790462
0.15871084880200215
0.43828536639921367
1.4507815680990461
0.8490298714314122
1.9149554615141824
0.8875045845925342
3.1394155976886395
2.9654858502035495
0.624702410394093
0.9568548857350834
0.5653789671778213
5.623204828123562
0.544663239386864
0.6514335280226078
1.345848423166899
0.4793103899282869
0.022582509234780446
4.317959999199957
0.008781901124166325
0.1674285380577203
0.8125118022144306
0.08457639763946645
2.2014247355400585
0.3074894310848322
0.3530205046699848
1.3015287224843632
0.9593593975296244
0.44632387461024337
1.0009985209035221
1.6830964714172296
1.1024529365531635
0.08233015311998315
2.1660388833261095
1.4217001198267099
2.2129319853847846
4.396153566427529
0.10555497245513834
2.4603971767646726
1.600662061071489
0.034235621336847544
0.3147274683578871
0.023088842892320827
0.4032603437663056
0.6219703309179749
0.23288913175929338
0.25359539096825756
0.3260154679301195
1.5599129867332522
2.2711883797310293
1.6372626056254376
4.8372503413120285
1.2322690904256888
0.5762449821049813
4.529461347905453
2.9154650266864337
0.36806151215569116
0.35768191670649685
0.6750775731925387
0.20607744439621456
0.0827273779141251
0.8683304878941271
1.3275964787171688
0.2256229540798813
1.221856513642706
0.18716983668855391
1.8977722323616035
6.2016651224694215
1.271981813799357
0.7978961100743618
5.580516898247879
3.0977986906073056
0.6017781687842216
0.4899865424958989
1.5631610581767745
1.3964827034214977
0.9626840463024564
0.20132734402432106
0.4393918043933809
0.04507463698973879
2.538571358396439
2.174151498824358
0.742569470545277
0.19576614815741777
0.7259681387804449
0.9431507281551603
0.9413696063566022
2.0610009198717307
6.1458753368933685
0.10258444340433925
0.04904963032458909
0.7287032223539427
0.3305969137873035
0.5932959807687439
0.8697119653515983
1.8384161865105852
0.34651669693994336
0.9950049008766655
0.2286962894431781
0.2507622537377756
0.12260938380495645
0.20769224743708037
0.5385702601342928
0.05905664767487906
0.6905071623332333
0.7690641548542771
0.39989250811049715
0.2083186995005235
6.609006482263794
2.635568188095931
0.3777482201112434
0.13211246285936795
1.7112787372607272
0.6140000513114501
3.9429949842160568
0.36474881842150353
0.24967612684122287
0.7963131809956394
0.7919155963754747
0.8016164709697478
0.5219229356443975
0.7157815165410284
1.347251767059788
1.9656118784623686
0.44509997908608057
0.3820718433125876
0.08467766080866568
1.1572242566326167
0.4829307099280413
0.234853016998386
0.656207842665026
0.8631961322098505
0.3170762781810481
0.9067500277014915
1.6959029672725592
0.24660264735575765
0.9480630068574101
0.6496585232089274
0.8139550276391674
4.555184016411658
0.9238582350080833
0.21841885781032033
0.0456565591157414
1.3604630112240557
0.038615341938566417
0.17976408457616344
0.09227996316622011
0.26456534763565287
0.08239780817530118
0.09374074803781696
2.9393218081677333
0.6058625419391319
0.9732647761120461
1.5080056831939146
0.08105820018681698
1.293462409550557
0.11502378669683821
0.31196917427587323
0.45598105786484666
0.3564463842776604
0.05564403970493004
1.853902485629078
0.5716387941502035
0.876154312689323
0.571178999991389
2.4327446976094507
2.385939790518023
0.42878489987924695
2.2854045909189153
0.02631574118277058
0.8054034530650824
0.5967591805674601
0.8198784373234957
0.13488059781957418
1.4979687898012344
0.011285873217275366
4.837281040119706
0.8997439026134089
1.1598670101666357
2.2279437746619806
1.0231040437938645
0.1684223246993497
0.3171331601624843
0.4381280360103119
0.9012614785169717
0.26322669014916755
0.1710427356301807
2.6494616512209177
0.7840304197743535
0.6329549567599315
0.7302472141745966
1.4101648224459495
1.2956960423616692
0.18291050937841646
3.0938033992424607
1.3849731040827464
1.5414842351165134
1.306396419997327
2.032345609710319
1.1545733351667877
0.036861389118712395
0.20480568270431831
2.287858863128349
0.7053142998483963
0.405960806645453
0.8865607882034965
2.347135465912288
8.598764287307858
0.09702434757491574
0.08199812559178099
0.68428732448956
0.9602864551125094
0.34312989143654704
1.3148961643164512
1.1043470096192323
0.02608728944323957
0.952297235984588
1.071528797299834
1.3096359738556203
0.5975195071659982
0.41053034833748825
1.7734401024936233
0.9021478753711563
0.46623736538458616
0.5907932154950686
0.6991853050421923
0.1431184381362982
0.46751050336752087
0.962993238150375
0.028077850060071796
0.9649983312992845
0.8189388661412522
0.3470571944490075
0.4450707162905019
0.81700672354782
0.47357164064305834
0.110523742827354
1.714627703971928
0.05075374344596639
0.5226380468520802
3.1412051921652164
0.20196910039521754
1.9686311715340707
0.6586632542312145
2.235982521000551
0.15245813317596912
0.1973032654786948
0.2634625370847061
0.533788169210311
0.8788799625181127
0.2685021540382877
0.6396972804213874
0.12839335590251721
0.23206246001063846
0.0574767837242689
1.7911776979162823
0.5875885196728632
0.2777148609457072
0.0908497724449262
0.17862494391738437
0.05423932586563751
0.45984647067962214
0.16938956652302295
2.5539084081246983
0.026322228281060234
0.7909331028931774
0.17880975193111226
3.714875786099583
1.5661114257818554
0.8564777083229274
1.8179840554075781
0.15544411665177904
1.2725696635607164
0.22596896704635583
1.1184091859031469
1.281774359580595
1.4991979560873006
0.9425753215909936
0.23838970105862245
0.0709341472829692
0.018244070903165266
0.0332072438322939
0.24502155985101126
1.2322019146813545
0.49311781860888004
2.7913024193549063
0.5680958992161322
1.8773954731295817
0.1488699997717049
0.16487113744369708
2.241939786297735
0.0504844720417168
0.7822839546424802
7.149099925416522
2.143738184327958
0.40170213649980724
2.3574884684348945
1.412655753083527
0.5051954718946945
0.5740611558721866
3.1047079299751204
1.8835216017905623
0.6244994013977703
0.2710973635839764
0.40677573697757907
0.004124055529246107
2.439744577743113
0.18668223830172792
0.038132458546897396
0.4203510205843486
0.00950414119870402
0.3723137665656395
0.6294510153820738
0.3202050818945281
0.5879696063057054
3.1634209141193423
0.542495806934312
7.1367894056020305
1.1486475756100845
1.4682947664987296
4.732339514011983
0.03568281416664831
1.6443697149516083
2.7158045468095224
0.9455492389970459
0.3629114030045457
6.412318182643503
0.35795104585122317
0.15405019093304873
0.3574191484367475
0.31878573348512873
0.3982382400718052
0.8388528160867281
1.3781751438800711
1.288354499702109
0.7393058585003018
0.38625796101405285
1.205181713332422
0.45076500202412717
0.830278622568585
3.601286575663835
1.0365876252762973
1.209876159002306
2.3796259550144896
0.4144519720284734
0.8560211297881324
0.2783287298225332
0.03516110629425384
0.9618024414521642
0.6710248275485355
2.0263656321913004
3.606963187776273
0.8447756602545269
1.6674238935811445
4.5867150788835716
0.6701710913621355
0.09973221391555853
1.755439844186185
0.05753557395655662
3.7968538978602737
0.010938915278529748
1.0125734913453925
1.7028847054461949
0.666760741150938
0.2779103934299201
0.1893477451230865
0.41246296107419766
0.9698112236219458
2.316719597351039
0.7126496179262176
0.6178613431984559
1.862194575893227
1.0894782340619713
0.9715318887319881
0.5040874279511627
0.0032291776733472943
1.1130729260621592
0.0953100111510139
0.11173585601500235
1.5310811844829004
4.270462048094487
0.20113286093692295
1.2086013289226685
1.0787856177485082
0.942842553689843
1.029271049919771
1.0459118460712489
1.199405989202205
0.4169202568300534
1.3128838730917778
0.5724897936161142
0.18121842420077883
1.3943643105158117
0.05584940017433837
0.35015542089240626
0.773105037456844
0.3534464562544599
0.7492666646721773
1.1575012406974565
1.69514368660748
0.40269181327312253
0.698055364046013
1.3265057594690006
4.31873505198746
0.8879738971590996
0.5978675233782269
0.4645975185849238
3.690480231161928
0.2934505624289159
1.6975280474580359
3.103477551951073
0.886922092322493
0.1490041911310982
2.129886451002676
0.8167876463267021
0.26983576227212325
0.33098352927481756
0.014891910017468035
0.21332878337125294
1.018236975563923
0.16991936447448097
0.2837549873802345
0.20959137447061948
2.0386276309145615
0.04791408742312342
1.2032080600911286
0.891409163858043
0.4165090173482895
3.4806975803221576
2.0850676750706043
2.3010511167522054
0.20571595552610233
2.896448539715493
0.30979671113891527
0.17775615549180657
0.07492369384272024
0.1898227829951793
0.47903724818024784
1.0716688939428423
1.1897403784678318
0.15631419318378903
2.260299144341843
3.5782859369937796
0.19781256510759704
0.1114782465447206
1.0417068460665178
2.6152048696239945
1.1275379101280123
2.4804880335577764
0.2716921829560306
0.3365499910141807
0.08705606308649294
0.3020807583234273
0.25268294438137673
0.8819281730102375
0.7735772967571393
2.784295017248951
0.5912679418397602
1.1270723142952193
0.614340179861756
0.1440372870711144
0.1812433238956146
0.7986849225999322
0.5558451122196857
1.4559649417642504
0.3519283026107587
0.9382687670295127
1.803300451982068
1.9665120978897903
0.6862374230986461
0.1259810348856263
4.421831884974381
0.08761520628468134
0.20452662630123086
0.35426018011639826
0.22626175565528683
1.4675700074003544
0.531425722700078
1.8086843327037059
0.3383709332556464
1.4438366316608153
0.46605421078857034
1.7724353422236163
1.273318271851167
0.4907759055204224
1.029782639729092
2.2125397991912905
1.0144879041181412
2.144432322587818
0.49137857361347415
1.9593575561593752
0.3373906828055624
4.910332461236976
0.40792253546533175
1.9974494985945057
0.24156940320972353
0.567910979676526
0.14398628045455553
0.8551333761133719
0.013534622063161805
0.8811500266019721
0.034829530195565894
0.6535348218749277
1.9359056376561057
0.8501820640231017
2.9410398915060796
0.17743961021187715
1.824051909847185
0.8329768600815441
1.160431389726
0.6363449063210282
0.5228254311368801
0.38459385573514737
0.02179776641423814
1.3310248887573835
1.2533825916179921
0.7013495441351552
0.7805207271594554
1.3051228277327027
2.0337559315084945
3.521881759224925
0.2587109346932266
2.876275404036278
0.8509255922108423
2.2418421194306575
0.4129340884683188
1.1522494307137094
3.0161167634942103
1.9667004545917735
2.121312917675823
0.3453626940608956
2.180584141315194
0.4178629615344107
0.05082353125908412
0.1623944409948308
0.8997464530984871
0.9741005208925344
0.4411931867362
1.5673930488992482
0.23177622823277488
0.6310311101842672
2.474555237480672
2.0788622895197477
0.015411936707096174
0.7299327148648445
0.2922711434948724
0.5093345576315187
0.24893876520218328
1.0310090146958828e-05
0.06027372198877856
0.2708056828996632
2.5760397827543784
0.08072742031072266
2.203344688314246
0.20352556684520096
0.836585346260108
1.5968069387599826
3.81842762438464
3.5251010242209304
0.09916440819506533
1.6544364923611283
1.758900716318749
0.9118121508799959
0.24569088307907805
0.07813937644823454
1.1802715171361342
0.9579081959673204
0.3100621015764773
0.224336870101979
0.6448286444356199
0.3540832955040969
1.6269715541857295
1.3467615257250145
3.7154615584295243
1.3647747457725927
0.9798824913741555
1.2972737483505625
0.18480909717618488
0.11250512453261763
0.8165277454536408
1.0334015824482776
3.167330631404184
0.5448107191477902
0.3303714621288236
0.9600316487485543
0.5248111303662881
0.987677196128061
0.7530510171491187
0.6464409375621472
0.7468887359718792
1.001623126998311
0.2750143418670632
1.213756160257617
2.942028357734671
0.3681080122187268
1.5836332104809117
2.207706898043398
0.577899688272737
1.1132382318028249
0.13256251756683923
1.1250306673755404
0.35919774949434213
1.8077240761194844
0.7763197058811784
0.4381406126485672
4.898404211504385
0.055180709838168696
0.8034174818021711
1.62583549899864
0.004758432129165158
1.952017046045512
0.49666053263354115
0.7088552827772219
0.8065503746038303
0.8621877728437539
0.6819235877192114
1.3094268222339451
0.7443710085062776
0.7454525335633662
3.6046675178804435
0.6436277410830371
2.6811180014628917
0.8581111133971717
0.5650647050642874
0.9152881827030797
0.5258539009082597
1.4811026120733004
2.030754722421989
0.44577979046152905
2.0581387347192504
0.41959721202147193
3.562569466448622
1.469822478160495
0.14361111499601975
0.5590939923131373
0.6913354234129656
0.09510148226399906
3.808641318231821
0.45054513338254765
2.5104371480701957
0.10418930239393376
0.1092470706498716
0.36322689746157266
0.08044555192464031
0.05074122312362306
1.7130908632534556
0.3344884792168159
0.5963009303668514
2.50827250952716
1.2552344010327943
0.28463555924827233
1.5435289893648587
4.699021426669788
1.878731532866368
0.20988759375177324
0.8194057257496752
1.8781204678234644
1.2564872537041083
1.1436318584892433
0.287151495780563
4.653429022699129
4.563051144970814
0.6026841947459616
1.4475198817672208
1.051803048729198
0.2826404770312365
0.7973224906018004
0.7408303640258964
1.9695114578935318
0.5709141459665261
1.0410034607339185
0.06570515097700991
0.28308349385042675
0.32487814634805545
0.09093948351801373
0.24713847157545388
0.23639841238036752
2.3501778311328962
0.18256750475848094
0.24854620310361497
0.23117298900615424
0.04465095515479334
1.8314442331029568
2.7920935881265905
0.41035342644318007
0.5164087443845347
1.2613268312998116
3.071489113441203
0.5827983805793338
0.07777461619116366
0.7394607778405771
0.5340385793533642
2.0648209439823404
0.022533764160471037
4.491739461373072
0.9907869501621462
0.17811414596508257
0.245990611059824
0.809211757092271
1.2519962872902397
1.0995524191530421
0.42218608848634176
0.4671458294324111
1.610313633835176
1.4935748429852538
3.8628643223200925
1.980723496642895
1.0886196312785614
1.4273835727071855
2.226121168350801
0.5270966789394151
1.0461514988564886
4.270486624765908
1.253225337015465
1.004274098755559
0.08767344822990708
0.2390285320871044
0.9211005438119173
0.2790631418756675
1.215095818246482
1.3461386822746135
0.28553904008003883
1.018336454842938
1.070808457385283
1.7593145928985905
2.5211279111390468
0.9920268636196852
0.19365339918294922
0.47300757965422235
1.5162557135918178
1.2374263180827256
0.11790672186180018
2.1228282446681987
1.6192106678790879
0.18958944201585837
0.7969394525571261
0.06239743932383135
1.1605010181374382
0.8694852713670116
0.06921757705276832
2.350810895295581
2.8213715438905638
0.3692132359719835
1.3015810407523531
2.675400552980136
0.14685033124987967
2.61521011943114
1.1825263003702275
0.0913394708186388
1.9292717211064883
2.761872714938363
0.3020502526196651
2.676802264963044
0.004705619823653251
0.3205006415664684
1.7955159371194895
0.3997155469551217
3.266241437580902
0.21574001188855618
2.492149669502396
0.14739392994670197
1.6848762551962864
2.649079309805529
0.23259716562461108
0.20718899072380736
0.42649520831764676
0.19392703703488223
0.01792976463912055
2.4678470995277166
0.1323382675764151
1.0775904507318046
0.11861053941538557
0.6560329972417094
0.3669375429453794
0.7158454045420513
0.4187798627826851
0.6426463117823005
0.3522839529905468
0.05551828182069585
0.16197756133624353
0.11988417382235639
0.7341906843939796
1.1790572941245046
0.9462755915883463
0.25589952743030153
0.8379737847135402
1.6190245455654804
0.6804054832318798
0.4955397156300023
4.45039795365301
1.804609542596154
2.648843710019719
0.63140805385774
0.27868513739667833
0.20477169880177826
0.048536845395574346
0.47632239674567245
1.7472199271433055
1.8869494209066033
0.6686728401400615
2.273751124215778
0.04687740787630901
2.668772966513643
0.3687741561734583
0.6387938105908688
1.2666475433798041
1.5850402469513938
1.9737917475576978
1.265746996505186
0.8114044973335695
0.9332751194306184
0.42806125595234334
0.2993268238788005
8.181229112116853
1.433386929827975
0.5628997175663244
0.791305255756015
1.0496873319789302
0.9129627668298781
1.8904068371048197
0.5111877177259885
0.3623524034919683
0.0069612554216291755
0.5817200885503553
0.3060867514286656
0.1446602673677262
1.7517912323819473
0.7065315989311785
1.6950081214890815
0.3383638244122267
2.6154844470438547
0.40696124703390524
0.5237468015984632
2.2550273888919037
0.39163306963746436
0.11143265891587362
0.41349225875455886
0.42493850950268097
0.6157047059678007
4.185980003356235
2.1979573836142663
6.213908007717691
0.0948389953118749
1.2331337174691726
0.2743464379454963
0.2626855760754552
0.5768030299514066
2.5585248147835955
0.6645152497803792
1.3622461195918731
0.03386763558955863
0.19635252060834318
0.12423993300762959
7.39107310315012
0.4099020496942103
0.4127795554813929
0.011419626709539443
2.183622586337151
0.8493147451081313
1.9684306090930477
0.7790413195325527
0.7897986182942986
0.9078047476068605
0.274471499142237
0.12488062598276883
0.5459527872444596
0.7625403948477469
0.15338107841671444
2.3155702484655194
3.038540167210158
1.296830059000058
0.40423879894660786
2.1076429687673226
0.587992703425698
1.3485521551046986
0.0593892619071994
1.1632977409753948
1.8018748010217678
0.0029411257710307837
2.0799579423619434
0.07080938506987877
2.24236650072271
1.9408835708745755
2.034167599340435
0.03332668275106698
0.21162935998290777
0.3311504365701694
0.6703901129076257
1.7949645046610385
1.103584312950261
1.3964695243921597
0.20055523287737742
1.1701740228163544
0.5258147412387189
1.6000346778018866
0.04926629739929922
5.811874868697487
2.4611345180601347
1.085596993129002
1.6114619133004453
0.05761564677231945
0.8142092531488743
0.00560756676713936
0.8478070468117949
0.5754289452743251
0.011270807677647099
0.5832839346840046
3.437342899473151
0.22729295238968916
0.8650341145112179
0.278553666168591
0.9365693713189103
1.2629888682859018
1.9714537042600568
1.4506449306209106
0.20743649441283196
3.791168986732373
3.414536225172924
1.9241769401414786
0.3651224567729514
0.6729226045426913
1.4084972983109765
1.4881674037314951
0.22919905179878697
2.5841925001877826
1.3471715698833577
0.7613978253211826
0.7791055718844291
0.006454222660977393
0.10026503409608267
3.547654196328949
0.315081704640761
1.0126836171548348
0.49553637858480215
0.4262496577575803
0.29949443507939577
0.14738604554440826
0.9221269412373658
0.03686509758699685
0.5919748146261554
1.6109899979783222
0.771066339337267
1.2303639891615603
0.8058890397078358
2.627387423766777
0.11724575844709761
1.7725041231606156
1.939394828863442
1.299723843607353
3.0300068309297785
0.08713555987924337
0.045640969736268744
1.5016356112319045
0.1384820192179177
4.487385691987583
1.4166466047754511
0.015712517080828547
5.5151769570074975
0.08557121924241073
2.309200207440881
0.5574066721019335
0.6571013396314811
0.4551155563094653
0.8629758333554491
0.2038750438950956
2.3905081635166425
0.5422930817585438
1.1614679702033754
0.20532551419455558
0.8172138014051598
1.1477533569268417
0.0456781274988316
0.1723384585347958
1.2056744820729364
0.20122703310335055
2.6964616231562104
0.3294930263364222
0.8199614807672333
0.6414699550077785
0.398506538302172
1.3921924297173973
0.08061847439967096
0.026576131029287353
4.3307755832211114
1.6748433724569622
0.7938740526151378
1.1129386403190438
0.6390183516195975
0.8312614347669296
0.29276674074935727
1.3753351435589138
0.4334254903078545
0.10275242110947147
0.5185725991905201
0.2210402119671926
0.5085914567462169
0.04668667068472132
0.02608159137889743
0.298381730215624
0.02947116002906114
0.9312063557445072
0.5982802954677027
1.4859670572332107
1.0457547271507792
0.08318727748701349
2.587871796946274
2.3356940218654927
1.1512807928374968
1.092726643430069
1.665228438709164
1.0374547679093666
0.15496493555838242
0.288195624074433
0.39023968009860255
0.3814178420288954
0.36272064174409024
0.3501488811452873
0.26344870272441767
0.02492761061876081
0.5462552385870367
1.0623922212107573
1.653507208044175
0.6938087123271544
0.5190885991323739
0.11966660272446461
1.180759600683814
1.9912893620494287
0.4227194254635833
0.3736729911179282
0.04574917099671438
0.29325249799876474
1.8481742271105759
0.48117033118614927
0.43530946553801186
2.8306672762264498
0.4881554396415595
1.5083742180431727
2.6492098792805336
2.589392698573647
1.5525378917518537
0.1462911979178898
0.5861931175168138
0.15021067549241707
0.3282025845546741
0.24925316171720624
0.5133126280270517
1.7317679810221307
1.891833343077451
0.11374606448225677
0.4120497353724204
0.058353916072519496
0.7964103075210005
0.10174699878552929
0.1842149635485839
0.8437269406858832
1.620799377298681
1.3773355701123364
0.4504717111121863
1.3213455123477615
0.6113716059189755
0.023707376822130755
0.5363615429378115
0.39621761030866764
1.4772239522717427
2.3291594645997975
0.1914276709430851
0.23885828486527316
3.829346013662871
0.31825719034532085
0.802635991742136
0.12200456572463736
0.4799957819341216
0.5095076751895249
3.452841227845056
1.4239603378227912
0.6673088169191033
0.2589902288746089
1.3145168258051854
0.7325060754374135
0.3112784007389564
0.1012711681833025
0.353989502415061
2.2327997607644647
1.7609129879274406
1.0333933875663206
0.15528112524771132
0.867632447683718
1.3646629120048601
0.24395077492226847
0.7730056988075376
1.4623164892254863
1.3363357179041486
0.584313156636199
0.5914783295593224
0.7637644996575546
0.5132806266483385
1.6139074765669648
2.6235122349171434
0.47952653098036535
0.049102531746029854
0.5436708360502962
1.0437285168736707
0.13255176483653486
0.2456979181151837
0.5138838478596881
0.19250119250500575
2.040202444564784
4.689051027322421
3.535957557207439
1.5803165405523032
0.30639933541533537
0.7448380854621064
0.11002910902607255
1.753467827802524
0.18584882232244126
0.07492547165020369
0.3729507080570329
0.22164894692832604
0.09911103968624957
0.024219571729190648
1.1148548987403046
0.012157482065958902
0.0436379351594951
0.06067967659328133
2.175227630272275
0.11756246225559153
0.31324983370723203
1.2123849267372862
0.3667253509047441
1.0959836622932926
0.5713182000617962
2.997063643357251
1.8796492992842104
2.15666316379793
0.3677215595089365
0.19276542693842202
0.5128137019928545
1.6049364855862223
0.2511557488469407
1.1401900170312729
0.030379774514585733
0.18284126903745346
1.1675124411995057
0.1657952656969428
0.021831760357599705
0.45428348568384536
0.744257182785077
0.0919541533512529
0.22876475536031649
0.8448591000924353
0.4806400731031317
1.0577680409769528
0.11081114478292875
0.4512422734987922
0.1675144624314271
1.4676410712127108
0.04120035649975762
0.011533965356647968
2.0853835699963383
1.673216057359241
5.457382642605808
0.07447638141456991
1.3518079007335473
0.27832209080224857
0.5331557569734287
0.21688385686138645
0.06534286087844521
0.46029984185588546
0.5408782049780712
1.4033920840593055
0.351142713916488
2.500762699288316
2.693541158863809
0.17600432605831884
0.5776148491713684
0.9752805635507684
0.5137733726587612
4.347716619697167
2.897778874845244
0.8397478239785414
0.8674009716196451
0.5387624784780201
0.9119168113102205
0.743037945474498
1.922606638079742
1.5631734661001246
4.848288304667221
3.1532986233360134
0.7515077856951393
0.06950225806212984
0.06347427304717712
1.200852476322325
1.3918707438278943
0.9618630050681531
0.36009112489409745
2.0941332639486063
0.28647517767967656
0.022035590198356658
0.2762415215256624
0.19464664172846824
0.18937995115993544
0.905746132339118
4.117994544067187
0.4999310547718778
1.2578780521580484
3.556774814729579
1.161917290679412
0.5542184212827124
2.4998446489335038
0.3522857940697577
0.24715060004382394
0.05829522106796503
0.39077381740207784
1.5361738626961596
1.0420963782235049
0.7338775022362825
0.4264787610154599
0.24513313657371327
0.3885394204116892
0.6265618953038938
2.4327126237913035
0.01852407815749757
0.7022317796654534
1.587166980287293
0.958179295877926
0.2428682532045059
0.571875137189636
0.9359375843778253
2.615277957782382
1.4757298062322661
0.10252386497450061
0.5306630789709743
0.7424170266313013
0.22208913584472612
1.2910264358506538
4.033138788101496
0.8707431098737288
0.7263614824041724
0.14407220369321294
1.1956455113831908
0.0881029927986674
1.76853427986498
0.4916445259877946
1.3928425513149705
0.32529561323462985
1.0404589531535748
4.75612295238534
3.7122544247249607
2.7773139423225075
0.9406324194569606
0.8576021637418307
1.6599101885803975
1.291057967406232
2.4181600630108733
0.18720985695836134
0.30457707750611007
0.4795539662009105
1.5829143576265778
0.8225046709412709
1.9975308532011695
0.4432795303873718
0.18578132899710909
1.3655612020229455
2.8641128707677126
0.8707656594051514
0.0874835814756807
3.793808204209199
0.8276429321267642
0.9668824835389387
0.3365956222405657
0.7118359872547444
1.0790723456884734
1.4923342739930376
0.3538161324104294
0.5483975044626277
0.4736393884231802
0.43372244166675955
1.2669342444860376
0.03400195966241881
0.029412947013042867
1.0573272331093904
0.12192556139780208
1.6462314562522806
6.453991812537424
1.1733297402970493
0.4235830669349525
0.8542362709704321
0.09743991287541576
5.316696623980533
1.1032942410674877
0.9937634400848765
0.2756392133596819
1.5581360567302909
0.10786393450689502
1.0107605162484106
0.46023838841938414
0.24742901846184395
3.63316567990114
3.1829790922638495
0.09454033337533474
0.934716322022723
4.825410658144392
2.0286155053181574
2.0989675664459355
0.6174684700381476
1.141015484725358
0.7550248185871169
0.3944957733619958
0.016343265277100727
0.46939132537227124
0.8694118372513913
0.523041714244755
0.7929678522923496
0.10075660387519747
0.030143251118715852
0.49512019733083434
1.9764013749954756
2.895272457652027
1.5209823936747853
0.40280969912419096
1.8060927300248295
0.8126966817071661
0.8911743319767993
1.8071779425954446
0.291725646937266
2.2261733151681256
0.03919410251546651
0.9582325230294373
1.171562556817662
2.3428710835287347
1.4999168298381846
1.5164491863688454
0.13002875228994526
4.838968953117728
0.7149501106177922
1.1291019231430255
2.4120186294894665
1.1175096425868105
1.9285808092390653
0.2849578809691593
1.7398624099150766
0.4657670761225745
0.05760359426494688
0.026926646154606715
0.2796376751502976
0.15549171081511304
1.3598184517759364
0.46004663096391596
0.4277649756113533
1.7585384225239977
0.5939394672168419
0.3281870683131274
0.15511657198658213
0.9783163085812703
0.18241741074598394
0.22307885729242116
2.4586461131693795
1.883018581313081
0.378911961481208
0.2731043785752263
0.3765976592840161
1.4008396479475778
0.08146320001105778
3.8334938666957896
0.2628275233437307
8.741338034189539
1.1305973513808567
0.3393855842296034
0.9932637281308416
1.0672607142478228
0.3389875225548167
0.39745482450234704
1.393117611965863
0.9657553900324274
0.2741440776444506
1.1232734480581712
0.008520091301761568
0.13788908047717996
1.3468720992968883
3.6540045882284176
0.5959504232159816
8.916458707797574
0.9493523837882094
0.5645886650308967
1.0232254277798347
1.0991689622460399
0.7084748690831475
0.4467016641574446
0.08273257355904207
0.5073169993120246
2.2918977248773444
1.6227778822067194
0.3399865411047358
0.7268544642138295
0.048664378497051075
0.8956890780827962
2.933434333797777
0.5574694702518173
1.5262042353278957
1.7938561517221387
0.004436185699887574
0.05786880131927319
0.08237168952473439
2.3504111809597816
0.5312596799049061
0.8411321071325801
1.9994706083962228
1.1533393924182747
0.6448236487340182
1.3790684882260393
0.18106141581665725
0.8156536075694021
2.060624470061157
0.46301917982054874
1.6803463654359803
0.661035244440427
4.551623134495458
0.3482035025663208
0.11526644788682461
0.5913300405954942
3.4017470668186434
1.9687947469647042
0.3605266153172124
0.3833945067890454
1.3867113982560113
0.4821713730925694
0.19023321245913394
2.200415393570438
0.7724488110980019
1.0977882300212514
1.2331685310346074
0.8913975011964794
0.1574941205617506
0.5781660409702454
1.841400617850013
0.5487426753388718
0.500819172069896
1.2765761695045512
1.0250894387136213
3.691184203576995
0.25907427485799417
2.007173020072514
1.9573106497118715
0.09707460203208029
1.2368375130172353
0.20982604549499229
0.35285832319641486
0.32469113133265637
0.3574210398073774
0.8797292294329964
3.528922575467732
0.7653296427452005
0.7230097785359249
0.6447163168049883
1.29879466429702
0.6995184280385729
0.136834167962661
0.5263060280412901
0.19355870684375986
3.404423737578327
0.05251516617136076
0.026663655968150124
1.4585383088851813
0.32216246411553584
0.003206589666660875
0.6923084838490468
0.35344857748714276
0.18112936953548342
0.28485484517295845
0.7812805061985273
0.2193678619514685
2.228527173603652
0.7602299361024052
0.0617495198675897
1.7322709509753622
0.2986585435864981
0.4893684003618546
0.01660270753200166
0.07662873147637583
0.591833329614019
2.335852917894954
0.6841520400193986
1.0047270477225538
0.9375687449064571
0.265162177500315
0.7757981384347659
0.4808052433945704
0.2187556559802033
4.124439751176396
1.0885594851861242
2.426415998925222
0.433616011578124
0.7852165744407102
0.2882727068499662
4.75020836252952
1.8804168844071683
0.7132785317953676
1.0635877687018365
4.880804109066958
0.2979528401920106
0.4919119336118456
0.4523745105252601
1.4688413446419872
0.06092223568703048
0.604552232340211
1.9443827089562546
0.17578495299676433
0.30872890682076104
1.874710725620389
0.06358419440221041
0.08891326273442246
1.4957453318638727
0.27955481872777455
0.3936418255325407
0.9284987974097021
1.777144803898409
0.913728175801225
0.4787646122276783
0.29938600171590224
0.11174004813074134
1.0891679501219187
0.6560601843812037
1.761645264690742
0.9951437547570094
1.9582103875873145
0.1540920577244833
0.006287196418270469
1.2513036648160778
0.23847603119793348
1.7723043530422729
0.49889359512599185
0.02048650084179826
0.3077336451096926
1.385069909010781
1.3112404083367437
0.7333875332260504
1.4016312500461936
0.4888948842708487
0.338308697741013
1.7640333923627622
0.25293686919030733
0.028587146836798638
0.021770080435089767
0.2988805915811099
1.1167146012885496
0.14614641037769616
0.39214620596612804
0.33199290352058597
1.2039402322552633
1.796903914946597
0.7535435649915598
0.040790209925035015
2.1769850362907164
3.3766103759990074
2.5312796324142255
0.02950043129385449
0.058363757270853966
2.9619602352613583
0.6811541660281364
0.01779118931153789
1.9121419115399476
2.1186304509756155
0.04400090689887293
0.8022428966651205
0.487339331273688
2.172653708985308
0.9762183617858682
0.2938647322007455
1.447858074621763
1.0230574115121271
2.731509577803081
3.3098200676904526
2.529417173063848
0.2796824887918774
0.4388083084777463
0.04971011835732497
1.1668455938342959
1.064753094688058
0.08331277043907903
1.0408196688513272
0.4367673080705572
0.6890696594200563
2.38401654487825
0.2127516412292607
0.43925303244031966
0.5048986600595526
1.1179834916256368
0.4217658673878759
0.7609441439853981
0.04903984340489842
0.06395856753806584
2.365704020630801
0.733665049134288
1.2578658164129592
1.2687761212000623
1.433594571397407
2.492153939238051
2.15128101821756
0.042737763084005564
0.7726700931380037
2.3301150830229744
0.3171678142971359
0.753158879262628
2.632611479231855
1.3914858951466158
0.3297038647579029
0.9066028128727339
1.3643119944899809
0.23304178568650968
0.19851218807161786
1.2375354594551027
0.45489387211273424
0.21859098350978456
1.6137537367176265
0.9504270500037819
2.9142246902629267
0.520718074956676
0.4764660478103906
1.7431092178449035
0.44968059213715605
2.468565716582816
0.2310349258768838
0.8170768939889967
0.19344126962823793
0.18229432820226066
0.2922048185719177
0.9968048981390893
0.8939200507593341
0.3977100016491022
1.247145676665241
1.2712024436332285
0.5162769319431391
1.7887692902877461
1.0966400599572808
0.674808962357929
0.4745081360451877
1.7048901921953075
0.349266668810742
0.4923581535113044
1.5511875546071678
0.0871157702349592
1.2283925511001144
4.624597663932946
1.64512582460884
2.1406630367564503
0.5017961256380659
0.04872935762978159
1.0993515700101852
0.2656595564330928
0.13877862363005988
0.6075656620669179
0.11821673592203297
0.9004402901628055
0.2715614878688939
1.619685975718312
1.3433159859851003
0.004786154662724584
0.29083321505459026
0.8605834739573766
0.6534735833993182
2.1058890435379
6.9785843025601935
6.533310188999167
2.130482548265718
2.253399734821869
4.379360694205388
1.076020537497243
1.3604999002127443
1.0708822885644622
0.034570950374472886
0.3540823844668921
0.29574600752675906
0.19550508263637312
0.33268682268681005
0.7987767470185645
0.26403108052909374
0.07530512835364789
2.338258461211808
2.913416786759626
0.0627016858488787
1.8075686810479965
0.0813125102140475
0.03869665472302586
3.323728508927161
0.2444826604332775
0.5826283817586955
0.6436984348110855
0.33096147057949565
0.42146194831002504
5.929827709012898
0.19166863767895848
3.4426173919055145
1.8142495226929896
0.11957540296134539
1.090963493770687
0.9533683002518956
0.3813575739332009
0.053295399935450405
1.0566808068542741
0.1767749167047441
0.1442998483835254
3.610811248043319
0.8110563320515212
1.1647171741642524
3.556878406641772
0.49935989308869466
1.4474019557819702
1.1193541250249837
1.9137045354873408
0.0983050684153568
0.0816943348327186
0.32516234839567915
0.06653187432675622
3.174553935881704
0.017569623742019758
0.3747658703359775
0.5107554246205837
1.263693419023184
0.038518235174706206
0.5982983592257369
1.4941292005532887
1.9196537267998792
0.4511292783136014
0.7825032449618448
2.2002672239905223
0.810547964181751
1.885623694601236
7.456294258357957
3.22829728317447
0.3089211590704508
0.5574928151327185
2.947125710576074
0.462287630449282
0.028223645960679278
1.5012391578929964
0.1413514802698046
0.37966908849193715
0.20967603972530924
0.6961191342270467
0.9991661476960871
0.08865171554498374
2.364128207351314
1.7158059113717172
0.5419843579584267
0.5690866216027644
0.08730387946707197
0.7822169762512203
0.3057749920117203
0.26805865424103104
2.2575399514171295
0.023261973168700933
0.7183227912464645
0.47840271776658483
0.4443030770344194
1.1439987104968168
1.8554401155852247
1.3723142587696202
0.06615129200508818
0.1663551258679945
0.34887031649122946
0.48764994443627074
0.3566272567259148
2.552427986607654
0.016693143086740747
0.40321520567522384
0.5064466456824448
0.5303715569898486
1.817380737629719
0.5975223180139437
0.13925413353717886
0.8705077313061338
0.5102286426990759
1.2225678827962838
0.37130959724891
0.0783927058801055
0.5960075417824555
0.22977888060268015
0.3701079318707343
0.38580424213432707
0.07468277413863689
0.050640819274121895
3.2426348319277167
0.20936994461226277
0.18595102918334305
1.0677175557939336
0.3248655304487329
0.8878118209831882
0.9487071944167838
0.42762869867146946
1.0178053188428748
1.71136260961066
0.1672844140266534
0.506471952132415
1.8818716251698788
0.199841539375484
0.4403136221517343
0.7995792069123127
0.6073965997202322
0.11468563516973518
0.4680456630012486
1.0629063997184858
0.11358941104845144
0.46701870049582794
4.6970108672685456
0.17249679402448237
0.8823102809838019
0.26486827465123497
0.6641774836170953
1.0437349035637453
0.6770951160870027
1.3721553513896652
1.2381912610144354
0.6704370341903996
4.763401930569671
0.07612086887820624
0.08233264504815452
0.37531243384000845
0.5815383810549974
1.935253222094616
0.47193111025262624
0.888094373367494
1.9286095454008318
1.8025272783415858
0.0022433317790273577
0.39663979975739494
0.7821122167515568
0.6950773765856866
0.20260752784088254
2.553425794671057
0.0111058393958956
0.340072088787565
1.7900434948678594
2.6813734392635524
1.1964178329217248
0.7329339727002662
0.10133726688218303
1.3930629849492107
4.312462587811751
1.638769546378171
0.22184088247013278
1.0154587200086098
0.15823799185454845
0.6090659469482489
2.719978315406479
3.168236131663434
0.1859025024168659
1.3216651292750612
2.60434478733805
2.5995900171692483
5.727743766066851
1.4603323824412655
0.12044523289659992
0.8389468945097178
2.340388567565242
0.07456822073436342
1.3096024421101902
0.6752044961904176
0.6166941425180994
1.5525865328963846
0.5776790610689204
3.1823777363752015
0.5686830469057895
3.6699706849467475
2.888270900468342
0.2787458071834408
2.820840864966158
0.482716965227155
0.09314275678480044
0.4462068121647462
1.0337593615986407
1.609634700434981
2.327039510506438
1.2323891753330827
0.01790871491539292
0.8066994075197726
0.3836119879561011
1.7873373284819536
2.3502534966683015
0.5103648718795739
0.2420632917783223
0.0875317231984809
1.8733611622592434
0.8313486306287814
0.4266187983157579
0.13009325406164862
1.3478203181293793
0.16661371654481627
0.1383205599267967
1.3961299558286555
0.9679718063562177
0.4875883853819687
0.10574789482052438
0.08139095065416768
1.3135698428668547
2.856496991124004
0.6531777852505911
0.6123650257941335
1.0438566344673745
0.3974067766685039
1.8210737510235049
3.3300170217407867
0.030039600242162123
0.7048960377578624
1.0236187692498788
0.7621943387784995
3.1511996382905636
0.7730218447686639
0.4571979096799623
1.0536242290691007
10.243725140666356
0.7199622741900384
0.0433470061107073
0.42416178170242347
0.17675732087809592
1.2979941995581612
1.4474051994038746
0.19473599741468206
0.8044273185078055
0.9780309518100694
5.374318653455703
0.7134595884126611
0.9956170905206818
0.7320003640488721
0.28372478802339174
0.3574199182621669
0.3023360702791251
0.2515775477513671
3.533074394945288
0.9849475437949877
0.12008716154377908
1.2737329942174256
0.7605096309271175
0.5429923962510657
0.10651096882065758
0.8314735055610072
1.0808338763017673
0.6568743559764698
0.5820117062539794
0.3374194966163486
0.5830130475806072
0.13428230729186907
0.4242339520424139
0.09532617777585983
0.4650328429415822
0.7453512859938201
1.6938755233713891
0.05493664156529121
7.852693981985794
0.8434672515431885
0.24687678407644853
0.6073797554417979
4.113395837077405
0.4260652669763658
0.6922486844705418
1.4041077549336478
0.277160536381416
0.9842057740024757
0.02333580979029648
0.9475870780588593
3.43412147226627
0.65116101570311
0.5630920440889895
3.354860266583273
2.318643828853965
0.800275959976716
0.5745059937471524
0.5540053797303699
0.49969458411214873
0.6197280039486941
0.0760541234340053
2.1804206699307542
0.7955419234640431
1.2696927910728846
1.0868864016665611
1.541516607569065
0.2682014237798285
1.62917140458012
0.36907973140478134
0.2127909564296715
1.0180867774761282
0.13573465624358505
0.7528413946274668
0.06226992729352787
0.4336277439724654
0.19876517259399407
0.6552840387448668
0.14094763543107547
0.5098182771762367
0.9649163015128579
1.2220580695429817
0.3068922008678783
0.21374646769254468
0.38777217600727454
0.05791959565249272
1.1298790354921948
0.39942787418840453
0.45855126323294826
1.331623335601762
1.6114422534883488
2.643680949229747
1.8164248290122487
0.27566323295468464
0.7679991731711198
0.01871876884251833
0.1523667780274991
0.023615647573024035
1.5207026765856426
4.316383952478645
1.490442672104109
1.3937333076028153
0.7345456332259346
3.277261146780802
0.6470682894578204
0.945257936953567
0.9893724593857769
0.7692626276984811
0.3498263837827835
0.3302464311127551
2.81579975533532
0.5158209856890608
0.37252172679291107
0.4800771509471815
0.37634715394233353
0.32853896531742066
1.8541173930861987
0.426307719462784
0.8041748424293473
1.6873785509669688
1.134621138422517
3.278260219580261
0.5002322338405065
2.3587145628407598
0.18008235484012403
0.12781674586585723
1.5866860442620236
0.2790412809990812
0.5195853340264875
1.5042910485062748
0.8389791781373788
0.7846102749463171
0.027775864116847515
0.7380123073526192
0.2683689436817076
0.2886823918088339
0.28460428418475203
8.489542450784938
0.48667799154645763
1.2223575846874155
2.131831443402916
0.4547634343034588
2.9608352819050197
1.1992304181912914
1.6336715412908234
1.964355447445996
0.9036477287882008
0.23774521821178496
0.46750914395670407
0.05503105738898739
0.16175942154950462
1.4927976258040871
0.07601506833452731
0.2914646492281463
0.9615823963831645
1.4333237905520946
1.930180687457323
1.4398719047603663
1.557980809448054
0.24305420348537154
0.007724616065388545
0.6985945490887389
0.19654049596283585
0.004107811109861359
1.7494133849686477
1.7170347500068601
0.7733816062973347
3.0608364959189203
0.898951184382895
1.695935045630904
3.1507462455774657
0.610302069428144
2.193885013140971
0.7159109079802874
0.19280144755612127
1.4826352991804015
0.3142762456263881
0.44473939333693124
2.8178748272766825
0.4618832952401135
1.0503859886375722
1.0347624873975292
0.7733803052105941
0.9453680855222046
0.48809537463239394
0.9022359736845829
0.4706093819113448
0.3146440756681841
0.5307941691717133
0.018450605391990393
0.0833430586499162
0.09534119235468097
0.5079336685012095
1.2050530019041616
0.05478270145249553
0.04181409295415506
0.4368314534658566
0.2628420222608838
0.29323334380751476
2.019515185209457
1.3735685719293542
0.19598974188556895
1.0663730120577384
0.2570774836349301
1.2883886557247024
0.059892991121159866
0.028166408999823034
0.1664471331750974
0.29279846741701476
1.2278404712560587
0.3948028734885156
0.0712667808693368
0.3986716075160075
0.5740990492631681
0.16929453870397992
1.73584331816528
1.6135122961131856
0.6367915396112949
0.6836181970720645
0.3158120457956102
0.5704587294894736
0.06233779797912575
0.6768172229931224
0.7811125936568715
0.8990628922765609
0.6712524184549693
0.6165314182289876
3.718213447224116
0.28511959183379076
0.7433426825446077
0.9901108002813999
1.2660727876645979
1.979568485141499
0.005726316332584247
0.8007660562288947
2.180768819816876
0.520687027630629
0.2905280441918876
1.4367616267409176
1.1708237271232065
0.3258723640756216
0.6271213880099822
0.07737174633075483
0.029467545420629904
0.5920001882477663
0.05148462767829187
0.8891397776606027
0.06709577748551965
0.4678182808274869
1.8010537672089413
0.31152539543109015
0.7228329083300196
1.752702764904825
3.203973879892146
0.3717287619365379
0.34893127728719264
1.167620606109267
0.1627151589782443
0.6074293978745118
0.24526933513698168
1.670213121396955
1.2351465136744082
0.15606540473527275
0.11091685594874434
0.557102587481495
1.0224106929672416
0.07831997715402395
1.3614658912701998
0.11953773035202175
0.5500299083651043
0.7898731428431347
0.5428489204205107
0.7964633735537063
0.648719820077531
0.2610642842773814
0.8966156435781159
1.9092508753819857
0.7081579059304204
1.352310855378164
0.6015221146808472
1.2810932605643757
0.5109099146502558
0.47315446627908386
0.13283506207517348
0.6957550361985341
0.5018736375204753
0.32075968946446665
0.491373550175922
0.9572082119993865
0.15335062801023014
0.7283178390061948
1.5376340786169749
0.178881608764641
1.5549496280727908
0.005755454272730276
0.03357859727111645
0.5052092540718149
0.06524411725695245
3.2909695348353125
2.333561438601464
0.29668659035814926
0.5040074513526633
1.0366314376005903
0.30900392757030204
0.02065158192999661
1.2966288022580557
2.0738192330754828
1.8806288606429007
1.3022220006969292
0.04459046071860939
1.5407445051241666
1.4345636334910523
0.4845268987410236
1.2034443369193468
1.3856550088967197
3.0915834944171365
0.17872436629841104
0.9628405290713999
0.24113229176145978
0.4443482538626995
0.05112485965946689
0.2609272857080214
0.0489056657825131
0.7073558789852541
0.20057683644699864
0.13216913351789117
0.6943412481923588
0.503966104821302
0.1502168956794776
3.244719277601689
1.8156783145095687
0.4506698424811475
0.8638291435490828
0.19719103709212504
0.04219968704273924
0.8004263343464117
0.5556072089530062
0.4005406463111285
3.2595510080864187
0.9736520409351215
1.0574016760801896
0.25040310152689926
0.058240712562110275
2.3063525329343975
1.5832188237982336
1.178534619830316
1.5145641059207264
1.8807999336277135
0.7899538933706935
0.43435749373747967
0.3236577625211794
1.518197981029516
1.1159289240313228
0.08934863668400794
2.2531650402233936
0.11229796672705561
1.3609539211902302
1.6451976020762231
2.7379428046697285
0.18561736794072203
2.030025218584342
1.2697878059698269
3.9991403725289274
0.053898165526334196
0.9019578273000661
0.1489044302725233
1.0630706251540687
0.09516576630994678
2.2750905429711565
0.5920715256361291
2.4045946505793836
0.15634892685920931
1.0041048919665627
1.0073295368347317
0.6298885398427956
6.484324570308672
0.8311826304416172
1.0955608458607458
0.5231027757108677
3.2456562423321884
2.5290346059482545
1.5618143988831434
0.02047212069737725
0.7793466062867083
0.859986857889453
3.4035633808234707
0.12067453024792485
0.294609839678742
0.6238122239883523
0.02363308219355531
0.1674484714458231
0.4471054268651642
1.5315427370660473
0.013029190711677074
0.4422575516218785
0.7450951937644277
1.7963056152220815
0.1723106303543318
1.7543565235973801
0.9439335230563302
0.6516004375298508
0.8198733103927225
0.24636058902251534
6.75123836757848
1.1033004857017659
0.43110806157346815
0.0914200541737955
0.07333934502094053
2.6965366140648257
3.0356227306765504
0.30283074782346375
0.5255015252623707
1.3522705864452291
2.725035627547186
0.2875683543388732
0.20193351805210114
0.44414192356634885
0.40900279927882366
0.06586150857037865
0.3080846431548707
1.331836374476552
1.5909339171776082
0.285562689852668
0.014953520585549995
0.025235009496100247
1.240132085251389
0.7373255344573408
0.4155541223299224
1.3255136509833392
0.9451144800696056
0.11728811016655527
0.5902765614155214
0.6516951845551375
0.7767023033229634
0.20290905379806645
0.779329490440432
2.519615319703007
0.5780223641195334
9.062741415080382
8.285140155960107
0.7382400045753457
0.7012552752275951
0.8757598597439937
0.1903424514166545
3.8076199181668926
0.17630171490600333
1.0307083856023382
1.537600257259328
0.9172860372927971
0.983275412407238
1.5159316526260227
0.21287722230772488
1.5752258830470964
0.07619426227756776
0.18086505751125515
1.434614698344376
1.0338930558064021
1.1010867223958485
0.30852698770468123
2.0253450216259807
0.5071838937874418
3.158447664201958
0.4551418731280137
0.7707920694374479
0.16861851103021763
1.3281191157293506
0.6885125407134183
0.33605740769417025
0.6698328404454514
0.07478394190547988
2.8235314576595556
0.034951947251101956
0.4539917853544466
0.17669887127703987
0.260641821048921
1.1501869395724498
0.09417366498382762
1.7461208039603662
0.027865271142218262
0.04636565293185413
1.7413504281721544
2.764733412215719
2.9184497594542336
1.9251231439993717
0.0735989476670511
2.6289825006970204
0.6871842236141674
1.5959974938014057
1.3016191269562114
0.15477056309464388
0.577985451411223
3.8630263324594125
0.43454269150970504
2.3991803719836753
0.09333744988543913
7.946738189231837
0.7412405934010167
0.4435322116187308
0.6250280620297417
4.242025423242012
1.5609429865435231
1.0324370352609549
0.524518653342966
0.12268695514649153
0.4556925728684291
0.37939333126996644
0.36699102562852204
0.2883752763736993
0.2884336998395156
1.5095209502032958
0.029612401413032785
1.645409120246768
2.420559005404357
0.6506590813223738
0.2880470618547406
0.8561804304190446
1.0602664333418943
1.2943958958494477
1.7038924828229938
2.6848102275980636
0.13729349014465697
0.19957890998921357
2.1457945948059205
0.267278894665651
1.9769675350980833
0.9008118006167933
0.5827975942520425
0.1077371223072987
0.2748612091818359
1.5661642353225034
0.5464421320939437
0.776243953674566
1.5069072988990229
0.4277245861303527
0.12664358294568956
0.9057530499412678
3.088206848333357
0.8636523613822646
0.71652296333923
0.6801952194364276
0.299317994795274
1.637164064857643
1.3129837857559323
2.052727112080902
2.352711767918663
1.7803803168353625
0.6344885633152444
0.28033877463894896
0.13906781846890226
0.19110345290391706
1.6113012005516794
2.303451996151125
2.3614000419911463
0.48459780591656454
0.027290937228826806
0.7484717372863088
1.224487010127632
2.2729292478470597
0.7559142094978597
1.5655075615213718
2.558014608628582
0.43541998125147074
0.15791372515377589
0.7934815770713612
0.4946499988436699
2.121148747159168
0.9029458456207067
0.1975819512445014
0.2862296861130744
5.732446639070986
1.9032272284093779
0.45112069603055716
1.0039756156038493
0.8316615157236811
5.42816638777731
0.3840679152053781
1.043542745115701
0.13550730046699755
1.6218997530813795
2.4957950029638596
0.785854877991369
0.7599828041857108
0.15483438558294438
0.45731330395210534
0.23255508783040568
0.22487623177585192
3.750475293782074
0.005345262936316431
0.14675434250966646
0.6047528575873002
3.1117612926173024
0.19279533723602071
0.505636308749672
0.8960933408816345
0.011028373730368912
0.46080542358686216
0.016739970247726887
1.0028382843593135
1.1531656139413826
0.17537005071062595
2.2257083683507517
0.18704789844923653
0.5629793258267455
0.46326524671167135
1.835302555875387
0.42409487237455323
0.05882475688122213
0.0427794303977862
1.126199623424327
0.3536565673130099
0.683805516542634
2.399905857280828
0.8275254202308133
3.5810431727732066
0.9724713457981125
0.3533154228935018
0.11458800249965861
0.33510745462263003
3.010291553917341
0.2629135655006394
0.25099563840194605
1.4496359170298092
0.5983613840944599
0.8044610844808631
0.6101387783710379
1.1178378853946924
0.106849952833727
0.11237016587983817
0.29168831344577484
2.5607224173727445
0.433170262578642
1.2016239441290963
0.4936089441180229
0.3634789139032364
3.737868385389447
2.6820313015778083
0.8619343492027838
0.4795848072099034
0.18973517176345922
2.8236147789866664
0.14727789629250765
0.8231634885305539
4.288183965079952
0.8871737551817205
0.0454980602953583
1.1024379979935475
1.431251819449244
0.30029194641974755
2.0708644424157683
3.0025059580802917
0.769303922454128
0.0952279057528358
3.351269159466028
0.7827232186682522
0.05561424346524291
0.2008894731698092
1.6941180433495902
0.9259624813275877
3.2061780106741935
0.46259371549240313
0.11875961234909482
0.778937719122041
1.970927692920668
2.082985627115704
0.5089241948153358
1.4630692400387488
0.017285437905229628
8.080001709371572
2.323239396500867
2.4115423715265933
0.1814263287524227
1.938551677914802
0.1549364531529136
1.5672069959982764
0.08488006427069195
1.8883932434546296
0.10827676439657807
0.67554771041614
1.4603062494425103
0.05215764947934076
1.9468053336604498
4.048238777584629
0.19708882324630395
0.060312611632980406
0.361350162565941
0.2687262383115012
0.7447103670565411
0.5059996599447913
0.6080679348378908
0.4245577401306946
0.8993438031175174
0.3607423506327905
0.17947694356553257
0.008822619100101292
0.6623576362035237
2.3231227450596634
0.29680806034593843
0.6194376913190354
0.2946044060809072
0.007514626136980951
1.3231047163717449
3.0057610883377492
0.1129871156590525
2.9646314753044862
0.6849224652105477
0.09860718325944617
1.4634721399343107
0.3410832589433994
1.1615080615738407
0.6661173769098241
0.7746817699226085
1.724977912264876
0.07797958445735276
0.5895053255662788
0.3317889101454057
0.02914763116859831
0.11273701084428467
0.21829907060600817
0.12450900420662947
0.3518437141319737
7.069134586054133
0.37835519935470074
0.12121754631516524
9.97052913819789
1.2035410767130088
1.603614909661701
2.4309925704146735
3.5850156027299818
1.2886061060708016
0.19507092848652974
0.2824534671672154
0.6105178954603616
0.33102352646528743
0.36967304872814566
1.3403015305229928
0.11511049140244722
2.806400598725304
1.7634555013792124
1.0159661401121411
0.09411025760346092
0.14952341068419628
1.345886256545782
0.8560421549191233
0.2256083891261369
6.305499140522443
0.4273160604061559
0.1713240089302417
0.010447440814459696
0.18368595582433045
1.4342238657409325
3.3295435579202604
0.43418551597278565
0.7719677151471842
3.687955414468888
0.023011751181911677
0.38099668227368966
1.324730320397066
0.36376120743807405
1.703165005426854
1.0279570059210528
1.9677022645482793
1.4677418718347326
0.11854025794309564
0.2640656606236007
0.30696397728752345
0.14422841774648987
1.391347929253243
0.5208581650513224
1.715297655784525
0.0527731210750062
0.36520947495591827
2.4365556446136907
0.12375787520431913
0.09433129022363573
1.487480699812295
0.18028542681713589
1.0606560628220905
0.20095003725145943
2.3819389748678077
0.34888573846546933
0.8720362593303435
2.57712433024426
0.2963504084618762
0.43254489640821703
1.5408073485305067
1.208485443959944
0.7576294378377497
0.7525923584471457
4.265064168430399
0.08677206275751814
4.370172017486766
5.173193561466178
0.41119801203603856
0.7048315370630007
0.012491023051552474
1.2094974002684467
1.5707559880102053
0.07546862430172041
1.4645895991416182
0.7065610020072199
0.8430921955150552
2.9954671982850414
1.1536376079602633
0.16843317696475424
0.2355219254095573
4.585117869806709
1.1357647173572332
0.5945694435504265
1.1958172317536082
1.1457667223294266
1.8226717151992489
1.082638811902143
3.9931341442279518
0.5410341962124221
0.9295310134184547
1.7935711244645063
0.18712542962748557
1.6746156692970544
0.20558266720036045
3.8148403681698255
5.992960766423494
1.377140256605344
0.4887541799398605
1.0820678437594324
1.8967814514762722
2.1092633857333567
2.4323363200819585
0.1678554289683234
0.7978959858883172
1.5248903639730997
0.629064215318067
0.6298056229716167
0.355167835514294
0.8760996088094544
0.7083841552375816
0.13737975660478696
1.2718334950332064
0.4252932348754257
3.5264268409227952
1.6979217390762642
0.3622717220860068
0.08318487656651996
1.0594842872815207
0.14714474324136972
0.06687523340224288
2.167772695713211
1.0683670850121416
0.8232505763880908
0.4053222397924401
0.13415122873266228
0.6616574591607787
0.25161203791503794
0.20429936880827881
1.8518814465787727
3.548515278380364
2.297288853646023
0.2039584068406839
3.1565488364140037
1.3646035466517787
0.5629313556128182
4.746160887792939
0.7592274003545754
0.9172296480974182
0.29834221152123064
0.33876825717743486
0.7133767579507548
0.19435403469833545
0.5801066377025563
1.1790426149382256
2.462234570994042
0.1618088445684407
0.05747220537159592
0.3704686216369737
0.36379072861745954
1.8276798350561876
1.613205843110336
1.3751412977289874
1.3610474400920793
0.08063255946035497
3.5160646611184347
0.4465414976293687
0.9717762840155046
1.080364187626401
0.4282589268113952
3.4009162793518044
2.6610062746331096
0.6047478241671342
0.2338835498667322
0.9811843234929256
0.7242153093684465
3.202103654795792
0.490201798529597
0.20245818755938672
1.3610060520586558
0.38758095176308416
0.8185015104827471
0.17241959978127852
0.12649322510696948
1.3656337065913249
0.4252175534784328
0.09321505861589685
2.419124250562163
0.03081014342023991
1.9125885709363502
1.0191092700115405
1.9922193464299198
0.278055230184691
0.6814492582925595
0.0989834991923999
0.34197632397990674
0.014494039816781878
2.2000517634733114
0.5003908156359103
0.8642467708850745
0.3233966994448565
0.06315526794060133
0.3037243447324727
0.7715023450437002
1.2777283660543617
0.04156476818025112
1.050752466515405
1.2333495033963118
0.14399663239601068
0.8003860154130962
1.342552139016334
0.30946000677067786
0.9591734741406981
0.9988109430996701
0.966616703895852
1.2089579619641881
0.9046221601311117
0.013395274087088183
0.7243261680123396
4.368827009398956
0.9828962366154883
3.3123489279823843
0.16810670867562294
0.5889507856627461
0.26333461006288417
0.28388351827743463
0.6323480726277921
1.035369410936255
1.218393172690412
0.5314588686742354
0.21375283165252768
0.15979554571094923
2.075380585331004
0.5904699153907131
0.024808632908388972
0.11361863356432877
0.8087764823285397
0.9476086544746067
0.17148645140696317
0.8499759374244604
0.48184562669484876
1.3209864285308868
2.0121312764531467
1.3646860940789338
0.10049844914465211
0.4836431896255817
1.1148102211591322
1.3717996064806357
4.43162805531756
0.504478874761844
0.2317077533225529
0.38666753328288905
0.07822995740571059
0.6333680224488489
0.17402831237995997
3.879178018280072
0.4111085671465844
1.024294770526467
1.001515115989605
0.03943638809141703
0.23433028504950926
1.0027781115786638
0.9942436867568176
1.0561184468097053
0.7915207275946159
1.316781062312657
0.8966472736792639
0.5500785693875514
1.085958900715923
0.74251598311821
3.5706625265593175
0.1795001985738054
0.17148465759237297
2.1256827986217104
0.08038789342390373
1.1032492205849849
0.63669413907337
0.2754685788822826
0.3440470203640871
1.611272562702652
2.4289972403785214
0.332705978944432
1.413601727457717
1.5814290245471057
0.8139397078193724
1.2013070258835796
0.8670399349066429
0.860666435532039
0.4688087154063396
0.28381810925202444
0.05613780190469697
3.3033603417570703
1.260380093153799
0.3724538569804281
1.2860083965642843
2.0468892573553603
1.1320345619751606
0.14533420786028728
0.5067295836634003
0.1945704712125007
1.8527390675153583
0.6006153196212836
0.39691322296857834
0.05482856903108768
0.9766347847762518
0.46102742943912745
1.902844434196595
1.7817953658232
0.9486853574926499
5.276401133422041
1.1645417819090653
0.4977686579513829
0.09668508463073522
0.8923342648486141
2.377466163627105
0.1260641713743098
0.944682664325228
0.6939055776165333
0.2605090832221322
0.4122090909804683
0.08388747298158705
1.0141234141774476
1.201648284739349
1.5869667619408574
0.5328801752184518
0.02808984345756471
0.1650189267238602
0.013499951281119138
0.6380635346285999
0.379943353444105
0.3004137452226132
1.0288144453370478
0.9807752474443987
0.8536767789628357
1.1688851518556476
0.37367229763185605
1.5164798273181077
0.2833613527473062
0.0849723918363452
0.25352787857991643
0.5523952275398187
0.7843149525288027
0.09524707563105039
1.1848187271971256
0.7511411858722568
0.0725198976288084
4.01452506807982
1.6879786842910107
1.4541825628257357
2.5451422680926044
1.2002787584788166
0.5856984364218079
0.4589755547349341
4.120683314045891
0.45756077399710193
2.259330208733445
0.5656585326069035
0.3807518616085872
0.9519893410615623
0.47571135067846626
0.6418623861100059
3.2120176601747517
1.122018082154682
4.645302886172431
0.9972930628282484
0.8389208443986718
0.8959323750750627
0.2585660592012573
0.7974488556792494
1.6579496212943923
0.8959434775752015
0.7307509882375598
1.1017654938041233
0.1677149130264297
0.5916283126280177
0.3494588239991572
0.1262534746201709
1.1738526057743002
0.4406037126900628
3.472845614218386
4.055392248585122
0.09418108861427754
0.5826870852906723
0.7598755804065149
0.2150809846643824
0.24835647395229898
0.13011673957225867
0.8425965403439477
1.6375797688087914
0.2664685859926976
0.6018552595342044
0.05556150324991904
1.901442836940987
0.8860812464845367
0.2605776241107378
0.18275458135758527
0.16728598202462308
0.2971797890786547
0.27404401800595224
1.8276545414992142
0.08777885980089195
0.24319525843020529
0.3347471193119418
2.4663695016351994
3.511291336501017
0.7538030272116885
0.1094556117313914
0.292288721393561
0.6117759054759517
1.520820382720558
1.0696764276071917
0.008520514296833426
0.32387094062869437
1.5647107672702987
0.8383226313162595
1.0734695509891026
0.020408050942933187
1.2214302373176906
0.5401785730500706
1.0863158363499679
0.03492987001664005
0.31520531128626317
0.1402793555171229
0.27778077745460905
1.5564077626622748
1.8270916513865814
2.244161590060685
0.2607836867100559
1.5841525947616901
1.3994241479085758
1.7051401960779913
0.27806395091465674
5.125294618890621
0.9030260923609603
0.7647556719603017
1.425789797474863
0.5431122769077774
0.12877543925424106
0.020604735298547894
0.09426472242921591
0.2278228291834239
0.11162079210043885
1.6931271198845934
0.013963885750854388
1.4827736758161336
0.3780679615738336
0.9229231718345545
0.05563512281514704
0.35927296977024525
0.8115328679268714
0.6326709087879863
1.8830834334657993
0.9696356874192134
1.8587580363673624
0.2818578172882553
2.8815814238914754
1.0423265757854097
2.8331724887539167
2.4633083805965725
0.12004662258550525
0.31228622209164314
0.35567662128596567
3.2984460795705672
0.04108183033531532
0.13291838185978122
0.24595892481738701
0.7595588006952312
0.00040463736513629556
0.25402105442481115
1.1493211376364343
0.5448252423957456
1.4221933943917975
1.2137202462472487
1.2098284503736068
0.6945935736584943
0.9914571405679453
0.12470894239959307
3.485833704529796
4.6753381249145605
0.6942366838047747
0.4153316475567408
0.5562843655643519
1.1133714420720935
4.806359955196967
1.6373633703915402
0.06665773392887786
0.07599559923983179
0.2924024327658117
0.8179973820515443
0.7757794577628374
1.7126942982431501
0.006189615902258083
2.1942989252565894
0.6211622086120769
0.061256862623849884
1.3543495265184902
0.7962694448651746
0.3691140223527327
2.0343283116526436
0.13879368707421236
0.01771966344676912
2.136617496609688
0.7242667124955915
1.1631202828721143
0.12078595720231533
0.5957300047157332
0.48640547940158285
1.6360128606611397
2.371569181792438
0.7080478591960855
0.70169629380689
0.3044008777360432
0.643009547406109
1.5987282013811637
0.15570739790564403
0.5898286114388611
1.2740306973573752
0.07356577931204811
0.5329084349505138
0.16208763190661557
0.07546130975242704
0.6846983326249756
0.4844491514377296
1.0136077241331805
1.2325363032286987
0.4176627316628583
1.1079948110855184
2.5293688639067113
2.147517787088873
1.5594438645930495
0.7193894924130291
0.7174295348813757
0.8810628289647866
0.0023782339121680707
0.849712204770185
0.6658214637427591
3.839163299824577
0.07779818959534168
1.1118329109449405
2.2192806644306984
1.027651307726046
1.8020808465080336
0.7214364786923397
2.7686412134498823
0.8374114350881428
1.0848619513853919
2.951430519373389
1.2920170934521593
2.583227691560751
0.55712945968844
0.6869935778086074
2.061967291345354
0.08985610643867403
0.011486822593724355
1.150742124824319
1.6422223194385879
0.8916865171049722
0.2682834402367007
0.4840010347252246
1.3167249195394106
1.1156214934017044
1.6977676071110182
0.43477199409971945
2.827376975561492
0.9096388933248818
0.46610909717855975
3.626246222498594
0.7541317996219732
1.8258498608774971
0.7286443835764658
1.0825263955630362
1.4052805010578595
0.8604367166990414
4.375907389447093
0.1923611199017614
1.3914325540245045
1.2390027088404167
0.25072179111884907
1.3482239439035766
0.37802396874758415
2.120364473114023
0.12961944556445815
0.42495474059251137
0.6215010383457411
0.6958235493802931
0.13024999722256325
0.04969590617110953
0.6968269549252
0.027634151105303317
2.7566677730646916
1.1892773983709048
1.1446575371664949
0.5363890138687566
3.698198218946345
0.22710060357348993
0.07743016371387057
1.7206092821725179
0.01962189280311577
1.3087295238510706
0.8597694862401113
0.08744932585977949
1.4061243321339134
0.6973762686247937
0.051866868394427
0.10494478902546689
1.273831708385842
2.3613553369650617
0.24629073703545146
0.8000369140354451
0.9193051971087698
0.7726988701615483
1.259615726332413
0.018422698602080345
1.1086880735238083
1.6690476227086037
0.123709594423417
0.20913096889853477
2.3533663432172034
0.04393862886354327
1.199887901020702
0.09300814126618207
3.5824719803058542
0.214742282172665
5.635245363548165
0.3959732558578253
0.1215372602455318
2.582267574965954
0.8407900295278523
0.24829890209366567
0.16215165439643897
0.2415950872527901
0.014476536714937538
4.373817553278059
0.002652306779054925
0.024818931124173105
1.2002967086154968
0.2980290468549356
0.8628883440978825
0.15378376838634722
0.4835681139375083
0.41338307116529904
0.4763953874062281
3.832619817228988
0.5034485056530684
0.5410739896760788
1.3700536969990935
0.41794706336804666
0.012060714914696291
1.2790454019850586
0.6081905236060265
0.20128671423299238
2.410543576319469
0.25452230431255884
3.4531840055424254
0.6296327986055985
0.7384520683262963
0.42416841819067486
0.27536471968051046
1.137588090292411
0.9635434616357088
0.292798674228834
3.0238530869828537
1.2293279498699121
0.19415155582828447
0.13001286846701987
0.18549238159903325
0.6841547983640339
0.06608387263258919
1.1013344897073694
0.6996764589857776
2.5785316801047884
0.05643655339372344
0.5750443204306066
0.48665758143761195
3.7548948907933664
0.009603932878235355
0.7421677078236826
0.02400896360632032
1.4238616143993568
1.3707223662931938
0.5229259627230931
1.3907927344553173
4.767382784950314
0.2470928749826271
0.1544973481213674
0.7122131626238115
1.6171783214667812
1.098380944429664
0.16459526875405572
0.5901169923017733
1.0244148115743883
0.8876122983638197
0.21188848477322608
1.7963027093792334
0.6892575249366928
0.2622401164844632
0.8819846507103648
1.1419721583661158
0.03372058874811046
0.08789309026906267
1.4160078758432064
1.2763484933238942
0.46341924741864204
0.9514655297389254
0.7096308326581493
0.025192298606270924
0.2566035101772286
5.962674828799209
1.477555764693534
0.4597302031761501
1.4868390476913191
0.5589705570309889
0.1901467189018149
0.501721734093735
2.363535148469964
2.2143307531659957
0.3843410494446289
0.5564587817934807
1.3454475795442704
0.6518112299963832
1.6770582901372109
2.0327564237231854
0.3896267315139994
0.9573353514133487
0.2911311066127382
0.8428542008914519
0.11041161071625538
0.8798463758430444
1.1656568766920827
0.41791889746673405
0.19039169885218143
0.42592593174776994
0.09839372281567194
0.3030947911320254
0.9556332144420594
2.0228456622280646
1.7976044031674974
0.36358689796179533
1.7609547726169694
0.5421448619454168
0.11112222936935723
0.19867171524674632
0.5410952395468485
0.7660307589103468
1.3833608321438078
0.15321831504115835
0.3870537298498675
1.7590777059958782
3.4958432132552844
1.8818188793375157
0.1897002219047863
1.2377777466317639
0.19681511976523325
0.5451425916107837
2.9041428102646023
0.8482629742356949
0.11989511581487022
0.5301568370487075
0.24304689749260433
1.036474931112025
2.64246128720697
0.0613561192585621
0.8792639638122637
1.4514379298489075
0.4187477431842126
0.9835464529751334
0.9656566551711876
0.15959516068687662
4.121333393180976
0.33193036282318644
0.35432577232131734
0.8045418076217175
2.555725460377289
0.010774776776088402
0.40663179859984666
1.414951433223905
2.619064553815406
0.008459062373731285
0.5583097084891051
1.6166479109961074
0.2536522187292576
0.5130730948003475
0.14158591910381801
0.8348961225710809
1.7351937659841496
1.3475374660629313
2.0529911876947153
0.6978502972633578
1.4028630204265937
0.10923845955403522
0.2903181007714011
0.7943531882483512
0.0006542229966726154
0.6175636233529076
1.7978339066612534
1.7598450953082647
0.6800879306392744
1.5824466573540121
0.3576907654351089
0.7440307874931023
0.022306332481093705
1.9035903303592931
1.0792197551345453
0.3868656858394388
0.5303807850577869
1.3254934782453347
0.15703496293281205
0.8159792708174791
0.05577388824895024
0.07394067911081947
0.062148298107786104
0.8885468431108166
0.09529769100481644
0.3564055386232212
2.421742036793148
1.001583723060321
0.048439963604323566
0.9452896174043417
0.32385363915818743
1.4192649493925273
2.430560080858413
0.6939173893479165
0.5697758942842484
0.3142938659293577
0.37257670710096136
0.24753934002364986
0.04137558463844471
0.5290531158971135
0.49567113869125023
0.11483063758350909
0.6953925365814939
1.2142646280990448
0.8847608540381771
0.34722507910919376
0.035674030863447115
0.11744226448354311
1.2506504883349407
1.4603487615822814
1.3745637366373558
1.1937126471311785
1.8068714007094968
0.5409667163330596
0.41450411852565594
2.471196088794386
0.6978873832558747
1.1066971765831113
7.011869992013089
0.5795602361904457
1.3460545324196573
0.051259759900858626
0.33232215061434545
0.09238941903458908
1.1152215242909733
0.020105484290979803
0.4844182629312854
0.5358360988320783
1.7468792241998017
0.6265071795205586
0.05823601226438768
2.747002064686967
1.5480590876250062
1.6313879530353006
0.029763412894681096
1.957918236788828
0.08965018930030055
0.09505135985091329
0.5311640473664738
0.37604580383049324
1.3166030464344658
1.6561488457664382
0.7147779129736591
4.050008941732813
0.13432688076863997
0.12003792051109485
0.4668227443762589
0.5976651611563284
0.03431437793187797
1.3923392399447039
0.33703531968058087
0.694676797487773
0.47036371324793436
1.980308056983631
1.2948168693110347
0.10019894884317182
3.574799328634981
1.0557619554165285
0.7236573619302362
1.1518636953260284
0.7569953261991031
0.9871725489210803
0.6425030354002956
3.04221476794919
0.022916337882634252
1.0300250932050403
1.1066760611138307
1.3164549042994622
0.6442182863538619
0.09623189966077916
1.9674033493502066
1.2430381437006872
1.3928407836065162
0.22907300165388733
0.07115584021084942
1.6777352627832443
2.743788475781912
0.11028267498477362
0.4151506304333452
1.4212043045263272
0.75300258162315
1.2970756616268773
2.1285332443367224
1.0819651003694162
0.23293361911782995
1.0967325630481355
1.5523015969083644
1.0579406777687836
1.0863236710138153
0.10563712366274558
0.3512373208068311
0.5527763536956627
0.4263436653127428
1.2824715913448017
0.2845094407966826
0.36213798497919925
0.2981925309577491
0.5686963188636582
0.6632069728511851
0.32692792513989843
1.3358882703760173
1.9083921443670988
2.2327780255000107
0.5043910153326578
0.4451094671385363
0.3235487136989832
0.3099639524007216
0.7590124446141999
1.3376575108850375
0.1375317865749821
0.5809707726584747
0.061662077700020745
2.1799911877023987
0.8499936534499284
0.7111138912150636
1.2152132959745359
3.2827403818664607
0.041672170016681775
0.6447022781649139
0.04380380280781537
0.03734795478521846
0.053616612509358674
0.10667091896175407
0.1261947394523304
1.5437689393293113
3.693513569596689
0.1416239115933422
1.694680286978837
0.956988262332743
3.9817204910796136
1.1725951992848422
1.8512656595557928
2.7160002542077564
4.86439447948942
1.1019383555976674
2.373096770752454
1.3733927662251517
0.35153034573886544
0.24595712302834727
1.282500259054359
1.5031911262194626
0.011150006292155012
0.14602435610140674
2.5353054545703344
0.27559586946154013
0.3558293583919294
0.5145829524844885
0.5268119249667507
0.8676898234116379
1.3721032817848027
0.13987482539960183
0.8019249131320976
0.16074629087233916
0.5946830702305306
0.11369605833897367
0.4707661115680821
0.6446827575855423
0.3588608266436495
1.8845316735387314
0.4797585470660124
0.8657754985033534
2.1723976981302258
0.2187854805670213
0.29918961980729364
1.077475690311985
0.10669929278083146
2.219236919132527
0.0098740499233827
0.4142863942834083
0.7962909043126274
3.2561608540127054
0.037545253057032824
0.6808858952717856
2.1754251827660482
0.28875334467738867
0.018254514929139987
0.12220534717198461
0.2536077730183024
0.6456280309066642
0.01488315433380194
0.6296957287122495
0.21579769780510105
1.2499917602108326
1.3212362935300916
1.7273126568179578
0.6606177592766471
0.13145427161362022
0.12058752385200933
1.4380555635434575
0.27247630074271
1.3255069124570582
3.0087717099522706
0.38278068735962734
0.8446172240364831
0.9097131784656085
0.22037836676463485
0.23675233765970916
1.1439873470226303
0.1676866326306481
0.6931014912843239
1.7731886929250322
0.3458890170149971
0.4736107724311296
0.3182197243440896
1.1361920186027419
3.124242848396534
0.6246134104439989
2.2272494991193525
0.7005408726690803
0.406517908355454
2.114344988774974
0.2765699118026532
1.1779193306865636
2.1618759115517605
0.6624192170565948
1.6061439671902917
0.4978451164497528
0.006185274105519056
1.440378990082536
2.5683554819843266
0.07753589455387555
3.2801143447577488
3.165210501290858
0.5606505938631017
0.08050656437990256
1.1699218787252903
1.7742167703108862
0.19245170225622132
0.9085363682243042
3.068003289256012
1.860764685756294
1.4582980933773797
3.7839698774914723
2.1639128034585156
0.308922912372509
0.06355941580841318
0.6626167165231891
0.7755763176246546
0.31931225865264423
0.2637067591713276
1.2288550717348699
0.013493206846760586
3.0432545260118786
0.21314421651186422
0.6479869313479867
0.18549425408127718
0.05175921687623486
0.3034920324862469
1.7043399086105637
0.9485954811389092
2.036159036651952
0.5694412810553331
1.0457481010525953
2.442856204666896
3.4369434842374176
0.5627641704049893
0.6187920870142989
0.784077160176821
0.009485459158895537
2.678379039396532
0.12770834090770222
0.8882020332675893
0.1409880580031313
0.3570854293357115
0.5367148278746754
1.3311401647515595
6.395868490537396
1.265932674112264
3.7369824419147335
0.1957434773503337
0.31861506967106834
0.28048729768488556
1.3477611081907526
0.41849167537293397
0.8998329981404822
2.8095064311346505
1.1833692897635046
0.3848571061680559
1.0280126235447824
0.8900973159179557
1.1363636438036337
0.10800649458542466
1.151748992560897
1.809832753293449
1.8655725453281775
3.1444368028314784
1.5505970886151772
0.5492229661322199
1.8021395585383289
0.6970349579351023
2.101178883080138
1.2071739011153113
0.29630281013669446
1.1528080950374715
1.3961993319098838
0.786804586823564
1.447742484684568
1.0235129701613914
0.12446529942099005
2.0699247432639822
0.30080533493310213
0.1902756996860262
0.1027145924163051
1.4123731547151692
0.09637157508404925
2.5491296138206962
1.3733249733049888
1.5696777324192226
1.1895058615482412
2.141814927570522
3.5375437824986875
0.2698496956145391
1.2391979772073682
0.8866074118705001
0.13078256187145598
0.29728928284021094
0.4258993830299005
0.32119961152784526
0.5550369180855341
0.03608160564908758
1.061403150582919
1.3305271475401241
1.9069594230968505
0.4514766809588764
1.491931262833532
0.6296044654154684
0.5122858571994584
0.24465770233655348
0.5205900561122689
1.0277435054304078
2.2416269813256804
0.6641582213051151
0.04510983789805323
0.15433149825548753
0.5494105202087667
0.7474391946743708
0.21779021224938333
0.7481365850835573
0.23502816251129843
2.104193710081745
0.6795541557075921
0.6201748214953113
3.7621224078175146
0.28867313236696646
0.5571251680667046
0.8216786677658092
4.141794422379462
3.1517743045988027
0.9469213169650175
2.3071116245700978
0.018895862333010882
0.02139344791066833
1.2144910478382371
1.6277042706497014
3.2027399625221733
1.2125487470475491
0.37821751221781597
2.2520646761986427
0.013624965911731124
0.44964932536822744
1.2333733336417936
1.8645935729437042
1.7554590480285697
0.020890691987005994
2.7313428201014176
0.034562062297482044
4.0304582091921475
2.889657854917459
1.8202518289617728
1.0605811714485753
0.44974276080029085
0.7362026720657013
1.173645074304659
0.46021342257154174
0.6529598591732793
0.075613673805492
0.20519991242326796
0.6574680704507045
1.1298166021006182
0.04575964069226757
1.1762298387475312
0.6566717690438963
0.7059256114298478
1.6832758989185095
1.1287871792155784
3.109238456992898
0.2073006478312891
2.327272035588976
0.009398981084814295
0.04976969709969126
0.4703132323047612
1.2159128603234421
1.625455766741652
0.02050369870266877
1.6238286598527338
0.7086932086967863
0.281926523137372
1.364151050831424
0.30098486770293675
4.4966244303795975
0.059581778798019513
0.36281678910017945
0.16124589121318422
1.639534330170136
0.8123411753622349
1.4899533599382266
0.652876026724698
0.18544331728480756
0.04174591286573559
1.0609475529636256
0.24427647929405794
2.4847663091204595
0.250847288640216
1.9733924152387772
1.682672427064972
0.8801713623397518
0.6987696726282593
0.6197400858509354
1.9186667900066823
0.19654258349328302
1.2142917091550771
0.03965757062542252
0.011454642575699836
0.1272596820781473
2.6844964578340296
0.006754836183972657
0.7899373288964853
0.7788830536301248
2.850503910012776
3.219182861648733
0.008055833401158452
0.13488353771390393
0.1541200088977348
0.5623033472220413
2.614152410562383
1.0658826472936198
0.7455954334000126
0.296975432196632
0.9869524430832826
0.9587767212069593
1.1705364822119009
0.5782092984591145
1.675713071716018
0.4764904083276633
1.8251131302386057
1.1570913349278271
0.04689994911313988
0.9048507917614188
0.7959396526566707
0.18220840362482704
1.9494005885208026
0.5554930477810558
0.7913753745669965
2.8065029520948883
0.12466364854481071
0.7703258119581733
2.198333682201337
0.44651230942690745
0.44435703626368195
0.492008342029294
1.2459169263311196
1.5360284711350687
0.1122363532485906
1.02949220163282
0.19913582666777074
0.21720030918368138
0.16767601334140636
1.1470469968917314
0.23933479291736148
1.0934661535429768
2.386307202046737
0.9941846957372036
0.5772876053524669
0.6034489747835323
1.0091519221896306
0.5389282769756392
0.20646870671771467
2.0022910981206223
2.1496911419089884
0.6657630612025969
0.27432058870908804
0.6093089568603318
0.47610141735640354
2.3070218106149696
0.05865716075641103
0.55634547417867
0.8744454712141305
0.8125452816311736
0.969969121797476
1.1489265721465927
1.9870375325845089
0.5753121139714494
0.1027031174453441
0.7180374988238327
1.5134313526796177
0.33110202685929835
0.6853537002461962
2.414195334451506
1.764547425584169
0.160415737220319
1.465899858623743
3.2569821786601096
1.8062853305018507
4.7621919750235975
2.097258567082463
0.898454885056708
0.6307285020011477
2.1404665063600987
1.3588439677259885
0.15090969682205468
0.13150923349894583
0.9395664143958129
0.5838916586071718
0.21178658559801988
2.3427481735416222
0.5154299651912879
1.3417877088941168
0.9116211649670731
1.3210088927298784
0.9230061890848447
0.38493936057784595
3.116220779978903
0.8350011382426601
0.03229691548040137
1.410977299849037
2.7596545997657813
2.582407156820409
0.3715121724817436
1.481796936946921
2.3082901891029906
0.7395170681993477
0.9059408811444882
0.05345977045362815
1.51365447207354
0.4847205293481238
1.616885119379731
6.051198454690166
0.06433738503255881
1.178412134264363
0.3562734992301557
0.5741945099434815
1.4762880491034593
0.18408215264207684
1.001027576130582
0.06925888865953311
0.3256785205740016
1.2635176075564232
1.6857754362863488
0.8308531759539619
1.8167508380138315
0.8470077662495896
1.1265202170179691
0.6277072441589553
2.1161632009898312
1.0589752393134404
0.5999507464584894
0.09365332056768239
0.10946158549631946
0.4566943917016033
3.7963842513563577
1.5718311421805993
1.2231418253213633
0.4110928128939122
2.2489808370592073
1.2435805973946117
2.869182590045966
6.157335964409867
0.18921426302404143
0.7267522697802633
2.486964441894088
0.3270943277166225
0.9089619269943796
0.2745056535350159
0.02328240842325613
2.1372934998362325
1.1783292969921604
0.43270295302500017
1.1645070804515854
0.44452308092149906
0.030008300876943395
0.6619630827044602
0.5132419739966281
1.9848476823535748
0.9460631422698498
1.77576740301447
2.5346538559242617
0.3672159002162516
0.40732309498707764
0.429974715836579
0.40015912073431537
3.8851891548838466
2.071386247785995
1.361313706060173
0.039971333637367934
0.4397390802332666
1.1563843202602584
2.471669144841144
1.220202573662391
1.3118178576114587
0.10119769431184977
0.6684379892831203
1.1486187304544728
0.8156210784218274
3.531198891228996
0.5444362678099424
3.1840530576300807
0.5318785807176027
0.12386936554685235
0.8094260360230692
0.8473267730441876
1.2546624087262899
0.28420330659719184
1.4519715358037502
0.5969237344397698
0.33770447978167795
1.2007188294955995
0.2383322328387294
1.3206556893710513
1.2345708152570296
0.1975098867842462
0.11607890226878226
0.15064900810830295
0.44652018445776775
0.2750546052993741
1.6677482029772364
0.2549909274384845
0.5344287267362233
2.146973699243972
0.385912035824731
0.9571225479594432
0.7683758918137755
0.5847419257333968
0.715815449540969
0.7817223712045234
0.5864004445320461
1.6659084392013028
1.2799504163558595
1.8165906198264565
1.8052500332705677
1.0002677299198695
1.2884855697629973
0.9016162763000466
0.15760133470757864
0.8327442504523788
3.6073310606589075
0.5833209042903036
0.09013899843557738
0.3539041760668624
0.3054759346123319
0.09121737151872367
0.6971721212612465
1.791876448696712
1.8961222472717054
1.4461852629319765
0.566096826660214
0.08627303424873389
0.961370312521467
1.069833749497775
0.28035969159100205
0.1332346665149089
0.05143595198751427
0.3223199466592632
1.2356503832270391
2.32686263875803
7.753475346049527
0.6057469829684123
0.01940255903173238
0.8313321106834337
0.31270132400095463
0.5138793472433463
3.63774847087916
0.03788307702052407
0.27180677879368886
0.08640858231228776
0.07481389789609239
6.087317738565616
0.3710209187993314
1.2182618318474852
0.3753816223179456
2.6512909315060824
0.0038463282980956137
1.1124676689505577
0.45746644446626306
0.07563580997521058
0.4207443823106587
0.47392063529696316
1.9411099072021898
0.2906838484632317
0.7146085180866066
0.8601493794994894
1.4313216699229088
0.19077427149750292
6.538115785224363
2.2574666209693532
2.4065165746433195
0.9592859515105374
0.7799801108194515
3.201801762013929
1.159953133232193
2.865029852866428
0.4208095110079739
2.0625308558810502
0.7495619378460106
0.20519520892412402
0.22498922437080182
0.9727316794160288
0.9340240496967454
0.2046271582657937
0.04341602430213243
1.6644103535218164
1.1675938253174536
2.3056131015182473
0.02172763366252184
2.890993647684809
2.491930337593658
0.6692446586093865
0.6119454037980177
0.024014374619582668
1.4541001728211995
0.17678555627935566
0.9459560227696784
0.1272024524223525
0.5611053474422079
1.5819922134978697
1.269493575411616
0.4080248126119841
1.3662215048389044
0.7018996606348082
0.2269174800021574
0.5466286830778699
0.09273012453923002
0.6457051213947125
4.547305348096415
0.23156713281059638
0.6132462905079592
1.2774680159927811
0.5275917405087966
0.7816439401067328
1.69759198295651
