0.23740222891501617
3.4603852146465215
0.8106727560880245
0.27122464109561406
1.423219830801827
0.03536800363508519
0.7995235759299248
1.1337172803105204
0.08069158752186922
2.0034343153383816
1.2501920775393955
0.7980717451209784
0.0913311666372465
0.013014927113545127
0.7084640022076201
0.6320840044572833
1.7928997784038074
0.37299963372788625
2.8069286111494876
0.08604733691026922
0.014480552948953118
0.6406846741811023
1.7852279204234947
1.7378516747849062
0.147810540140199
0.4510244992998196
1.391162768653885
3.1375806015348644
0.22398290942510357
3.1682543227652786
0.262334973544057
1.444895861131954
0.726021255737578
0.5069586947138305
0.030735649888811167
0.2598296491851215
0.04582719734025886
0.2150631526237703
0.3925637730717426
0.3583666329504922
0.05903057173418347
0.5547923487101798
0.668305698025506
2.0939697555440944
2.9385349244548706
0.9990393424086506
1.3067427782007144
0.8574378695047926
2.940150409041962
0.2894451581960311
0.49317242026882013
1.1054233194008702
1.7479451322215027
0.43788217131077545
0.851441093836911
1.586301902316336
3.0750345847482095
0.11218527911842102
0.049217874387977645
1.34191488178476
5.204324040823849
1.6271196662346483
0.9364787122030975
0.8173989987189998
0.3949405746170669
0.06973308626038488
0.7319382541681989
0.1057449314976111
0.2765875734257861
7.192904762887338
2.7316891392183607
0.322839298096369
0.21820540583576076
2.520903225442453
0.8431377597225946
0.0946509113709908
2.1311966116481926
1.7088322362542385
0.13731752801686525
0.7592957269880571
0.14200282897945726
0.6815830582781928
0.7899058844122919
0.7174471503749373
0.08575527738139499
0.8647322209289996
2.551139388291631
0.2021252579143038
3.377922488056356
0.7402066341746831
0.8960265837304178
1.1685201924556168
3.136127893696539
3.7952079205060727
1.751752696785843
2.034975676368049
0.20456309487781255
0.615236531230039
0.032321943413990084
1.3294037966406904
1.061874554718088
0.08145589886407834
0.8386340074357577
0.18856031571340282
0.27066384994395776
0.464022445739829
0.31907705772755435
0.07644147059909301
0.6714780989932478
2.5007818672893336
0.43305003207933623
2.03188705642242
1.430793797597289
0.2651067231563502
0.4162397445179522
0.12001994392630877
1.2622061423026025
11.735653748059121
3.0197861848937464
0.15245927619253052
1.6274269741697935
0.17666363438183907
0.8457004127994878
1.2810309571650578
0.4968667450884823
3.696056957494875
2.688261365845392
0.590893758679158
2.0424424853918026
0.4811038247644319
0.6880046213263995
0.7370309726902633
1.1624198846693616
1.9460077343974262
2.2114564930670895
4.537069019388582
0.00529999312129803
0.6016373748643673
0.6857922502895235
5.299118303002615
1.11035547087522
0.090241497833631
0.8110815717082005
0.6806361101989751
0.01470135647105053
1.0746700099189184
1.5842862675781362
0.8041954705840908
0.33693102789402474
1.7613398546236567
18.73321194021264
0.03689319251861889
2.498588195339835
3.3278190440614708
0.9280917193682399
0.6004844585550018
0.04057517248293152
3.5273520594855654
0.535736483099754
3.3290621034320793
0.11742359399795532
2.060379849637684
0.5862441082426812
2.207248025959416
3.943983966993983
0.8108829868870089
0.8714984351172461
0.7545430615282385
1.9866195421782322
0.3274583590682596
2.2769292956218123
0.8577588482730789
0.5530560543484171
0.9459415715245996
1.1938817284462857
0.7940439422527561
0.6572253055492183
0.000322976840834599
0.13997019391536014
0.00032104244746733457
1.7536377109936439
0.7483930698799668
0.9046828827704303
2.221251012706489
0.23671600517991465
0.1976446385087911
1.0124121055632713
0.04361905299447244
0.6735277158659301
0.09736216202145442
2.186031557583192
0.666693169347127
0.30717839685530635
0.2470095953613054
1.3300683296110947
0.15382860492536565
0.5899642491203849
1.5398774165805662
0.2706122482268256
0.7278134715452325
3.7883790577179752
0.9308350670253276
2.19380689587706
0.11543520523264306
4.132030397668132
1.211413727440231
2.8859967586104176
0.11271703497186536
1.042830007550947
0.44854775952990167
0.4839000642168685
0.62794298568042
1.1694594163200236
1.5250936656666454
13.585950138272892
0.7127077697368804
1.383970359544037
7.920404540243908
4.861164447713236
0.45449647220084444
0.25637284006370464
0.3311531617582659
0.9756142558326246
1.2831523817003472
1.6693885658678482
6.121554663659481
0.572292636599741
2.9836665737384465
1.1017012523516314
0.2639160739199724
0.957369739189744
0.31756649145972915
0.5665661121456651
0.17442104701331118
0.6433003306010505
2.244363883517508
4.079140919893689
0.10631454828399
1.9872971572040115
2.018939347937703
0.3876636797867832
9.621710701212578
1.1088975943275727
4.749318130889151
2.947830852746847
0.6230949886230519
5.722318829524738
0.7333548068781965
0.12995842664531665
8.907822869849042
2.691393741777574
0.929833663001773
0.45139885893877363
1.0959105186484521
2.9490550820701174
0.12371936926501803
1.0109255902643781
0.2625319126746035
3.4969903222372523
1.2932508562153089
0.43294136152690044
0.12959288577985717
1.369343431753805
2.5041021535289474
1.0394653680341435
0.2751827548709116
0.3489058878549258
1.1463919979069033
0.0656917421874823
1.8052667150259367
2.00742881748738
1.5357208144923788
0.1553936326672556
3.649003234313568
4.007249714857608
0.43581627612002194
0.08808941423922079
0.11643832040863344
0.9778720153190079
2.2697155928835855
0.19871385596343316
0.6222660297935363
2.0714433224711684
0.06128136336337775
3.83703482610872
0.4055714899368468
1.1953721176323597
0.16517695692164125
0.5498914539348334
0.13073442568565952
0.4664154825513833
0.467637234571157
0.6537912508865702
1.0754766722748172
0.8709012800391065
4.3797262226071325
1.2567314106345293
0.5053696415707236
3.9913846765630296
1.2251323828095337
0.29186805634526536
0.18545698633533902
0.5159128644227167
1.1160663518676301
3.2760374415229307
2.6733622295214445
0.35271442910743644
0.2451323703644448
2.5754941225241055
0.02560005654959241
2.9208004201718722
0.8397262747457717
0.06781482600490563
1.0932890143085388
0.3228870650855242
9.325281804856786
0.21598479691601824
0.12680642854684265
0.21975850782473572
0.4614579101325944
0.48797410390398
1.5853788409513072
2.6349817696027458
0.5925502192621934
0.42250574167701416
3.830049414696987
0.7668292883536196
1.1066824052395532
1.319425311870873
0.2981761750052101
0.8705994485280826
0.420062732315273
1.3667705889019999
0.944672534817073
0.05899213231168687
0.4939741963898996
1.3872799013115582
0.2559920305793639
0.08500711609667633
0.049180088921275456
1.5550486807333073
0.5677940125460736
4.411621664708946
2.491822823183611
10.935595864248171
0.5588722661486827
3.215837900315819
1.0012075205158908
1.3094571585315862
2.025855145031528
0.13591140932112467
1.5248705161720864
0.36262977178557776
0.25026880684890784
0.05175943960057339
2.895380104491778
2.1512484206614317
0.01405936670198571
0.8350115082648699
4.4933739225016325
1.7089715718029765
0.506474306464952
0.7139704937653732
0.09919689808884868
14.782695557936677
1.4178788865465322
0.3463547600113088
1.70106452282198
0.01934584791160887
0.7201400595877203
1.8606265571070253
0.8604624303334276
1.8733345073997043
4.023822011353332
1.41067600241513
0.06022110859339591
0.1862862548296107
1.5494621649049805
0.19732110376935452
3.781619698376744
0.9819057455533766
0.0712058489662013
0.11366434719093377
1.5214332340765395
27.39362383895059
0.11968919128412381
0.515106659498997
0.8251609007129446
0.16508750987850362
0.05697907754802145
1.8605032692139503
0.4845138644668623
0.20023153007787187
6.891029932914535
0.6852074231937877
0.5604731099447235
0.43265329900896177
1.7497028996003792
0.16521670312795322
0.1126831334331655
1.8238415846135467
0.9690671252028551
4.024631475636852
0.2409170356550021
2.067223953657958
0.07663699299155269
0.1034990324624232
6.483859203093743
0.6449628597765695
1.3604612072449527
0.12707741676422302
0.07294108709902503
0.8183370003462187
0.26557672660419485
0.35156683067179983
0.35759250550472643
0.20677714571502293
0.49907284061191604
0.4075115845334949
0.03568708999227965
3.9000842952591483
0.6656201800506096
0.8445018770071329
0.20681984745897353
0.020381213318614755
0.485811312792066
1.3628728114272235
0.9520668171753641
2.616963988155476
0.42983693046699045
0.5481683897378389
2.0638433900821838
0.07452623236895306
0.14719682194117922
2.8527892480706214
0.03551849998621037
0.15492046427243622
1.1333309216643102
0.08196248160675168
4.6075104356204974
1.2479822759851231
1.3227354658738477
0.03734228022949537
0.36671556850342313
1.0632985825286596
0.024807974514260422
3.9557344478889718
4.152440907768323
5.4615215759477
0.9155299377525807
0.29824544999428326
0.1583281698767678
0.5478558980175876
2.272404459727113
1.7549110356194433
1.6457130683993455
2.7112583251146134
2.314640951823094
0.6900328541669296
0.08876128021074692
0.6060515912540723
2.3346928666796884
2.193732142834051
0.4881681024635327
0.9174849260452902
0.18615800452971598
0.4438406723420485
1.1415561026369687
1.8086240656193695
0.6549614118994214
0.4766573301385506
0.13191061001998605
0.9892668799730018
1.1994996548382915
1.622480729885865
2.069228752523486
1.2430827485077316
1.4248557348473696
2.0584699562969035
0.39136888653592905
0.1995906081283465
1.1174341073565301
0.11260840567410924
0.7971959517381038
0.10864337842940586
0.06794086356967455
0.3340830372326309
0.2538638589394395
1.1785449811286526
0.4748935727548087
0.8419873549501062
0.6177908539757482
0.7843179557312396
0.10548741990351118
0.017105450824601576
0.10733423561759992
0.6095717704665731
1.8931657177745365
0.47720012147328816
0.0027246341633144766
0.30775148622342385
3.5597318041327526
0.3089973297464894
0.4651129146004678
2.2905385802077944
2.6202448453041143
0.08761827669513877
0.6927044281255803
1.0359953307488468
0.28022404458897654
0.11035280161013361
1.6793442837515613
4.922746010561241
2.030524445071933
1.3339580106694484
5.086994959558069
0.9643992426863406
2.234452547498222
0.18563600307970773
3.313295188752818
0.2140021312297904
0.5201945784574491
0.15169688004243653
1.2356670567533001
0.36983995109039824
0.5375651998620015
1.0021265928298817
0.19869640189426718
0.2955198135532555
2.5951335812642355
0.21535741256229812
1.8999098237982253
0.9026757959363749
1.1688984435386374
0.36792558795423247
0.43314900315453997
0.9576052863558289
1.1070707910548663
0.171562259842176
0.11835152540152194
0.8648970754657057
0.8714628920497489
0.6046297305074404
0.1693518015090376
0.01707773609086871
0.9562685310447705
0.2865473888159613
0.5344047505350318
0.8776185234382865
0.1529718023884925
0.036379269331519026
0.3956371924941777
0.7927477130724583
0.24710457411129028
0.11833187146839919
0.6134794997706194
0.4098994704327197
0.022800103106419556
2.22030852795433
2.1498357308955747
0.8788246653639362
0.20454975195025327
0.48376887726044515
0.20470769576786552
0.3206220479987678
0.8602742857983685
0.06319133481156314
4.184053263168607
1.0975950644497061
0.33607291568478104
1.9644520393849234
2.0351635731567512
0.5737866797062452
0.19831409723701654
0.979592998723092
1.4135311897262
1.639415131052374
1.2550291139123146
0.25813274065149017
0.09222800156567246
1.1904212903245934
0.7163311743570375
0.16538932725961786
1.0075642104493454
0.36716920149774523
0.3633039703126997
0.4926906755863456
1.8456985600714688
1.7539536416661576
1.9084761870835791
0.2970119631718262
0.20997341340989806
0.555099372031691
0.12186636666592676
0.695570646385022
0.16400955047720345
1.426729702114244
4.141128310024214
0.6184172181892791
0.7895394354418386
5.496925637875393
0.0794940755731659
0.6851927554889699
0.5800892896950245
6.209359909094928
0.001805190804589074
3.2995227025676286
0.637011098820949
1.0066189079007017
0.44788555292325327
0.11149208719143644
0.9455605608600308
0.07901965318160364
0.07062254472839413
0.19236249010282336
0.006282894064497668
1.848816698169685
0.7110644681379199
1.0650084609515034
4.761604914783675
0.6497750092821661
0.12966735419468023
1.7081237467937171
1.3457167720989673
0.015397954637592193
1.6928232915743138
0.7345808775862679
0.578206904065155
0.1123868839640636
0.1206036399671575
1.6193923230384826
0.8544944576060516
2.1338599095324753
0.6647491699259263
1.981866793052177
0.5413533882892807
0.6959481323647196
2.825687567652494
3.050416599144228
0.1942263911041664
7.328835457898094
0.23162746289017377
8.535384026865358
0.10004605304129655
6.426268893512315
0.16919299877918093
2.488371419844043
1.4594864785685786
0.5928904605098069
2.989826970086142
0.330368450115202
8.347152599286346
1.6652490675623994
0.38252517594082747
0.06098899523203727
0.8851987657762947
2.340030476800166
0.19052358295448357
5.199508676756523
2.583293959905859
1.8027186383187654
0.08398689185560215
6.311900190848974
0.17190578392182942
1.7301994127265061
0.45944665957358666
1.1319704217821709
0.05738611080596456
1.5583586653519887
1.631042606131814
1.355645102696144
1.1001712578363367
1.100906948609918
0.7715451659241808
2.22339275086415
0.029706515866564587
0.9810753531273804
4.21383153161878
0.6880889526582905
0.27476999074133346
1.5810920336007257
1.40773182711564
1.503330110826937
0.5084125231369399
4.433166988841549
0.07241911399614764
0.0993468625965761
2.114843016701343
1.400520660514303
5.50031776263495
2.394801352151262
1.2200456744758412
4.455325182316301
1.2564625059967511
0.5456792439363198
0.2894956497111707
0.7897796493271017
0.22674855291552376
0.8368685645036749
1.517403333207767
0.6871920133926324
1.3648889880423667
2.502412537665805
2.214160888455808
1.4010905896648183
0.910860640622559
4.098901548051799
2.455210687345243
0.02607817808893742
0.21382060208998155
1.0698366672950215
0.4347381137267803
0.2613335900750826
0.2098946953919949
2.11974953221943
0.2730210741792689
0.6321764672902646
0.8645323528107838
1.1755211788986344
2.5815079892854556
0.4176781772330287
0.013380535434407648
0.6912251414250932
0.2422789372430998
1.9678632165523595
0.10907205980765866
2.5135534590663156
0.9451107267595944
1.4830512302869465
1.069111662953219
0.3548889345911448
0.7268908875194029
1.7676926440108218
1.310881210883963
1.6102227992814733
0.8841874986392213
0.1594744259127765
0.19499525345599977
2.0178782954608323
0.10621167789940955
1.2726153335170238
4.230642934984644
1.188726453219715
0.637566127392347
1.5718023452500347
0.6800880130394944
0.08929333867854439
0.3152237674803473
0.6086827110411832
2.1595744536971324
1.4848436839602073
0.4482898987844237
0.0019380651647225022
0.3877376807577093
1.0619165110838367
0.8624760816383059
0.05748613300238503
0.17299935943447053
1.8704777019884204
1.625114506801765
2.472311789264495
0.1096311471410445
0.963316737113928
0.29134639257245
0.4495196477655554
0.04395622968149837
4.285058303714322
0.9578814388660248
0.36903230093594175
0.3292005255134427
0.5651496304926695
0.030417600464716088
0.65499628730322
2.621902556886198
0.0292003481881693
1.7160041498209466
0.7653838947808254
0.22669650091120275
14.529238654053188
0.10242985217337264
0.6568802013061941
0.5933226961569744
4.380948302314209
0.24911353499192046
0.5081947950966423
0.975927508683526
0.3502977786047268
0.2521754868357675
8.014107376955508
9.380652897802065
0.030157467372191604
0.6711276258793077
0.730089895594574
2.3144650002068374
8.829651592823211
0.43157274409168167
3.9899568964610808
0.4335715892157168
1.309554825835221
2.4224640316606383
1.065539323433768
3.5067305723860045
0.570577122773102
0.05820963337464491
0.5679788382258266
0.42931142355519114
0.4793229959977907
0.06940888576355064
1.2065676439669915
0.1748759361653356
1.3840731884192792
1.7768551257977379
0.1587108488092781
0.4382853663919377
1.4507815680990461
0.8490298714168603
0.07531190699955914
0.8875045845852583
0.7401589035071083
2.9654858502108254
0.624702410401369
0.9568548857278074
0.5653789671850973
10.358088716850034
0.661618425459892
5.34808617739327
1.8557316311707837
0.479310389913735
0.022582509234780446
6.96863020901219
4.565981835541606
3.873275300989917
0.8125118022071547
7.695111917535542
0.6058094592299312
0.11033684939320665
1.9678767298319144
1.3015287224916392
1.6235032427721308
0.44632387461024337
1.000998520910798
1.6830964714245056
1.1024529365531635
0.08233015312725911
0.5174783798938734
1.421700119819434
2.781273847875127
4.396153566420253
0.1055549724624143
4.028091268017306
1.0241663615306607
0.8304461000152514
0.3147274683433352
9.357104178146983
0.715062365270569
0.6219703309325268
0.23288913176656934
0.2535953909755335
0.33345127334905555
1.5599129867332522
0.16357935585983796
1.6372626056108857
1.1210543454726576
1.2322690904184128
0.6590358971734531
0.6808181061933283
0.6012582398980157
1.2508122697399813
0.3576819166992209
1.078570143552497
0.20607744439621456
5.192485015701095
0.8683304879014031
1.3275964787171688
0.22562295409443323
1.395829508699535
0.28678830635908525
0.2450386669661384
8.859075504158682
1.4857381121255457
4.420718056506303
0.12168893816124182
0.42439161265065195
0.6017781687769457
0.48998654250317486
1.5631610581694986
1.3964827034214977
1.5441543181659654
2.922653018082201
1.4482413995501702
1.2397354335771524
0.3311897373641841
2.2722119595346157
0.742569470552553
0.19576614815741777
1.3299063902668422
0.2526071395914187
0.94136960637843
2.0610009198644548
6.1458753368933685
0.10258444341889117
3.168633367975417
0.7287032223684946
6.495544112214702
0.593295980761468
1.3671888872922864
1.8384161865033093
0.4802249323911383
7.476368343319336
0.22869628943590214
0.25076225373049965
4.642499919209513
0.28092107601696625
2.5255226992012467
6.196381098248821
0.23312605176033685
2.6611070161452517
0.706051000932348
0.20831869949324755
10.212693216119078
2.635568188110483
0.3777482201112434
0.13211246285936795
1.7112787372680032
0.614000051326002
1.7727036864162073
0.9166478547049337
0.24967612685577478
0.7963131809810875
0.7919155963681987
0.8016164709697478
0.5219229356443975
0.8104572762895259
1.34725176707434
1.9656118784623686
0.4450999790933565
0.38207184331986355
0.9557576154038543
1.1572242566326167
0.48293070992076537
0.23485301700566197
0.656207842665026
0.8631961322025745
0.3170762781810481
0.9067500277087674
1.6959029672652832
0.2466026473484817
0.948063006871962
0.6496585232162033
0.8139550276537193
3.969454245911038
0.9238582349935314
0.21841885782487225
0.04565655910118949
3.050080405038898
0.0386153419240145
0.17976408456888748
0.0922799631516682
0.2645653476429288
0.08239780817530118
5.055990654043853
13.755281261532218
8.919658184262516
0.01693119668198051
1.5080056831866386
0.08105820018681698
1.293462409536005
0.11502378671139013
3.4699015583173605
0.4559810578793986
0.564722055423772
0.05564403970493004
1.853902485621802
0.5716387941356516
0.8761543126965989
0.571178999998665
6.630396525360993
2.385939790503471
1.2838390693286783
3.3036712458415423
0.026315741190046538
0.8054034530650824
0.5967591805747361
1.0802984836700489
0.13488059782685013
2.261873083705723
3.6439199200031
5.17834462322935
0.899743902598857
1.6386843839427456
0.32323176649515517
1.9641512700400199
0.1684223246847978
0.3171331601552083
0.43812803599576
0.9012614785169717
2.2941798987376387
0.1710427356447326
0.024645679470268078
2.4580154279319686
0.6329549567744834
0.7302472141818726
1.4101648224532255
1.2956960423689452
1.3069187772198347
3.0938033992497367
1.3849731040754705
1.5414842351237894
1.306396419990051
2.032345609710319
1.1545733351595118
0.03686138911143644
0.25823180407314794
10.509903737292916
0.7053142998556723
0.405960806645453
0.8865607882107724
2.347135465905012
11.502637560130097
0.0970243475821917
0.08199812559178099
0.684287324482284
1.571965766917856
0.34312989143654704
4.198124369686411
1.1043470096119563
3.6321574672183488
0.952297235991864
1.071528797292558
1.3096359738628962
0.5975195071732742
0.41053034832293633
1.8106006986345164
0.9021478753711563
0.46623736538458616
0.5907932155096205
0.6991853050494683
1.3427744986111065
0.4675105033820728
0.17820320517057553
0.028077850067347754
1.7230240930512082
0.04407203084701905
0.34705719444173155
0.4450707162832259
4.933782597450772
5.470049459763686
0.1127187532329117
0.027734939016227145
0.050753743438690435
0.5226380468375282
3.1412051921579405
2.529137668250769
0.7099117837424274
0.6586632542312145
2.235982521007827
0.15245813319052104
0.1973032654786948
0.26346253707743017
0.774793326825602
1.1238384732132545
0.2685021540237358
2.150993291186751
0.12839335589524126
0.23206246001791442
0.0574767837242689
1.7911776979162823
1.4502247667041956
0.27771486093115527
0.09084977243765024
0.17862494392466033
0.05423932586563751
3.113619118674251
4.397401596230338
0.8768285879486939
0.6328581425113953
1.2590761406972888
0.17880975194566417
0.058095899439649656
1.5661114257891313
0.8716592960336129
1.8179840554075781
0.15544411665177904
4.50874931463477
0.2259689670318039
3.4196889776867465
1.362858978973236
1.6874421063330374
2.7116554465465015
0.2383897010658984
0.07093414727569325
0.018244070910441224
0.033207243839569855
0.24502155983645935
1.2322019146886305
0.49311781862343196
2.7913024193621823
0.5680958992234082
1.8773954731223057
0.1811774668894941
0.7022605259771808
2.392043584899511
1.1664808058558265
1.2540578421176178
0.3240153196020401
0.15845280457870103
0.4017021364852553
7.14115510838019
1.412655753083527
0.532118776194693
0.5740611558576347
1.4143636342996615
1.8835216017905623
2.175981333886739
0.27109736359125236
0.40677573698485503
4.271835302293766
5.526476217070012
0.8201237004614086
0.5854488373006461
4.137352373290923
0.9286306846188381
0.3723137665729155
0.6294510153893498
0.3202050819018041
1.9998198975226842
1.2531215978451655
0.5424958069415879
6.975162705712137
1.1486475756100845
1.4682947664914536
0.7610359012032859
0.03568281417392427
1.6573023303499212
2.7158045468167984
0.9455492389970459
1.767821654335421
0.10186080001585651
0.35795104585849913
0.15405019093304873
3.6790976919437526
0.3187857334778528
0.3982382400718052
0.8388528160721762
1.378175143887347
0.6964705855789362
0.7393058584930259
0.38625796101405285
1.2051817133251461
31.897591739492782
1.4977440436705365
3.6174082942161476
1.0365876252617454
1.2098761590168579
2.3796259550072136
0.41445197203574935
0.8560211297881324
0.2783287298225332
0.03516110629425384
1.3508620559441624
0.6710248275558115
2.0263656321985763
4.631482295495516
0.8513523373476346
1.6674238935738686
1.1288330122551997
0.6701710913475836
0.4831501694934559
1.7554398441934609
0.05753557395655662
0.039940368667885195
3.5877992947789608
6.014249399166147
0.17529333719721762
0.6667607411654899
0.2779103934226441
0.18934774511581054
0.4124629610887496
0.9698112236219458
2.3167195973728667
0.7126496179407695
0.6178613431911799
0.813281956478022
1.4202113556093536
0.6671512906395947
0.5040874279366108
0.0032291776733472943
0.051303137799550314
0.09531001114373794
0.11173585602955427
1.5310811844974523
0.21929374276078306
0.201132860929647
4.1365041260869475
1.0787856177339563
0.942842553689843
1.029271049912495
0.11008770511398325
1.1994059891949291
0.4169202568446053
1.3128838730917778
0.7351481095611234
0.18121842421533074
1.3943643105303636
0.05584940017433837
0.35015542090695817
0.7731050374713959
0.19445173407439142
6.469667273107916
1.1575012407047325
0.07886446921474999
0.4026918132803985
0.6980553640532889
1.3265057594617247
0.2859497322497191
0.8879738971590996
0.5978675233855029
0.46459751857764786
3.6904802311837557
0.2934505624216399
4.9998515941842925
0.5437477308441885
0.8869220923370449
0.1490041911310982
2.129886451017228
0.8167876463267021
0.26983576227212325
0.3309835292820935
0.014891910024743993
0.8767607777845114
1.0182369755711989
0.1699193644890329
5.269917152276321
0.2095913744851714
2.0386276309072855
0.04791408741584746
1.4041409111014218
0.891409163872595
1.9169947892587516
3.4806975803294335
0.05853532440960407
2.3010511167522054
0.20571595552610233
0.8061596941115567
0.3097967111534672
0.1460464286574279
0.07492369384272024
0.18982278298790334
0.4790372481875238
1.0716688939355663
1.2539880648546387
2.0827127412630944
2.2650715552445035
1.1162762392123113
0.0638809654119541
1.327128276359872
0.35022915664012544
2.718380503625667
1.1275379101425642
3.7060687214616337
1.9424825817113742
8.231814400169242
6.076452111294202
0.3020807583234273
0.2526829443886527
7.903692916421278
1.0620232546352781
5.204206516107661
0.5912679418252083
1.1270723143024952
0.6143401798544801
0.7255137313695741
0.18124332390289055
0.7986849225926562
0.5558451122196857
1.4559649417788023
1.273444666796422
0.9382687670367886
1.803300451982068
1.9665120978825144
0.6862374230840942
0.23092646688019158
2.2050515703012934
0.08761520627740538
0.07140992134372937
10.508388913454837
0.22626175564801088
1.4675700074003544
2.1596158721804386
2.6513815984362736
1.10174026855384
1.6315084133748314
0.6527128849265864
0.3521430737746414
1.2733182718438911
0.40423265199933667
1.0297826397363679
4.016321982308
1.0144879041035892
2.144432322587818
0.49137857362802606
1.9593575561593752
0.33739068281283835
0.09167824455653317
0.4079225354580558
1.624576217334834
0.24156940320244757
0.5679109796619741
1.261606874228164
2.437672612410097
2.1512600262794876
0.881150026609248
0.03482953020284185
0.6535348218894796
1.9359056376488297
0.8501820640158257
3.7325244081948767
0.1774396102191531
1.96713075065054
0.8329768600815441
1.8451650733550196
2.6007115041429643
0.9882652382657398
0.38459385573514737
0.02179776641423814
1.5481058969526202
1.2533825916107162
0.7513429320169962
1.7462799876666395
1.3051228277399787
0.5375805903240689
0.5589645598083735
0.12419693706760881
11.10690284287557
0.8509255922035663
2.7683612118125893
0.22042573009093758
9.145768710266566
0.42685249673377257
1.9667004545917735
2.121312917675823
0.34536269406817155
2.180584141307918
1.4113297264411813
0.7810846227948787
0.1623944409802789
0.8997464531057631
0.9741005208779825
2.67655529910553
1.5673930489065242
0.39593783961754525
0.6310311101769912
1.5081564384163357
2.0788622895342996
4.371635840943782
0.7299327148648445
0.2922711434948724
0.2113770699579618
3.1469240624428494
1.0310082871001214e-05
0.060273721974226646
0.2708056828851113
0.1405522163695423
0.6619349540997064
2.203344688321522
0.20352556683064904
0.836585346260108
2.5414470239848015
0.3411593438577256
3.5251010242282064
0.09916440820961725
1.6544364923611283
0.08468136323062936
0.039485248758865055
0.245690883086354
0.0781393764555105
1.1802715171506861
0.9579081959600444
0.31006210158375325
1.3170468152602552
0.4923617357198964
0.35408329549682094
6.556455452955561
1.3467615257395664
0.8403332087109447
1.3647747457798687
0.9798824913741555
4.285086409603537
0.18480909718346084
12.53773759095202
0.8165277454463649
2.1088018659793306
0.4914264393009944
0.549678667455737
0.33037146212154767
0.017806843410653528
0.5248111303662881
0.9876771961207851
0.7530510171636706
0.6464409375621472
0.9714182016687118
1.0016231270128628
0.2750143418670632
1.213756160264893
0.1681453917262843
0.36810801221145084
1.5836332104736357
2.207706898036122
0.5778996882509091
1.1132382318101008
0.13256251758139115
1.1250306673755404
0.05883258599351393
0.5610138329211622
1.0065562926683924
0.6897221327162697
0.05538012640317902
1.4163135377457365
0.8034174817948951
2.0127326040019398
3.739465208083857
0.1792722399914055
0.4966605326408171
1.339739430222835
0.986786866793409
3.59892124797625
0.6819235877264873
1.3094268222339451
0.7443710084990016
0.7454525335706421
0.2704826081317151
0.6436277410757612
2.998923954080965
0.8581111134044477
0.5650647050570115
0.9152881827030797
0.5258539009009837
0.2210619960751501
2.030754722407437
0.44577979047608096
2.4929305848127115
0.41959721202147193
0.12445650618610671
1.4698224781750469
1.3267961235178518
0.5590939922985854
0.6913354234129656
0.09510148227855098
4.03269034367986
0.4505451333898236
2.5104371480629197
0.1041893023866578
0.1092470706498716
0.3632268974688486
2.2679447602204164
2.7527537266432773
1.7130908632389037
6.218530895363074
0.5963009303741273
0.5844368195103016
1.2552344010400702
0.28463555924099637
1.5435289893648587
5.564180128603766
1.8787315328590921
1.035314644468599
0.8194057257423992
1.8781204678234644
1.2564872536968323
1.1436318584819674
0.19950817874632776
4.653429022713681
0.14250406449718866
1.8696332330218866
1.4475198817744968
4.4180641085258685
0.28264047702396056
11.25212953359005
0.7408303640258964
3.9165614328012452
5.778015353971568
1.0410034607339185
0.06570515097700991
0.28308349383587483
0.32487814636260737
0.09093948350346182
0.24713847156817792
0.2363984123658156
2.350177831147448
0.1825675047657569
1.1749039576607174
0.9447244626717293
1.5900712792790728
0.33847905725997407
2.7920935880974866
0.410353426457732
0.5164087443699827
0.2973804367647972
0.2995836658155895
0.5827983805793338
3.636584518601012
2.791931025349186
0.5340385793606401
3.1155677711212775
0.022533764167746995
4.491739461380348
0.9907869501548703
0.1781141459578066
0.24599061105254805
0.809211757099547
1.656054705264978
1.0995524191384902
1.8386218709565583
0.46714582942513516
0.3931200955848908
1.4935748429707019
4.061495754562202
9.994016952179663
0.4555904496955918
2.338022732270474
2.7053676981377066
0.5270966789394151
7.8795288667679415
4.270486624758632
5.947612611184013
3.3561339359366684
0.08767344823718304
0.12061953027296113
0.004359729653515387
5.3369019454403315
1.215095818246482
1.362159326861729
0.2855390400727629
1.0183364548283862
1.070808457378007
1.9705550080252578
2.521127911124495
0.9920268636124092
0.19365339919022517
0.47300757966877427
1.5162557135918178
1.2374263180827256
0.11790672186180018
0.4548614943487337
1.0714670909219421
1.106553855126549
0.796939452571678
0.062397439338383265
8.489267129938526
0.8694852713597356
0.06921757706004428
0.5748305098386481
2.821371543883288
0.36921323596470756
1.3015810407523531
10.870128855851362
0.14685033125715563
0.18786955306131858
1.1825263003775035
0.5250949563633185
1.9292717210992123
2.761872714945639
0.3020502526269411
2.7521102880855324
0.8173864315031096
0.3205006415664684
1.7955159371194895
0.3997155469696736
3.26624143756635
2.809492082997167
2.49214966949512
2.7139295819797553
1.6848762551962864
0.23940129152470035
0.23259716562461108
0.20718899073835928
0.42649520833219867
0.19392703702760627
0.01792976463184459
2.4678470995204407
0.13233826758369105
0.22447632510738913
0.11861053940810962
0.6560329972489853
0.36693754295265535
0.7158454045420513
0.418779862797237
0.6426463117968524
0.3522839529759949
1.7453306932147825
0.16197756132896757
1.2691898190969368
1.9019470679486403
0.9188366779999342
0.0027079362771473825
0.25589952743030153
0.8379737847208162
0.2621832258082577
0.6804054832173279
2.6048433377436595
1.2289776563411579
0.47073319220362464
2.648843710005167
0.631408053865016
0.27868513739667833
0.20477169878722634
0.04853684541012626
0.47632239674567245
0.19882437330670655
7.158937221473025
0.6686728401327855
2.285911274368118
0.04687740789086092
0.3521208344754996
0.36877415616618237
0.6387938105908688
1.26664754338708
3.1856237601023167
3.014144088156172
1.9238851432164665
0.8114044973408454
0.5816861943967524
0.4280612559450674
0.29932682387152454
9.159786459633324
2.0494351721572457
5.377827119642461
0.7913052557705669
1.0496873319789302
0.9129627668226021
1.8904068370975438
0.5111877177187125
0.3623524034919683
0.0069612554216291755
0.5817200885649072
5.424332709379087
0.1446602673822781
1.7517912323746714
1.1282652570225764
1.6950081215036334
0.3383638244049507
1.1949427965664654
0.4069612470411812
2.9944133066092036
2.2550273888846277
0.3916330696520163
0.1114326589013217
0.4134922587618348
0.42493850950995693
0.6157047059605247
5.600983034040837
2.197957383628818
0.0425014529391774
0.09483899532642681
3.688604219816625
0.2743464379600482
7.063108689086221
5.2196093756647315
2.5585248147835955
1.1770620202660211
7.7682954872070695
0.03386763558955863
0.20046359686239157
1.5269216263041017
0.3626355702872388
0.4099020496942103
1.4892583409673534
0.011419626702263486
0.42055703917867504
2.416911290776625
0.6211278361297445
0.19476401463180082
1.2593879670166643
0.6111072926287306
0.2744714991567889
0.12488062598276883
5.906317230655986
0.762540394840471
0.15338107841671444
0.014469377005298156
3.038540167195606
2.1244240117666777
8.095092650968581
4.033602043658902
0.5981052783536143
8.167919751038426
0.0593892619071994
1.1632977409681189
1.8018748010217678
1.7089215079395217
2.6997143452463206
1.4403780417123926
2.242366500729986
1.9408835708818515
2.034167599347711
0.0333266827656189
0.143060281072394
0.3311504365556175
0.6703901129076257
1.7949645046610385
1.103584312942985
0.694135689707764
0.38635534980130615
1.2180168166596559
0.5258147412459948
2.633508108687238
2.5762799051371985
0.23157638831617078
2.4611345180528588
1.085596993129002
1.6114619133149972
0.05761564677959541
0.8142092531415983
0.0056075667816912755
0.8478070468190708
0.5754289452743251
0.011270807670371141
0.5832839346840046
4.107888334925519
0.22729295240424108
0.865034114503942
1.1454396570989047
6.818511136567395
4.043738359148847
0.21192577554029413
1.54852084707818
0.20743649442010792
5.044285611809755
0.530713910346094
6.36660735726764
1.473732044811186
0.6729226045426913
1.4084972983182524
0.48866105057823006
1.352505520786508
2.730580539719085
1.3471715698688058
0.7823053419415373
0.7791055718698772
1.1832663080640486
0.10026503410335863
0.23863140989124076
2.3908476368305855
11.635392358337413
0.49553637858480215
0.8337443197669927
2.5523808068974176
0.14738604552985635
0.31810423779825214
0.03686509759427281
0.25554745166300563
1.6109899979710463
0.771066339337267
1.2303639891615603
0.8058890397078358
0.24709472729591653
4.743940648615535
0.5294926462665899
0.24518895719666034
2.000483055031509
3.5867420073773246
5.420016986550763
2.9922942428602255
1.5016356112464564
0.13848201922519365
4.4873856919730315
1.4166466047754511
0.06915057465812424
5.515176956992946
1.0013970928412164
2.787354224390583
0.24316857668600278
0.6571013396242051
0.45511555632401723
4.267689152555249
0.2038750438950956
2.9002657466044184
0.5422930817512679
1.1614679702179274
0.20532551418000367
0.25324816298962105
1.1477533569122897
4.0694927577642375
0.17233845854207175
1.2056744820729364
0.2012270331106265
0.2734795303840656
0.6147953018880798
0.8199614807672333
4.482565666643495
0.39850653830944793
1.6697055247350363
0.8533040829715901
0.02657613104383927
1.4194809929613257
1.6748433724642382
0.7938740526078618
1.1129386403044919
4.9853088718882645
0.8312614347742056
0.2927667407566332
1.3753351435589138
0.4334254903078545
0.10275242111674743
0.5185725991832442
0.22104021195991663
0.5085914567389409
0.04668667068472132
0.026081591393449344
0.5113451257930137
0.035721863197977655
0.9312063557590591
0.5982802954749786
1.4859670572332107
1.0457547271653311
0.08318727748701349
8.00513777291053
2.3356940218654927
0.06347303652728442
1.092726643430069
1.66522843871644
4.670793259247148
0.6936857663968112
0.28819562406715704
0.39023968009860255
0.3814178420288954
0.3627206417368143
0.3501488811598392
0.26344870272441767
0.02492761061876081
0.5462552386015886
1.0623922212253092
1.653507208051451
0.6938087123126024
0.519088599125098
1.446671253797831
3.0342625839766697
0.14017160741059342
0.4227194254635833
0.3736729911179282
0.04574917100399034
0.29325249799876474
0.4505275916235405
0.48117033118614927
2.7654311085352674
2.830667276211898
1.1231253325968282
0.39448303574317833
2.833608971675858
3.1599378711471218
11.050596091728949
1.7220867725918652
0.5861931175240898
0.15021067549969302
0.3282025845546741
1.4426420764284558
1.6764446438392042
0.10410641701309942
1.891833343084727
0.11374606446770485
0.4120497353578685
0.058353916072519496
3.3880720320739783
0.10174699878552929
0.18421496355585987
0.8437269406858832
1.620799377291405
1.3773355701123364
0.2465376647087396
1.5749632710721926
0.9839162728603696
0.023707376822130755
1.3246338062672294
2.560560181213077
1.4772239522717427
2.3291594645997975
0.1914276709285332
0.4469514140873798
6.543182132561924
0.31825719034532085
0.80263599173486
1.3898654463191633
0.47999578192684567
0.5095076751895249
4.030985381497885
1.4239603378155152
0.6673088169191033
0.13416701419191668
1.3491334167702007
0.7518881149517256
0.41101667645853013
0.1785349166530068
0.9081215797996265
2.5796244826487964
2.1376540045748698
1.0333933875735966
0.15528112524043536
0.867632447690994
2.277466673469462
5.090838583942968
4.249853352885111
1.4623164892254863
1.3363357179187005
2.1028197950145113
1.1120761253187084
0.7637644996502786
0.5132806266483385
2.855533256661147
0.0031896520740701817
4.615974942913454
2.0768258592506754
0.5436708360502962
1.0437285168809467
0.13255176484381082
1.7564766320065246
1.4265770302154124
0.1925011925122817
2.040202444564784
0.6495847421174403
0.30726252483873395
1.5803165405595792
0.30639933540078346
0.7448380854621064
0.11002910901879659
0.12106059810321312
0.18584882233699318
1.9236178581995773
0.3729507080570329
8.13055248343153
0.09911103967897361
0.024219571736466605
1.2448845723774866
0.01215748207323486
2.5373528307536617
0.06067967659328133
2.175227630264999
0.11756246225559153
0.31324983370723203
1.2123849267300102
0.36672535091929603
1.0959836622860166
3.5160812598187476
3.1983310259893187
0.15758031012228457
2.156663163776102
0.36772155951621244
0.19276542694569798
0.26122028913960094
1.7572987481253222
0.2511557488614926
1.140190017016721
0.030379774507309776
0.18284126905200537
1.113163375390286
1.497924584808061
2.0991624177913764
0.4542834856911213
0.744257182792353
0.0919541533512529
0.22876475535304053
0.6670188478383352
0.48064007309585577
0.05489065037545515
0.11081114479020471
0.4512422734987922
0.16751446243870305
0.6597321875888156
2.4517866074093035
1.9328702369894017
0.16090567300852854
2.0813981669343775
2.208904195918876
0.07447638142184587
1.3518079007262713
0.2783220908168005
1.1218961969789234
0.21688385684683453
2.1925052773949574
2.34298112437682
0.5408782049780712
1.4033920840520295
0.35114271390921203
0.11731151830463205
2.5286422166100238
2.2750774942687713
0.6721302265941631
0.9752805635434925
2.256242456023756
0.3447121158678783
0.2984891541127581
0.14974107453599572
0.8674009716196451
0.538762478492572
0.9119168112956686
3.210151847139059
1.922606638072466
1.5631734660928487
5.817564530290838
0.7335937220123014
0.32442344325681916
4.367438659493928
0.06347427305445308
1.200852476307773
1.3918707438133424
0.5238106088800123
0.3600911249013734
3.278937161900103
0.052501799473247956
0.022035590205632616
0.2762415215256624
0.19464664172119228
0.1893799511526595
0.905746132339118
0.012000843307760078
0.4999310547573259
1.2578780521580484
3.5567748147368548
1.161917290686688
0.9321491953523946
2.499844648918952
0.3522857940624817
0.24715060003654798
0.05829522106068907
2.4401636249094736
2.9005697932298062
1.042096378216229
0.7338775022290065
0.4264787610154599
0.24513313658098923
1.290479601273546
0.6265618953111698
2.4327126237985794
0.018524078164773528
0.7022317796654534
1.587166980294569
0.9581792958706501
0.2428682532045059
4.471961196970369
3.7325420577835757
0.07999591440602671
3.365637741764658
0.10252386498905253
0.5306630789636984
0.09188774307403946
0.22208913584472612
1.2910264358433778
0.09223272123927018
0.8707431098591769
1.0457158205317683
0.14407220367866103
1.1956455113686388
0.08810299279139144
1.76853427986498
0.49164452598051867
1.3928425513004186
0.3252956132419058
20.01149324404105
2.4571741467225365
1.2600599004799733
2.880110334328492
4.592591599779553
1.0350378828734392
2.055141502045444
0.17431560850673122
3.084096507562208
6.51251414330909
0.30457707751338603
0.47955396620818647
0.5562319538294105
0.3258638969200547
1.9975308532084455
2.1829690677914186
0.18578132899710909
1.3655612020156696
2.8641128707604366
0.8707656594051514
0.08748358148295665
0.1607615825123503
0.495472229195002
0.9668824835462146
0.4121249927775352
1.401173238926276
1.0790723456884734
7.643916889348475
0.35381613240315346
0.5483975044699037
2.8970367451256607
0.4337224416740355
1.2669342444860376
0.0340019596478669
0.02941294700576691
1.0573272331021144
0.12192556140507804
0.09024475269688992
0.13914010812004562
1.1733297402897733
0.4235830669495044
0.8542362709631561
2.7728519489173777
5.316696623980533
2.3850841826351825
0.9937634400848765
0.27563921335240593
3.5595418226439506
3.7049325141560985
0.1702464602640248
0.46023838843393605
0.4947180139424745
0.20016898628819035
0.7171760406636167
0.9355906727359979
0.934716322029999
5.97732389428711
2.0286155053181574
2.0989675664313836
1.0969054048910039
2.2784639092787984
0.7550248185798409
0.3944957733692718
0.01634326526254881
0.46939132537227124
0.8694118372441153
0.5230417142302031
0.7929678522850736
3.022336732734402
0.6464581295003882
0.49512019734538626
1.9764013749954756
2.895272457644751
0.765136267116759
0.40280969910963904
0.4161153696477413
0.8126966817144421
1.2662813060014741
1.8071779426027206
8.31008888035285
2.2261733151535736
0.03919410251546651
0.7408538499294082
1.171562556817662
7.921555988905311
1.4999168298309087
1.5164491863761214
0.13002875228994526
8.611785927940218
3.0042679594043875
4.5782869295580895
2.4120186294749146
1.1175096425868105
1.9285808092317893
0.28495788097643526
1.7398624099296285
0.4657670761080226
1.5142671607536613
0.2929334725631634
0.3058636809582822
0.15549171081511304
0.22960206009884132
0.46004663095664
0.5090213612857042
4.260165931991651
1.584786043211352
1.1554559691867325
0.15511657198658213
0.9783163085812703
0.18241741073870799
0.22307885729969712
3.0173770769688417
3.2963309359329287
3.085821616798057
0.27310437858250225
0.37659765927674016
1.8169426423919504
0.08146320001105778
0.20832300926849712
4.373582575761247
4.032128042264958
0.2301503754206351
0.33938558423687937
0.12275054063502466
1.0672607142550987
2.2496343990642345
5.897834142087959
0.49348241223196965
0.9657553900397033
3.463903427393234
1.1232734480581712
0.008520091301761568
2.7190469459237647
0.27294086594338296
0.7313114504868281
0.5959504232232575
0.2784506747411797
0.9493523837882094
0.5859476364057628
7.831479880806
1.0991689622533158
8.525250943821447
0.11008103236235911
0.08273257356631802
5.6253300350144855
2.2918977248627925
1.6227778822067194
7.288784092947026
0.7268544642138295
0.048664378497051075
0.9914328311060672
0.09648729532636935
0.9530357448384166
1.5262042353278957
1.7938561517221387
3.1036172986059682
0.057868801304721273
0.08237168952473439
2.3504111809743335
4.529197739400843
0.8411321071398561
3.085902448910929
1.1533393924182747
0.71209411448217
1.3790684882114874
0.18106141580210533
0.8156536075548502
2.5624291304993676
0.4630191798278247
0.1954024085207493
0.661035244447703
0.7168859916200745
0.34820350255904486
0.15883038722677156
0.5913300406100461
0.03992635339091066
0.14944699274201412
0.3605266153172124
0.3833945067890454
5.916289151835372
0.6907847912661964
1.5109331183921313
2.20041539358499
0.7724488111052779
1.0977882300139754
0.3272611112915911
0.7595346390808118
1.0891436443343991
0.5781660409702454
1.9152243329226621
0.5487426753388718
0.500819172077172
2.1361325718462467
1.0250894386990694
4.393442254884576
0.25907427485799417
2.0071730200652382
0.1318690487096319
0.9708577944547869
1.2368375130245113
0.20982604548771633
0.35285832319641486
0.3246911313399323
0.3574210398073774
0.8797292294475483
1.1148378309080726
0.7653296427524765
1.6754972172057023
0.6447163168049883
0.5663372240305762
5.473320077187964
1.5960205784722348
0.5263060280267382
1.8924375360293197
3.404423737563775
0.0525151661640848
0.026663655960874166
1.4585383088997332
2.404839269220247
1.1452572545604198
0.6923084838563227
0.3534485774944187
2.628697146756167
0.4961451865528943
2.256126327170932
0.21936786194419255
0.19528709594305838
0.1420567702225526
0.06174951986031374
1.7322709509680863
0.29865854357922217
8.64400431553804
0.016602707539277617
5.384375738583913
0.591833329614019
0.07956672216096194
0.6841520400193986
1.004727047708002
0.9375687448991812
0.2651621775148669
2.0260867769029574
0.48080524338729447
0.2187556559802033
1.3682324111941853
1.4756437144023948
0.663581974869885
0.4336160115635721
3.327663363139436
2.190094773817691
0.4164464219502406
3.4002042659267318
0.7132785317880916
1.8384018250289955
0.7658065257055569
0.5359556454277481
0.49191193360456964
0.45237451051798416
1.4688413446492632
0.06092223568703048
0.604552232340211
2.4659490692429245
1.4440415436329204
0.308728906828037
2.846786033042008
0.06358419440948637
0.0889132627271465
0.11813694886950543
0.2795548187350505
0.3936418255252647
0.9284987974097021
1.777144803883857
6.0464881307052565
0.4787646122131264
0.2993860017013503
0.829908693129255
0.5810545685671968
0.6560601843812037
1.7616452646980179
0.9951437547715614
1.9582103875945904
0.15409205773175927
1.3321148333780002
1.2513036648306297
0.23847603119793348
1.772304353034997
0.4988935951187159
0.8883867790718796
13.08396108103625
1.385069908996229
1.3112404083221918
0.7333875332260504
1.4016312500534696
0.48889488426357275
0.338308697741013
1.0465880609481246
0.2529368691830314
0.028587146822246723
0.021770080435089767
2.108233343104075
1.1167146013031015
0.14614641038497211
0.39214620598067995
0.33199290350603405
1.2039402322479873
0.5085580700324499
0.7535435650061117
2.919218836708751
6.5167997599055525
0.884662525721069
0.21993193434173008
0.029500431286578532
2.629136956653383
6.374185596432653
0.6811541660281364
0.017791189326089807
1.9121419115253957
11.080568126548314
5.104657868563663
0.8022428966651205
0.6010787474078825
2.17265370899986
0.9762183617931441
0.2938647322007455
1.4478580746144871
1.0230574114975752
4.362567706230038
1.6912176879995968
2.5294171730492963
5.400613904617785
0.4388083084631944
0.04971011834277306
2.067431771909469
0.41576760473981267
0.5404024572126218
1.040819668858603
0.43676730806328123
0.6890696594273322
2.384016544885526
4.491284790070495
0.4392530324330437
0.5048986600668286
2.0805171889805933
0.4217658673878759
0.3963534327413072
0.04903984341217438
0.06395856753078988
2.365704020638077
1.4193051925467444
1.2578658164129592
1.2687761211855104
1.433594571382855
2.492153939230775
2.151281018210284
0.04273776307672961
0.7726700931525556
2.3301150830156985
6.696259652322624
0.7531588792553521
3.0962109594183858
1.5324937297264114
0.32970386475062696
0.906602812865458
1.4980709229566855
2.220360532439372
0.19851218805706594
1.2375354594478267
0.45489387211273424
0.2185909835025086
1.6137537367030745
1.4362838400120381
2.9142246902702027
0.5207180749421241
0.4764660478249425
0.1697377101663733
0.44968059213715605
2.46856571657554
0.23103492586960783
0.8170768939962727
0.49310666225937894
0.996064268387272
0.46079258963436587
0.9968048981463653
0.8939200507520582
2.5831619852688164
1.247145676665241
6.134554634554661
0.516276931957691
1.7887692902731942
1.0966400599645567
1.1650155287716188
0.47450813603791175
1.7048901921807555
0.039710680044663604
0.49235815351858037
0.7430081728816731
0.0871157702349592
0.5486889235326089
12.623209004595992
1.645125824601564
0.42401106769102626
0.5017961256380659
0.04872935762250563
1.0993515700101852
0.26565955644036876
0.13877862363733584
0.6075656620741938
13.474087263071851
0.9004402901555295
0.27156148786161793
13.622320215916261
1.3433159859923762
2.46695947257831
0.29083321506914217
0.8605834739573766
0.6534735834065941
2.105889043523348
0.8153988039994147
0.6487665730237495
0.6688227347694919
2.253399734829145
0.664372809442284
1.0760205375045189
1.896743488352513
3.0213629784993827
0.03457095036719693
2.761762127709517
10.79189964573743
0.1955050826218212
0.332686822694086
10.150575820123777
0.26403108052909374
0.07530512834637193
2.338258461211808
3.5682223562762374
0.07015937868709443
1.8075686810479965
0.08131251020677155
0.038696654730301816
0.16471987463592086
0.24448266042600153
0.5826283817514195
0.6436984348256374
0.3309614705867716
0.42146194832457695
9.248532854129735
2.1025695960852318
3.4426173919273424
1.8142495227002655
0.11957540296134539
1.6147017322291504
0.9533683002664475
0.3813575739332009
0.8985004690548521
1.1176645190935233
4.531294284308387
0.7623034147400176
4.167421780119184
0.8110563320442452
1.207572330495168
0.6692459199985024
3.6473143914408865
1.4474019557674183
3.23685055430542
0.10310234479402425
0.09830506842263276
0.0816943348327186
0.3251623484029551
0.06653187431948027
0.47674946649203775
3.256980232865317
0.5983500049114809
0.5397479283710709
0.10861580664641224
0.03851823518198216
0.5982983592257369
1.4941292005605646
1.9196537268071552
0.4511292783136014
0.7825032449618448
0.8152022427966585
0.17854525863367599
1.88562369459396
0.8285164279513992
0.15771754610614153
0.30892115907772677
0.003293550602393225
8.05831389715604
0.462287630449282
3.0616772392386338
1.6769403771177167
0.1413514802698046
0.37966908849193715
0.20967603971803328
0.6961191342197708
0.0934062122105388
0.08865171553043183
0.033504193677799776
1.2614756561015383
0.5419843579438748
0.5690866215954884
4.913773932072218
2.2227828513641725
0.3057749920117203
0.07704593384551117
0.2561548852972919
0.023261973161424976
2.7341113238726393
0.47840271776658483
0.44430307704169536
0.6386068496285588
0.19366090135736158
1.3723142587841721
0.06615129199053627
0.1663551258679945
0.34887031649122946
0.48764994443627074
0.3566272567404667
2.552427986593102
0.016693143094016705
0.4032152056679479
0.5064466456678929
0.8106143887998769
2.1409056267002597
0.5975223180139437
0.13925413354445482
0.8705077312915819
0.5102286427063518
0.39278738645953126
0.37130959724891
11.706094123772345
1.0335404881261638
0.29528699460206553
0.3701079318707343
0.5915210190432845
0.28713710462034214
0.05064081928139785
3.2426348319204408
0.6566797567138565
0.185951029190619
0.07776025691418909
0.3248655304487329
0.013833988377882633
0.20646888972987654
0.42762869865691755
1.3870646357681835
6.345061868865741
12.003264986917202
0.5064719521251391
1.881871625155327
0.19984153936093207
0.44031362215901027
0.7995792069050367
0.6073965997275081
0.8300807162886485
0.4680456630012486
2.374959986838803
0.11358941103389952
0.46701870049582794
4.69701086726127
0.1724967940172064
0.5469895610658568
2.756456852403062
0.8535927147167968
0.23694311119470512
0.6770951160797267
6.208654657792067
1.2381912610289874
2.1959274653272587
0.471096121968003
5.143658114327991
2.7960624604093027
6.9892188776429975
0.5815383810477215
1.9352532221018919
0.4719311102599022
0.888094373367494
2.864689940455719
0.05978327352931956
0.0022433317717514
0.3966397997646709
0.7821122167588328
0.6950773765856866
7.351446208944253
0.5122999286977574
0.44275979023223044
0.34007208879484097
1.7900434948751354
0.6617645729202195
1.1964178329217248
0.7329339727075421
0.10133726687490707
2.490026394436427
0.1950762340784422
2.2853682704881066
0.22184088246285683
1.687269662041217
0.3536427594735869
0.6090659469555249
2.719978315413755
3.16823613167071
0.32041642160038464
1.3216651292677852
3.93479491272592
3.2102072030538693
0.32542371460294817
0.1323326541169081
0.120445232882048
6.279232314533147
3.8515321376908105
0.07456822073436342
1.3096024421174661
0.6752044961976935
0.1752279028223711
4.644627695110103
3.2598948889790336
3.205709526773717
0.9183327901046141
3.6699706849394715
4.856859384010022
0.2787458071834408
0.639705887529999
0.4827169652126031
0.0931427567920764
0.4462068121501943
2.876750998024363
1.609634700427705
2.327039510499162
0.19116975992074003
0.017908714908116963
0.8066994075197726
0.3836119879488251
0.21778678159898845
6.654836521905963
2.9387558109956444
0.24206329178559827
0.08753172318392899
5.613684540243412
0.8313486306142295
0.47822095405717846
0.13009325405437266
1.6700500543956878
0.16661371654481627
0.13832055994134862
0.1685760555046727
6.454071519918216
0.4875883853965206
3.1782844593471964
0.0813909506687196
1.3135698428668547
1.571744392735127
0.653177785265143
0.6123650257868576
0.10152178390853805
10.507331072083616
1.8210737510380568
7.03298575685767
0.030039600242162123
1.310575599920412
1.0236187692426029
0.7621943387857755
0.5770648820034694
0.7730218447759398
0.22222737132688053
1.1192466649081325
0.7333649377105758
0.7199622741973144
0.9445791540492792
0.42416178168787155
0.17675732087081997
1.2979941995581612
1.4474051994038746
0.1947359974074061
3.4002477832182194
0.9780309518100694
7.1838005338504445
0.5591799777466804
0.15176732860709308
0.7320003640343202
10.529696954945393
3.8911061375692952
0.30233607027184917
0.2515775477513671
4.376817256095819
2.047991134757467
0.12008716155105503
1.4082541937677888
0.7970625905509223
0.5429923962510657
0.1065109688352095
1.6090545150727849
1.209967507122201
0.6568743559691939
1.192046547155769
0.3374194966236246
0.5830130475806072
0.13428230729914503
2.3011020156627637
6.577371154169668
15.719807394729287
1.0857470885457587
2.2786301928645116
0.05493664157256717
12.059419898192573
0.8434672515431885
0.24687678407644853
1.665418267097266
4.113395837062853
2.540425401297398
2.0853963656554697
1.404107754919096
0.27716053639596794
0.9842057740097516
0.023335809783020522
0.8615697836576146
3.434121472258994
0.3479121481941547
2.34387666494149
0.08625231347832596
2.318643828846689
0.8002759599839919
0.5745059937398764
0.5540053797230939
0.49969458411214873
0.6197280039341422
1.1084496620023856
6.206906284322031
3.9313095425459323
3.7730611058796057
0.8479708347367705
1.541516607576341
0.26820142378710443
1.62917140458012
0.3690797314120573
0.21279095643694745
1.0180867774834041
0.21113869240798522
2.239584340059082
0.32220886094728485
4.1970080999453785
0.19876517260127002
0.6552840387448668
0.14094763543835143
4.510228799954348
0.03989215383626288
1.2220580695284298
0.0012133082709624432
2.3230216080482933
9.176782199399895
2.789004891150398
1.8023519772614236
10.972619029620546
6.350676643967745
1.331623335609038
0.06625720985175576
0.1679938553206739
1.8164248290049727
0.2756632329619606
0.7679991731711198
0.018718768835242372
0.15236677802022314
1.2332856319117127
1.5207026765856426
5.948252495654742
0.021186291523918044
3.914429281692719
0.7345456332186586
12.685709175486409
0.6470682894650963
3.061120918551751
6.053376192532596
0.7692626276839292
0.5542026297553093
10.324065807828447
2.81579975533532
0.5158209856817848
0.3725217267856351
0.0944270249674446
0.3763471539350576
6.862792788349907
4.170723296578217
0.42630771947005996
0.8041748424293473
1.6873785509742447
1.134621138422517
5.000782368166256
1.6511149988582474
3.092874594301975
0.18008235484012403
5.632116568558558
1.0076007190727978
0.2790412809845293
0.5995403910274035
1.5042910485135508
0.8389791781519307
0.7846102749463171
0.027775864109571557
0.7380123073526192
0.2683689436817076
1.8227822234330233
7.1156098570427275
8.48954245076311
0.01705136561213294
1.2223575846874155
0.43494385009398684
0.45476343428890686
0.07688985377899371
1.1992304181912914
3.768633158157172
1.964355447445996
0.9036477287882008
1.3677007794904057
0.46750914396398
0.08782661224540789
0.16175942154950462
1.4927976258040871
2.96407133062894
0.2914646492281463
1.0954389971884666
1.4333237905520946
1.930180687471875
3.7638893493131036
1.5579808094335021
0.24305420347081963
0.007724616058112588
1.0018255182367284
0.1965404959555599
6.8860444659221685
1.7494133849831996
0.14002610381430713
0.7733816062900587
0.08804945628071437
1.3264867752950522
0.16363325567363063
4.9553254963539075
1.0035612155988929
1.0165905529211159
0.16908668052928988
1.5082890715784742
0.5663083876352175
0.3142762456336641
0.5553608452246408
0.27757013176596956
0.46188329524738947
1.0503859886375722
1.0347624873902532
1.0639871878083795
0.9453680855294806
0.9362403422492207
0.9401360716801719
0.4706093819113448
2.334848667233018
0.5307941691789893
10.524719971268496
0.08334305863536429
1.4391462862186017
0.5079336685012095
1.2050530018968857
6.065226781676756
0.04181409296870697
0.4368314534658566
0.26284202225360787
0.2932333438147907
0.5110795513683115
1.3735685719220783
1.975009851390496
1.6494918481621426
0.03067203253158368
1.2883886557174264
4.185212668351596
0.02816640900709899
0.1539781551255146
0.2927984674097388
1.2278404712487827
0.7350444199400954
0.0712667808693368
0.39867160752328346
0.57409904927772
0.16929453871125588
0.123623685532948
1.6135122961059096
0.6367915396040189
0.6836181970938924
0.31581204580288613
0.5704587294821977
4.078123170613253
1.0041398710236535
1.1682046734422329
3.8608693824644433
0.8889228117332095
0.6165314182217116
3.765258953157172
0.2851195918483427
0.7433426825518836
0.9901108002813999
1.2660727876791498
0.2809516210400034
0.005726316318032332
0.8007660562216188
0.7441896072268719
7.793926434671448
0.2905280441773357
0.5686694019168499
1.7660451772244414
0.3258723640756216
0.6271213880027062
0.07737174632347887
0.6014330104517285
0.5920001882550423
4.562832965537382
0.8891397776606027
0.06709577748551965
0.46781828083476285
1.8010537672016653
0.14871915526600787
0.5800994651362998
6.471602830548363
3.2039738798848703
1.2089511080557713
2.110876390397607
1.1676206061019911
0.16271515898552025
1.589334641219466
2.101123895867204
2.095933676318964
1.6121443499432644
3.5264881558177876
0.11091685594146838
0.557102587481495
1.8883060359366937
0.07831997715402395
4.844982427202922
1.6082968597111176
0.5500299083505524
6.199675416057289
0.622558099021262
0.7964633735391544
0.648719820084807
1.31341396386415
0.8966156435781159
0.3010193209047429
0.7081579059376963
1.352310855370888
0.6930512099570478
0.062206714785133954
0.5109099146429799
0.15358519658184377
0.8969471858581528
0.69575503620581
11.958737651992124
0.3207596894717426
4.003090950878686
0.83222643451154
0.15335062799567822
1.019049613380048
7.9040174050824135
0.17888160875736503
0.4419135860807728
0.005755454280006234
0.033578597285668366
0.514439136859437
0.06524411725695245
3.2909695348425885
0.7466898193742963
0.2966865903654252
0.5040074513453874
1.0366314375860384
1.9743760407582158
2.955320768916863
1.2966288022507797
3.0232152680837316
1.8806288606501766
4.884810670679144
1.0472042206383776
7.826663549232762
2.9360572898876853
0.48452689873374766
1.2034443369120709
2.65527035787818
0.5191310612863163
0.17872436629113508
0.962840529064124
0.24113229176873574
5.374101538982359
0.05112485964491498
5.970504997436365
0.04890566579706501
0.7073558789852541
0.20057683644699864
0.13216913352516713
0.6943412481996347
0.5039661048067501
0.1502168956794776
3.5141616050168523
1.9530825363253825
0.3296856816523359
0.9276800801162608
0.197191037099401
0.04219968704273924
0.8004263343391358
0.5556072089530062
0.4017234419443412
0.44816461728623835
0.9736520409496734
16.676319797785254
0.25040310152689926
0.058240712562110275
0.3055862213150249
1.5832188237909577
0.8468672922463156
1.5145641059280024
0.16853650294069666
1.202599469877896
0.4343574937302037
0.3236577625211794
1.518197981029516
0.5239044569607358
0.16817629008437507
3.156596103872289
0.11229796672705561
1.3609539211902302
0.5893165382149164
0.15093326333590085
5.250062504637754
2.030025218591618
0.019153724664647598
1.155731694510905
2.893682318586798
0.9019578272855142
0.20342227418586845
0.8253506676992401
0.09516576632449869
2.2750905429638806
1.084536920512619
2.4045946505793836
0.28550225571962073
1.0041048919665627
1.5534001778723905
0.6298885398282437
9.197481961127778
0.8311826304561691
1.0955608458680217
0.5231027757254196
3.2456562423467403
6.017080322031688
1.5618143988831434
0.4543962495663436
3.822532797086751
6.213600445764314
4.189013668939879
0.12067453023337293
2.2067684790235944
0.6238122239956283
0.023633082200831268
0.5459244227604358
0.029483243299182504
2.691486788666225
0.013029190718953032
0.4422575516291545
1.3013423753509414
1.7963056152293575
2.4279795470574754
1.7543565235973801
2.685480892600026
0.6516004375298508
2.3997700125473784
1.8736889876090572
0.1003876037793816
2.9989606139351963
2.8676152900443412
0.09142005415924359
0.07333934502821648
0.9653646890292293
3.0356227306619985
1.9803616951685399
0.043952844200248364
1.3522705864452291
0.3012636232742807
0.28756835432432126
0.20193351806665305
11.25527648050047
0.4090027992860996
0.06586150856310269
5.345371490904654
1.331836374476552
2.492691715095134
0.285562689845392
0.01495352057099808
0.025235009503376205
0.3303590241339407
0.7373255344500649
0.4155541223153705
1.3255136509833392
11.66034209162899
0.11728811016655527
0.5902765614300733
0.6516951845551375
0.7767023033084115
0.20290905378351454
0.7793294904549839
9.704124999116175
1.6562000396079384
0.2960044631254277
1.0541226391796954
3.6064203268979327
0.7593160675751278
0.8757598597512697
0.19034245140937855
2.0263975652924273
0.9189028795808554
1.0307083856023382
1.5376002572666039
0.9172860372855212
1.850065221726254
1.5159316526260227
0.21287722230044892
1.5752258830470964
1.2216347936264356
0.18086505751125515
1.765170824211964
1.033893055813678
1.1010867223958485
0.3085269876901293
2.0253450216187048
0.5071838937728899
3.158447664223786
0.8488363717042375
1.084321466369147
0.8981702752862475
1.384592083391908
6.867321795718453
0.33605740769417025
0.12642562032851856
0.07478394189820392
2.8235314576450037
0.03495194726565387
0.45399178536899853
0.1766988712697639
0.2606418210634729
0.14641348757140804
1.895366728771478
1.746120803974918
0.027865271156770177
3.6728494945782586
3.961133470504137
2.764733412215719
0.05067164644424338
1.9251231440066476
0.07359894765249919
0.30022324492165353
0.8514764396531973
1.5959974938014057
0.8044370895295287
0.15477056308736792
2.68415394621843
0.4760289734986145
0.4345426914951531
0.37591787773999386
7.3343227969889995
0.9231824509333819
5.63417650716292
0.119980562805722
0.6250280620224657
4.242025423242012
1.5609429865362472
1.032437035253679
0.524518653350242
0.12268695515376749
3.9006304791982984
0.37939333126996644
0.36699102562852204
0.28837527636642335
0.003279336197010707
0.47056582354707643
0.029612401413032785
1.645409120246768
0.7348026328108972
0.6506590813150979
0.2880470618547406
0.8561804304190446
1.0602664333346183
1.2943958958421717
1.7038924828375457
0.2455764575570356
0.13729349014465697
2.790574965038104
0.8389735337259481
0.26727889465837507
4.2614527093901415
0.9008118006240693
0.8642167549041915
0.10773712230002275
0.27486120916728396
1.5661642353152274
0.5464421321084956
0.776243953681842
1.506907298884471
0.42772458613762865
0.12664358294568956
0.9057530499485438
9.817558689355792
0.8636523613822646
0.716522963346506
0.6801952194364276
3.5698974827027996
1.6371640648503671
1.3129837857486564
0.056797592995280866
2.352711767911387
0.5167845324758673
0.6344885633006925
3.900125255502644
1.5780957165625296
0.19110345291119302
0.9837965083570452
0.40287116167746717
0.3610935901233461
0.48459780591656454
0.027290937228826806
0.0682620064690127
1.224487010134908
2.2729292478470597
0.7559142095051357
0.2296630707132863
3.325465805683052
0.43541998123691883
0.1579137251683278
0.7934815770713612
0.49464999883639393
2.121148747159168
0.9029458456061548
0.19758195125177735
0.2862296861130744
0.48782405125530204
0.3501086638789275
0.4511206960378331
2.9040035794314463
1.358204032840149
5.645654835483583
3.1633592398284236
1.043542745122977
2.3404253519984195
1.6218997530813795
2.4957950029638596
0.7858548779768171
0.7599828041784349
0.15483438559022034
0.4573133039593813
0.23255508782312972
0.22487623176857596
0.0637322578477324
5.431017367220193
0.14675434250966646
5.92026517654449
0.5867987569508841
0.19279533723602071
0.5056363087642239
0.8960933408889105
0.011028373723092955
0.4608054235941381
1.3622201778489398
2.517882462030684
0.518264578669914
0.17537005072517786
3.140958126714395
2.1879599973763106
0.9553911257971777
0.4632652467189473
2.6844961262104334
4.027458890086564
2.0478436759658507
0.04277943040506216
2.0679895701177884
0.6726014961386682
7.334564838070946
3.334368025032745
3.0281858537418884
0.41202305152546614
0.9724713458053884
2.2018881344920374
0.11458800250693457
6.81447759308503
3.0820735663583037
0.2629135655151913
0.250995638409222
1.4496359170152573
0.598361384087184
0.8044610844808631
0.610138778363762
1.1178378853946924
0.10684995282645104
5.916689481578942
0.29168831344577484
2.5607224173654686
0.4331702625640901
1.2016239441363723
0.6745164505991852
0.3634789138886845
4.4643037838322925
2.6820313015778083
0.8619343492100597
18.765190109188552
4.648974429750524
3.7660086063406197
0.14727789630705956
0.8231634885378298
4.446933322564291
0.8871737551817205
0.045498060309910215
1.1024379979862715
1.43125181945652
0.3002919464270235
2.9819901037335512
3.0025059580802917
0.05465775655466132
0.09522790576738771
3.351269159473304
0.7827232186609763
10.563666289337561
2.4359804697160143
2.3314316010000766
0.9259624813203118
0.8163652474904666
5.957925206501386
0.11875961235637078
0.778937719122041
1.970927692920668
0.3935797593439929
8.118220651027514
2.108034638193203
0.48509664039011113
0.2340734372191946
2.323239396486315
2.5171912517689634
0.18142632875969866
1.938551677907526
0.15493645316018956
1.5672069959982764
0.0848800642779679
1.8883932434473536
0.10827676439657807
3.2517454756525694
1.4603062494425103
0.05215764948661672
0.4299520641870913
4.048238777577353
0.19708882323175203
0.06031261161842849
0.361350162565941
0.2687262383115012
11.837973589994363
0.5059996599593433
0.6080679348306148
0.42455774013797054
13.313568019810191
0.3607423506255145
0.06073451591510093
0.008822619085549377
4.397441499844717
0.8970506306941388
0.29680806033866247
0.7644325546789332
0.2946044060809072
0.007514626151532866
1.323104716364469
0.2624165686502238
0.1129871156590525
2.9646314753044862
1.8985419432574417
0.09860718325944617
1.4634721399197588
0.34108325895795133
1.1615080615665647
0.6661173768952722
0.7746817699298845
1.7249779122576
0.07797958446462872
0.7015677852759836
1.6388099146352033
0.029147631175874267
0.11273701083700871
0.21829907059145626
0.12450900421390543
0.3518437141246977
0.35387341848399956
0.37835519934014883
2.4123004047651193
0.8860231384605868
1.2035410767202848
1.070600423605356
9.33017985310289
4.815439186138974
1.8367119356335024
0.27366466515377397
0.2824534671744914
0.6105178954530857
0.3310235264507355
0.36967304871359374
0.34805149392195744
8.746671351938858
4.8853126316244015
1.825372496561613
1.015966140119417
0.09411025761073688
3.0308771967247594
1.345886256553058
0.8560421549336752
0.22560838914068881
0.016853807210281957
0.6007416525389999
2.7379264138362487
0.010447440799907781
0.1836859558170545
1.5308214779070113
3.6676020438753767
5.856176564011548
1.3107523589278571
3.6879554144616122
0.02301175117463572
0.38099668227368966
18.198852049099514
4.813501769916911
0.5400611302975449
2.031843757155002
4.272090164820838
3.4369796389946714
0.1185402579503716
0.2640656606236007
0.30696397727297153
0.1442284177392139
2.481644420644443
6.329292437556433
1.715297655777249
0.0527731210750062
3.6967279235541355
2.4365556446209666
6.936023049303913
0.09433129023818765
5.403865454842162
0.18028542682441184
0.09374254963040585
8.365786452239263
0.26954929305793485
3.6064172408587183
0.8720362593157915
1.008376975732972
0.2963504084473243
13.784615471908182
0.5686555015126942
1.20848544396722
2.5200642437121132
0.045946378879307304
9.039521620645246
0.6262060684821336
0.2576864530929015
0.42065101674961625
0.41119801203603856
2.5732668194395956
0.012491023058828432
1.2094974002829986
1.830606552262907
0.0754686242871685
6.1053996899790945
0.706561001992668
0.8430921955005033
2.9954671982704895
1.5786254597987863
0.16843317695020232
2.5961695945370593
0.5214179057147703
9.562626491431729
2.618232995395374
1.1958172317536082
1.1457667223294266
2.5933730761826155
10.012817206399632
0.8000131094740937
0.5410341962196981
0.9295310134039028
1.7935711244717822
0.1871254296420375
1.6746156692970544
0.27115509683062555
0.08402098775695777
1.0674547034068382
0.013779642882582266
0.48875417994713644
1.3673274128886987
5.320383179387136
0.5258823714175378
0.6266721916763345
0.1678554289683234
1.0061566254516947
1.9485500773153035
1.90411146995757
4.653092632070184
0.355167835514294
0.8760996088167303
0.7083841552230297
0.137379756597511
1.2718334950332064
0.0499995667123585
0.8715962172864238
1.6979217390908161
0.4362505241224426
3.356138192699291
1.0594842872960726
0.34373716940172017
2.912077098946611
2.167772695698659
1.0683670850048657
0.8232505763808149
1.6246738173795165
0.13415122873266228
0.6616574591753306
0.25161203792958986
0.20429936880100286
1.9208682031894568
0.3618205589809804
0.1193154992943164
0.2039584068406839
3.1565488364212797
1.3646035466590547
0.5629313556055422
0.3057951763184974
3.7039353708096314
0.9172296481046942
0.29834221152123064
0.33876825717743486
0.7133767579653068
0.19435403471288737
0.5801066377025563
1.1790426149309496
4.427495323856419
0.3465540357065038
0.057472205386147834
0.6370851099636639
0.3637907286101836
1.8276798350561876
1.613205843117612
4.7854104251237
1.504291881021345
0.08063255945307901
0.06410916977620218
0.22681857857241994
0.9717762840009527
1.1882295162286027
1.985850427983678
7.791999015702459
3.2260424801133922
0.6047478241525823
0.07510637550876709
1.4257776572630974
0.7242153093611705
0.2545977674453752
4.903722299852234
0.7427640590976807
1.6266454349315609
1.7239263851879514
0.8185015104754712
0.17241959977400256
0.12649322509969352
1.3656337065986008
0.42521755349298473
0.09321505862317281
2.419124250569439
0.030810143405687995
1.9125885709217982
0.7504745912519866
1.9922193464299198
0.27805523017741507
0.6814492582998355
3.575551053021627
2.0582461101657827
0.01449403980950592
2.2000517634805874
2.230532028945163
0.8642467708777986
0.5712385708175134
2.1735041202482535
2.29685973701271
0.7715023450582521
1.8409031666087685
0.04156476818025112
1.6608524690382183
1.9062890821005567
1.7388530694879591
0.8003860154130962
1.342552139009058
1.2369984230899718
1.6528946834077942
0.9988109430923942
0.9666167038813
1.20895796197874
4.038360907157767
0.013395274101640098
0.7243261680196156
0.18724477285286412
0.9828962366300402
4.620213150410564
0.16810670867562294
0.5889507856554701
0.26333461004833225
0.2838835182847106
0.6323480726205162
1.035369410936255
1.3651698877874878
0.5314588686669595
1.752032639560639
0.15979554571822518
0.1621712195701548
0.17179977441992378
0.024808632908388972
0.11361863357160473
1.465588883809687
0.9476086544891587
0.45793470514036017
0.8499759374171845
0.4818456267021247
1.8485456669950509
2.0121312764531467
0.37481819104141323
0.10049844915192807
0.4836431896255817
0.44990608152147615
1.5763851795127266
0.4501940872214618
0.50447887476912
1.5187919049931224
0.3866675332756131
0.9855017258742009
0.703055327598122
1.8358802843358717
0.005493303593539167
0.41110856713930843
1.024294770519191
4.25159609898401
0.039436388105968945
0.33971117599867284
1.0027781115786638
0.7786487036210019
1.0561184468169813
0.11471669197635492
1.316781062298105
0.08271362529194448
0.7742857337725582
1.3966097191005247
1.943695521898917
3.6555295890793786
0.17950019855925348
0.171484657585097
2.1256827986144344
3.5262701697356533
2.166158907028148
0.63669413907337
0.27546857887500664
1.307379429708817
2.3566347351516015
2.7861875652888557
0.33270597895170795
1.6901354051733506
0.3424954388028709
1.121402680350002
1.5874097343039466
0.8670399349139188
0.9908817627074313
3.0032984263889375
0.25751541587669635
0.056137801919248886
3.940162047292688
0.3053207404882414
0.37245385698770406
1.990236504978384
2.0468892573626363
1.1320345619678847
0.14533420786756324
0.5067295836706762
1.6471190340453177
1.8527390675299102
1.176789796925732
0.39691322296857834
0.06820282352418872
0.9766347847908037
0.4610274294464034
0.19310653097636532
1.781795365808648
0.948685357485374
5.276401133429317
1.1645417819163413
0.49776865796593484
0.09668508463801118
8.502615913537738
0.8586715851706685
0.1260641713743098
1.1825434109487105
0.6939055776310852
2.7099191599118058
0.41220909097319236
0.0838874729743111
0.3286767163663171
1.201648284732073
1.5869667619481334
0.5328801752184518
0.02808984345756471
0.21923589557991363
2.431642852963705
0.6380635346213239
2.740735773528286
7.292014934479084
1.497106872688164
0.16716581425862387
0.2979797059451812
1.0034096059316653
0.37367229763185605
1.5164798273253837
1.1531214250280755
0.18126548297004774
0.2535278785726405
0.5523952275398187
0.7843149525288027
0.09524707564560231
1.1848187271971256
2.6519476743778796
0.07251989762153244
0.266797251002572
1.6879786842837348
1.983280626598571
0.9085565644709277
2.3550015277651255
0.5856984364145319
0.5263137161309714
1.6231453391519608
0.45756077399710193
0.400468718376942
0.5656585325996275
0.3807518616085872
0.9519893410615623
0.4757113506711903
0.6418623861172819
3.2120176601820276
1.1220180821619579
0.6850208084724727
0.708866685803514
0.8389208444059477
0.9670961248048116
0.25856605919398135
0.7974488556792494
1.6579496212943923
0.8959434775606496
4.295682049712923
2.2425464715779526
0.1677149130118778
0.5916283126134658
0.34945882400643313
0.16482204398926115
1.1738526057670242
0.4406037126755109
3.472845614218386
4.055392248592398
0.0941810886215535
0.5826870852906723
0.7598755804065149
0.2150809846643824
1.7276788777307956
0.1301167395649827
18.748030402544828
1.6375797687942395
4.123912444942107
0.6018552595269284
5.153909072483657
1.948499446574715
0.8860812464845367
0.26057762410346186
0.18275458136486122
1.3537301799442503
0.2971797890786547
0.2740440179986763
2.0273427946012816
2.1916921402080334
0.24319525843020529
0.3347471193119418
2.4663695016424754
3.511291336501017
0.7538030272044125
1.367914530208509
0.292288721393561
0.7911416343777091
2.409790612044162
1.0696764276217436
0.008520514289557468
0.32387094062869437
1.6724792750246706
0.8383226313089835
1.8141489681729581
0.02040805092838127
0.24509033487265697
0.5401785730500706
1.0863158363572438
0.03492987001664005
0.3152053112935391
0.14027935550257098
0.277780777461885
1.5564077626622748
1.8270916513720294
0.6324317588660051
0.26078368670277996
0.6992711209022673
1.399424147894024
1.7051401960779913
0.27806395091465674
5.39928295352729
0.09632532484829426
0.7647556719457498
3.7501726801128825
0.5431122769005015
0.12877543925424106
0.020604735298547894
0.09426472241466399
1.1883492650740664
5.208926745959616
0.11933913308894262
0.013963885758130345
1.4827736758088577
0.3780679615738336
0.9229231718200026
0.05563512281514704
0.3592729697629693
0.8115328679341474
0.6326709087807103
4.233944460829662
1.8471661686417065
1.8587580363673624
3.840185268651112
4.444899513873679
1.0423265757854097
2.833172488739365
2.4633083806038485
0.12004662257822929
0.3122862220989191
2.1780035049887374
0.49194370938494103
0.04108183032803936
3.1257190200922196
0.24595892481738701
0.7595588006879552
0.00040463735058438033
0.25402105442481115
15.413149277897901
0.5448252424030215
1.4221933943917975
3.735572353536554
1.3585975694441004
2.446752174568246
0.9914571405679453
6.370858045331261
8.121463115916413
0.7481519870489137
0.6942366838120506
0.4153316475712927
2.142714124536724
1.1133714420648175
5.764337713662826
0.24504625226109056
0.0015449891798198223
0.07599559923983179
0.2924024327658117
0.3692419821600197
0.7757794577701134
2.6369558246587985
1.8531847035337705
0.36737246969278203
0.6211622086120769
0.06125686263112584
1.3543495265184902
0.7962694448724505
0.36911402234545676
2.0343283116599196
0.13879368707421236
5.120459967365605
0.5596562514547259
0.3191502192930784
1.1631202828575624
1.9491034965685685
13.006471200184023
0.48640547940158285
0.31133429746114416
0.19967896818707231
0.23244248597620754
0.701696293814166
0.3044008777505951
0.643009547420661
1.821627154313319
1.0346378897302202
3.451206852281757
1.2740306973646511
2.972019770553743
0.8789676665765
0.16208763191389153
0.07546130975242704
0.6846983326249756
0.6155748180681258
1.0136077241186285
1.2325363032432506
0.4176627316774102
1.1079948110855184
2.5293688639212633
3.5801703462711885
1.5594438645857736
0.719389492420305
0.7174295348740998
0.8810628289720626
0.0023782339194440283
1.4635267333869706
0.4933855119306827
1.031519931697403
0.07779818960261764
1.1118329109449405
0.25860493152140407
1.0276513077114942
1.8020808465225855
0.7214364786996157
4.776731458819995
0.44343860513617983
1.0848619513853919
3.1810118128269096
0.7273036865881295
2.8398877127983724
0.5871286151232198
0.6869935778086074
4.6156234504233
0.08985610645322595
0.011486822601000313
1.1507421248097671
7.183196412763209
0.8916865170976962
0.2682834402221488
1.414658643589064
3.376548606371216
7.2651160512978095
15.816085206432035
0.4347719941069954
1.7495468594206613
0.9096388933176058
0.46610909719311167
3.792172250658041
0.7541317996292491
1.825849860884773
0.7286443835837417
1.0825263955775881
0.7139530261192704
0.8604367167063174
0.1767062566432287
0.19236111991631333
1.3914325540245045
1.2390027088331408
5.556155203725211
1.3482239438963006
2.377337896214158
2.120364473106747
0.2083613011345733
0.42495474059978733
2.7772622185511864
3.004650884467992
2.0975409649545327
6.779452606177074
0.6968269549324759
0.027634151090751402
0.3883171823035809
1.1892773983781808
1.144657537159219
0.5363890138614806
0.2661976484741899
6.696471799019491
0.07743016370659461
1.7206092821725179
0.019621892810391728
1.3087295238656225
0.8597694862401113
0.08744932585977949
4.872208026376029
0.6973762686175178
1.1766350647667423
0.10494478902546689
2.9895801253660466
0.10472278873930918
0.24629073703545146
4.5549035294679925
3.414721269509755
0.7726988701688242
1.259615726346965
1.567200951911218
8.146406220308563
1.6690476227086037
0.12370959443069296
0.20913096889125882
0.8897721336179529
2.911810181729379
1.3930484695738414
0.623506108764559
3.5824719803058542
0.10385623986803694
0.04221712356957141
0.3959732558578253
0.12153726026008371
1.2053960703560733
0.8407900295133004
0.24829890210094163
0.16215165440371493
0.24159508724551415
0.014476536714937538
4.222995795462339
0.18465374089282705
0.024818931124173105
1.2002967086227727
0.2980290468694875
0.45925177028402686
0.15378376839362318
0.4835681139229564
2.011083171251812
0.4763953874062281
0.5369105446297908
0.5034485056676203
0.5410739896833547
1.3700536969990935
0.7342173609140445
1.9606943090911955
1.6337447370096925
0.6081905235987506
0.20128671423299238
2.410543576326745
0.2545223043198348
0.01758422543935012
0.6296327985983226
5.4947834674530895
0.4241684181833989
0.27536471968051046
1.1375880903069628
0.9635434616357088
4.585570404859027
3.0238530869755778
1.4821293480199529
0.19415155582100851
0.1300128684597439
0.1854923815917573
0.6841547983640339
0.06608387263986515
1.1013344897146453
0.8307883536836016
2.5785316800975124
0.05643655337917153
0.5750443204451585
0.48665758143761195
0.06567593780346215
0.6188173561822623
0.7421677078382345
1.071460597711848
1.4238616144066327
1.3707223663004697
0.5229259627230931
1.3907927344553173
0.1987005121045513
0.24709287498990307
0.20150269155419664
0.7122131626310875
0.16081423809373518
0.04197601014311658
6.493066435185028
0.5901169922944973
1.0244148115743883
1.413877503182448
0.211888484787778
1.7963027093792334
0.6892575249512447
0.2622401164917392
0.7997594875705545
1.1419721583588398
0.03372058874811046
0.6676451617386192
1.4160078758504824
0.3028291318623815
1.283713176700985
0.9514655297316494
0.064597193224472
0.025192298613546882
0.2566035101626767
6.45649288444838
1.477555764693534
0.4597302031761501
2.8634594591494533
1.6126079782188754
5.323040799994487
0.501721734093735
2.363535148455412
2.2143307531732717
0.3843410494446289
0.5564587817862048
1.3454475795515464
0.6518112300109351
0.093414275055693
2.0327564237231854
0.38962673150672344
0.9573353514133487
0.29113110660546226
0.8428542008914519
0.1104116107308073
2.7464496791144484
1.4589560381209594
0.41791889746673405
0.19039169886673335
0.42592593174776994
0.09839372281567194
0.3030947911320254
0.9556332144566113
2.6264663808688056
6.975630088963953
0.3635868979472434
1.7609547726242454
0.5421448619599687
0.15955539300921373
0.19867171523947036
4.382068196529872
1.233199237351073
0.34406105423840927
0.1532183150484343
0.8465886044868967
1.759077706017706
12.154971351985296
0.6432525041454937
1.0945648049892043
0.045033684342342895
0.26741946220136015
0.5451425915962318
2.9041428102646023
2.4944443457279704
4.192525128091802
0.5301568370632594
0.2430468974998803
1.3919671734038275
5.397634221364569
3.6232741764979437
0.8792639637977118
1.4514379298489075
0.41874774317693664
0.9835464529678575
1.756340725987684
0.15959516069415258
0.0782867825764697
0.33193036282318644
0.35432577233586926
1.2704819287755527
2.555725460370013
0.010774776776088402
3.8417938531783875
1.414951433216629
0.34888893091556383
4.123557474034897
2.9998674057787866
2.5843338026024867
0.25365221873653354
0.9911944947380107
0.2815080659929663
0.8348961225783569
6.738519256847212
1.3475374660629313
2.8003272295100032
0.6978502972560818
1.4028630204338697
0.10923845955403522
1.3743947722396115
0.7943531882410753
1.3667181803830317
10.338893437896331
3.419383616404957
2.7310539032769157
0.6800879306247225
1.5824466573540121
0.3576907654351089
1.2697915246608318
5.494198854197748
0.18078896344377426
1.0792197551272693
0.3868656858248869
0.17911394236580236
1.3254934782453347
0.15703496291826013
0.8650286072661402
0.05577388824895024
0.07394067910354352
0.062148298100510146
0.8885468431035406
0.09529769099026453
1.204356932117662
3.0399823051629937
1.001583723074873
2.080064329878951
0.9452896174043417
6.464147174381651
1.4192649493998033
2.4305600808365853
0.13564608302112902
0.5697758942769724
0.31429386593663367
0.37257670710096136
0.24753934002364986
0.3786818585213041
3.3752937540848507
0.4956711386766983
0.32579672383872094
5.2105925094365375
1.4996777438354911
0.8847608540309011
0.34722507909464184
0.03567403087799903
0.11744226448354311
11.283201490397914
0.2334750780937611
7.657637989570503
1.1937126471311785
1.8068714007167728
0.5409667163185077
0.41450411854020786
2.47119608878711
0.6978873832413228
1.1066971765758353
0.04330545173434075
0.5795602361831698
1.3460545324196573
0.05125975990813458
0.4273148204665631
0.09238941902003717
1.2486120926769217
0.9730789395180182
0.48441826294583734
0.5358360988393542
1.7468792241852498
0.6265071795351105
0.05823601226438768
3.2818229858603445
1.5480590876322822
1.880480693114805
0.029763412894681096
1.957918236774276
8.354260086598515
1.1343885192836751
0.5311640473664738
2.379599145235261
0.8118381806052639
0.4387851808205596
0.7147779129663832
4.286676801595604
0.13432688078319188
2.8710461756199948
9.622747935674852
0.5976651611636044
0.03431437792460201
6.338550761334773
0.33703531966602895
0.694676797495049
0.47036371324793436
1.4021331092735636
0.3168159753186046
1.8435049237086787
3.084808905980026
1.599190315559099
0.3184633872733684
0.020045282821229193
0.7569953262063791
0.9871725489283563
0.6425030354002956
3.2445025911729317
0.02291633788991021
1.0300250932050403
0.3217566793973674
1.3164549042994622
0.6442182863538619
0.0962318996535032
1.9674033493356546
1.2430381437079632
1.3928407836137922
0.22907300165388733
0.07115584021812538
1.6777352627686923
5.424414801083913
0.11028267498477362
1.3222051623961306
4.541553621231287
1.3727304818166886
1.7191963447257876
3.1880626956844935
4.265243170731992
4.073741131775023
1.0967325630335836
2.5978871287879883
1.0579406777615077
7.786728369363118
1.403010216752591
2.6105785407562507
0.5527763536956627
0.5267336276374408
14.662327757621824
0.2845094408112345
0.36213798499375116
0.24216822732705623
5.0218702816273435
0.6632069728584611
0.3269279251471744
1.3358882703614654
0.4877325310953893
0.2864306576520903
0.959875875574653
8.410275674388686
0.3235487136989832
0.3099639524007216
0.7590124446141999
1.3376575108704856
0.13753178658225806
0.5809707726584747
0.06166207769274479
2.179991187695123
0.8499936534426524
3.501624057927984
4.474780013784766
3.2827403818591847
0.4531318546505645
0.6447022781721898
0.04380380281509133
0.8082920718370588
0.053616612509358674
0.10667091895447811
0.12619473943777848
1.5437689393293113
1.1695796907515614
0.1416239115933422
2.33362957501231
0.07155523703841027
6.201922586311412
0.3579744658418349
1.8512656595630688
0.1278923319259775
0.32578725188795943
0.04525741004908923
2.3730967707306263
1.3733927662324277
0.3515303457243135
0.24595712304289918
1.282500259054359
0.05099548432190204
0.01115000629943097
0.14602435610140674
3.160963579764939
4.309273372324242
0.35582935838465346
0.5145829524772125
3.7527391931944294
0.867689823404362
2.6443448787467787
0.1398748254068778
0.39034272043500096
2.2864039287815103
3.7606970095148426
0.11369605834624963
0.4707661115535302
0.6446827575782663
2.801294738870638
1.8845316735532833
0.4797585470805643
3.6196781210092013
0.35679647161305184
0.21878548055974534
0.2991896197927417
6.64324728007341
0.10669929278810741
2.219236919117975
0.009874049908830784
0.41428639429068426
22.083943304765853
3.2561608540127054
0.037545253057032824
0.6808858952572336
2.1754251827806
0.2887533446919406
0.01825451491458807
0.13415379953949014
0.07141560350282816
0.6456280308921123
1.3018698347077589
0.6296957287122495
1.1799977830596617
1.2499917602108326
9.868344331458502
3.207429671594582
0.6606177592693712
2.1749199774931185
0.12058752384473337
1.480288203143573
0.27247630073543405
0.3130552643997362
0.07969738148676697
0.3827806873669033
5.0151264183732565
0.19795665473793633
0.2203783667719108
2.112255821681174
1.1439873470080784
0.16768663261609618
0.6931014912770479
1.7731886929395841
0.011230693744437303
0.47361077242385363
0.8418227348593064
3.1989412771508796
0.0455043236433994
0.6246134104367229
1.764305008786323
0.7005408726618043
0.40651790836272994
0.4032137102622073
0.2765699117881013
1.1779193306865636
2.1618759115590365
21.4903869562404
1.2618766529703862
2.0215757856713026
0.0061852741200709715
1.5496312189425225
2.5683554819770507
0.07753589456842747
3.2801143447650247
4.484093993763963
0.5606505938703776
0.0805065643726266
1.6230439370046952
1.7742167703181622
0.19245170227077324
0.9085363682388561
0.03533880771283293
1.860764685749018
0.7718328768314677
0.22845804940880043
3.078500936375349
0.27185348314378643
0.06355941580841318
0.662616716537741
0.7755763176173787
0.9127900145322201
0.2637067591858795
0.5700249531946611
0.013493206854036544
3.5606296911719255
1.6338689420299488
0.6479869313334348
0.18549425407400122
0.7492274796459242
0.7674055937168305
0.1486646260964335
1.5256876722633024
2.036159036659228
0.5694412810480571
1.0457481010598713
2.442856204645068
1.1760873317471123
5.140393516951008
2.667844510753639
1.2515749859958305
0.009485459158895537
0.48622833658737363
0.12770834091497818
0.28156093351572054
1.0907610290378216
0.4103235826623859
0.6849024167604512
2.2728427632609964
0.418808822556457
0.8513258126185974
0.04115391416416969
3.8911495761567494
0.3186150696783443
0.2804872976994375
1.3477611081907526
0.41849167537293397
0.8998329981404822
0.3154609482153319
1.1833692897780566
0.9509456682499149
1.0280126235520584
0.8900973159106798
1.1363636438109097
0.10800649457087275
1.151748992553621
1.1042108710462344
0.7594680567781324
1.3486209032053011
1.5505970886151772
0.31116451706475345
1.8021395585383289
0.6970349579351023
0.6168760738000856
1.2071739011080354
8.34520970939775
1.2130932579311775
2.2368066107082996
1.2979204582006787
1.5061257693741936
5.0095392219300265
1.5630189649455133
2.0699247432494303
0.772614033841819
0.19027569969330216
0.10271459240902914
0.5287366060147178
0.09637157506949734
0.767344184758258
1.3733249733195407
1.9356408099265536
1.1895058615555172
2.141814927563246
0.07873075509269256
0.26984969560726313
1.2391979772219202
2.4202516310324427
2.9979698216557154
3.9341961608661222
4.1149507939917385
0.3211996115351212
4.687896328141505
0.036081605656363536
1.061403150582919
1.3305271475328482
0.2772977925342275
0.4514766809588764
3.7350067829465843
0.6296044654009165
0.5122858571849065
0.24465770232927753
7.461612093124131
1.0277435054231319
3.018413693214825
0.6641582213051151
3.240559240191942
1.8639952306402847
0.7242897653995897
0.9854450834609452
7.5309514981054235
0.7481365850981092
0.2350281625185744
2.104193710089021
0.6795541556930402
0.6201748215025873
3.9120448851390393
0.2886731323742424
2.4042007997850305
0.8216786677730852
5.958650492430024
3.1517743045988027
0.9469213169650175
2.3071116245700978
0.018895862333010882
0.9048021351918578
1.214491047852789
1.6277042706351494
0.6743865582320723
1.5637221006909385
0.37821751221781597
3.952587549116288
0.013624965911731124
6.631625029447605
1.2333733336417936
1.8645935729364282
6.128329719394969
0.020890691987005994
2.7313428201014176
0.034562062297482044
0.7637955784448422
0.053676146337238606
1.8202518289617728
1.0605811714631272
0.44974276080029085
0.7362026720657013
1.173645074304659
0.4602134225788177
0.6529598591878312
0.07561367379094008
0.20519991242326796
3.041049008235859
1.1298166020933422
6.364718297787476
1.1762298387402552
0.6566717690511723
0.21515566637390293
1.7336009395075962
1.1287871792083024
0.191953431640286
3.754214183318254
2.327272035596252
0.00939898107026238
0.04976969709969126
0.47031323229748523
1.2159128603161662
1.625455766734376
1.06478212379443
7.009612358029699
0.7086932087040623
3.804698753847333
1.3641510508387
0.3009848677102127
0.4578171260218369
0.059581778790743556
7.621371890098089
0.16124589121318422
2.2133230067047407
0.812341175354959
1.4899533599455026
0.19384447210177314
0.18544331728480756
5.467322313648765
1.0609475529636256
0.03296490406501107
2.493666935406509
1.3468245514886803
0.1360666833425057
1.682672427057696
0.8801713623324758
0.6987696726355352
0.434671549613995
2.425262517455849
0.19654258350055898
1.6436487389801187
0.03965757063997444
0.41028894849296194
0.12725968208542326
2.6844964578267536
0.9577326268554316
0.7899373288819334
0.7788830536228488
2.8505039100055
3.270625200420909
0.008055833415710367
0.04073574582434958
0.15412000890501076
1.874035973509308
2.8072212232655147
1.0658826472863439
0.7455954334000126
0.29697543218935607
0.9869524430905585
0.05873276296915719
2.2050981037828024
9.249518671625992
0.3313537766443915
29.57409523754177
0.40512087674142094
1.5514783697144594
0.9419693728486891
1.284009014168987
0.7959396526639466
0.18220840362482704
1.9494005885280785
0.5554930477810558
0.7913753745669965
2.8065029521094402
0.1246636485302588
0.7703258119508973
4.379828609082324
0.7865679810129222
4.030442736133409
0.49200834203656996
5.344193008029833
5.8514311781545985
4.811306983254326
1.1714243850728963
0.1991358266750467
0.21720030919095734
0.1676760133341304
1.2667888796277111
0.23933479292463744
0.34975884793675505
2.386307202046737
0.9941846957299276
0.5772876053524669
0.6957348458672641
1.2330555569569697
0.5389282769829151
0.32001444771594834
0.9019072213268373
0.13646381483704317
0.7764812209716183
0.2743205887018121
0.6093089568457799
0.47610141737095546
2.3070218106004177
1.6884161735360976
0.5563454741859459
0.8744454712068546
0.8125452816238976
0.9699691218047519
1.1489265721465927
1.9870375325917848
0.5753121139787254
1.3910507471882738
8.508719606623345
1.5134313526796177
0.3311020268520224
0.6853537002607482
2.414195334436954
0.03965302363940282
0.16041573720576707
1.465899858616467
0.20528420939081116
2.5447939242294524
0.7693948445521528
6.523633642376808
1.3920641514778254
0.6307285020011477
2.1404665063600987
2.088375125793391
0.15090969680750277
0.13150923349166987
0.7558248705317965
0.5838916586144478
2.9079058348288527
0.9254692778849858
2.2967440470238216
1.3417877089086687
0.9323511255424819
1.3210088927371544
0.003666177610284649
0.38493936057784595
3.116220779986179
1.6874223140184768
2.250186225399375
1.4109772998417611
1.208205576222099
0.6950971940386808
0.3715121724671917
1.481796936946921
6.5058936497880495
1.2050756763346726
0.9059408811517642
3.5819673084115493
1.513654472080816
0.8999868022438022
1.616885119379731
5.741395080374787
3.6628047955600778
1.178412134257087
0.35627349922287976
2.877439367446641
1.4762880491034593
0.18408215263480088
1.001027576137858
0.06925888865225716
0.32567852056672564
2.627119652010151
1.6857754362863488
0.830853175946686
1.8167508380211075
0.8470077662568656
1.4356367334694369
0.6277072441589553
0.24248322419589385
1.0589752393279923
0.5999507464439375
0.0936533205822343
0.10946158550359542
0.9122861534269759
1.8627969247609144
1.5718311421805993
2.4118895654028165
0.4110928129084641
0.7091649305948522
2.095819353562547
0.22169755886716302
0.04961986823764164
0.8663660139136482
0.7267522697802633
1.3911071687107324
2.711330556339817
0.9089619269943796
0.27450565352046397
0.023282408437808044
2.1372934998435085
3.498059347322851
0.4327029530322761
1.1645070804443094
0.6885693680233089
1.1976949163290556
0.6619630826971843
0.513241974003904
0.046243388729635626
0.9460631422625738
1.775767403007194
2.5346538559242617
0.36721590022352757
0.40732309500162955
0.42997471582202706
3.9681648645273526
1.2069699637795566
2.071386247771443
1.361313706060173
0.039971333630091976
0.43973908024054253
1.1563843202529824
4.369106719852425
1.220202573669667
0.20177420420804992
0.10119769432640169
0.6684379892831203
1.148618730439921
0.8156210784145514
5.429108160882606
0.5444362678244943
3.1840530576228048
0.5318785807103268
0.12386936555412831
0.8094260360230692
0.8473267730514635
1.8968839797162218
0.28420330659719184
1.3641998017992591
0.5969237344470457
5.492454548286332
1.2007188294810476
0.23833223283145344
1.3206556893637753
1.2345708152424777
2.9564490824050154
1.3173015318461694
0.150649008101027
0.4465201844504918
2.6308840992714977
0.30630550337809836
0.2549909274530364
0.5344287267289474
2.146973699251248
0.3859120358101791
0.1030060527191381
0.23843205664888956
0.5847419257188449
10.004875703889411
0.7817223711972474
0.6883169569482561
0.5102286230903701
0.5108622933839797
1.8165906198410084
1.8052500332705677
1.5771849062875845
1.2884855697629973
0.05624991001968738
1.6158637507833191
1.077983548377233
3.9781557228707243
0.5833209043048555
4.637308976620261
0.35390417605958646
2.45036577071005
0.09121737151144771
0.6971721212685225
3.2437439304267173
1.8961222472717054
1.4461852629247005
3.0591102973921807
0.08627303424873389
0.7939307918059058
1.069833749497775
2.8855646310621523
0.1332346665149089
4.890863742060901
0.3223199466447113
1.2356503832124872
2.450288778243703
9.208471447178454
1.2402243287142483
0.019402559039008338
0.06076172646135092
0.3127013240082306
0.5138793472433463
3.637748470886436
1.3375156604452059
0.2718067787864129
0.08640858231956372
0.07481389788881643
0.660271768050734
0.37102091879205545
1.2182618318329332
0.37538162232522154
3.640953024965711
0.003846328312647529
1.1124676689505577
0.4574664444589871
0.6824033281736774
0.4207443823106587
0.47392063528241124
1.9411099072094657
0.2906838484632317
0.7146085180793307
0.8601493794922135
7.390656832038076
0.19077427149022697
6.369673041277565
2.2574666209620773
2.4065165746360435
2.532123432320077
3.652848347701365
0.04228502771729836
1.159953133246745
0.7143529636450694
0.4208095110152499
0.10899546663131332
0.053028037429612596
0.20519520891684806
0.22498922437807778
0.08638847222027835
0.12162376775086159
0.2046271582803456
0.043416024309408385
0.019155620328092482
1.4413304305853671
2.3056131015182473
4.489251220933511
0.19657088033272885
2.602568436290312
0.6692446586166625
0.3787303630815586
0.024014374605030753
1.4541001728066476
0.1767855562720797
0.9459560227769543
0.1272024524223525
0.5611053474494838
1.5819922134905937
2.1706795577847515
0.4080248126119841
1.9200178004757618
3.9978058771812357
2.962080019628047
0.5466286830851459
0.09273012453923002
0.6457051213874365
1.0453536978748161
0.23156713280332042
0.6132462905152352
4.37515217957116
0.5275917405087966
0.7816439401140087
1.697591982963786
