0.23740222891501617
3.938744669132575
0.8106727560880245
0.27122464109561406
1.423219830801827
0.03536800363508519
0.7995235759299248
1.1337172803105204
0.08069158752186922
1.9981560565793188
1.2501920775393955
1.9510603905655444
0.0913311666372465
0.013014927113545127
1.0661228677490726
0.6320840044572833
1.7928997784038074
1.2894040752289584
0.7021912378550041
0.08604733691026922
0.014480552948953118
0.6406846741811023
1.7852279204234947
1.7378516747849062
0.147810540140199
0.4510244992998196
1.391162768653885
3.1763672348097316
0.22398290942510357
1.515788903729117
0.262334973544057
1.444895861131954
2.230780304191285
0.5517759920476237
13.349345650887699
7.280963473160227
0.04582719734025886
3.8734441375054303
0.3925637730717426
0.4162652428567526
0.05903057173418347
0.5547923487101798
0.668305698025506
2.805489217287686
0.5517900744016515
0.9990393424086506
1.6532339280165615
1.1979406270038453
3.224393779200909
0.2894451581960311
3.0798289773156284
0.04343081288971007
1.7479451322215027
0.43788217131077545
0.851441093836911
3.383215325397032
3.0750345847482095
0.16402550941711525
0.4243556534202071
3.7623353976232465
15.77638554591249
5.679702049412299
0.9364787122030975
1.1316017828939948
0.44670000033511315
0.06973308626038488
1.726715254924784
9.281742125887831
0.2765875734257861
7.209240261501691
0.19607403936970513
0.322839298096369
0.21820540583576076
2.520903225442453
0.8431377597225946
0.0946509113709908
2.0248625377498684
1.7088322362542385
0.13731752801686525
0.7592957269880571
0.14200282897945726
0.8057918717313441
0.7899058844122919
0.7174471503749373
0.08575527738139499
1.1405744341100217
2.551139388291631
0.2021252579143038
3.386815546604339
0.7402066341746831
0.8960265837304178
1.1685201924556168
4.137186315885629
3.46996736843721
0.2470171176828444
0.07992744030343601
0.20456309487781255
0.615236531230039
0.032321943413990084
1.447268376898137
2.2928930026027956
0.08145589886407834
0.8386340074357577
0.18856031571340282
0.27066384994395776
7.276670882311009
0.31907705772755435
0.07644147059909301
0.6714780989932478
2.5007818672893336
0.43305003207933623
2.554176458179427
0.4367111100218608
0.2651067231563502
0.4162397445179522
0.12001994392630877
1.6525807333891862
21.271911267162068
3.137235340451298
0.15245927619253052
1.6274269741697935
0.17666363438183907
10.371044392551994
1.3602820910091395
0.4968667450884823
1.5236155225429684
2.688261365845392
0.590893758679158
2.0424424853918026
0.4811038247644319
0.6880046213263995
0.7370309726902633
1.1624198846693616
0.33630509106296813
2.395389342898852
0.6155393911976716
0.00529999312129803
0.6016373748643673
0.6857922502895235
4.808605669561075
18.17186047884752
0.090241497833631
0.8110815717082005
0.6806361101989751
0.01470135647105053
3.288698915646819
1.5842862675781362
3.6988027977204183
5.75179936629138
2.300371396137052
5.656046557756781
3.421066210277786
2.5418706487253075
3.451709195593139
3.75824837921391
0.6004844585550018
0.04057517248293152
1.8549635825911537
0.535736483099754
3.3290621034320793
0.11742359399795532
6.67708873902302
0.5862441082426812
2.207248025959416
3.943983966993983
0.8108829868870089
0.8714984351172461
0.7545430615282385
1.9866195421782322
0.3274583590682596
2.2769292956218123
0.8577588482730789
16.121450681348506
1.0126092153659556
1.1938817284462857
3.1209355654282263
0.848572032773518
0.000322976840834599
0.15173506201972486
0.00032104244746733457
1.7536377109936439
0.7483930698799668
0.8869689530256437
2.2643031181651168
0.23671600517991465
0.1976446385087911
1.0124121055632713
2.1737332155680633
0.6735277158659301
2.3918661917559803
2.186031557583192
0.666693169347127
0.30717839685530635
0.5314065859929542
1.3300683296110947
0.479916946409503
0.5899642491203849
0.04124820940342033
0.2991363827386522
0.7278134715452325
3.7883790577179752
4.392173014610307
2.1518174657976488
0.11543520523264306
4.253106583448243
0.7932291772522149
2.8859967586104176
0.11271703497186536
3.16229692404886
4.691766453004675
0.4839000642168685
0.6314124444470508
0.3237797850379138
1.5250936656666454
0.28883252471132437
0.7127077697368804
1.383970359544037
9.443143178439641
4.861164447713236
0.45449647220084444
0.25637284006370464
0.3311531617582659
0.9756142558326246
1.2831523817003472
1.6693885658678482
1.6568423515345785
0.572292636599741
8.522708533382684
1.1017012523516314
0.2639160739199724
0.957369739189744
0.31756649145972915
0.5665661121456651
0.17442104701331118
0.6433003306010505
2.244363883517508
8.32628217202
4.8038268437449005
1.9872971572040115
2.2600725425727433
11.910051711354754
9.876160418323707
1.1088975943275727
4.839658274919202
2.947830852746847
0.6230949886230519
5.721259041973099
0.7333548068781965
0.331192642384849
9.354647908548941
2.691393741777574
0.9428680319251725
0.45139885893877363
1.0959105186484521
2.9490550820701174
0.12371936926501803
1.1578925776993856
0.990156669744465
1.0539973023260245
2.085576078206941
0.43294136152690044
0.12959288577985717
1.6163040189130697
2.5041021535289474
1.2941595453812624
0.2751827548709116
0.3489058878549258
1.1463919979069033
0.0656917421874823
1.8052667150259367
2.3254042082771775
1.5357208144923788
0.1553936326672556
1.0867423869203776
4.007249714857608
0.43581627612002194
0.08808941423922079
0.11643832040863344
0.9778720153190079
2.1077537766032037
0.19871385596343316
0.9407307661531377
0.36629590047959937
0.06128136336337775
3.83703482610872
0.4055714899368468
1.1953721176323597
0.16517695692164125
0.5498914539348334
3.2238890720909694
0.4664154825513833
0.467637234571157
0.6537912508865702
0.08814372270717286
0.8709012800391065
4.06465030178515
1.2567314106345293
18.819980123473215
6.396355156655773
1.2251323828095337
0.29186805634526536
0.18545698633533902
0.5159128644227167
1.1160663518676301
4.490266918794077
0.6863048201121273
0.35271442910743644
0.2451323703644448
1.1632308350599487
0.02560005654959241
3.076987570777419
0.8397262747457717
0.06781482600490563
0.23986086550576147
0.3228870650855242
0.7576803458723589
0.21598479691601824
0.12680642854684265
0.21975850782473572
0.4614579101325944
0.01614744779362809
1.5853788409513072
3.560149557495606
0.5925502192621934
0.42250574167701416
3.7141964908587397
9.513112123939209
1.1066824052395532
1.319425311870873
0.2981761750052101
0.8705994485280826
3.832457446063927
1.3667705889019999
0.944672534817073
0.05899213231168687
0.7998128406106844
1.1398486448306357
0.2559920305793639
0.08500711609667633
0.049180088921275456
1.727799476691871
0.5677940125460736
4.411621664708946
2.537694945720432
0.13125389223569073
0.5588722661486827
1.4045508249982959
0.24176693505432922
1.3094571585315862
2.0708654215413844
0.13591140932112467
1.8935931290470762
0.36262977178557776
0.25026880684890784
6.02757410464983
2.806035857051029
2.2832175901785376
0.01405936670198571
0.8350115082648699
4.948700355846086
12.118700399398222
0.506474306464952
0.7139704937653732
0.09919689808884868
10.517228345881449
0.2509140992551693
0.3463547600113088
1.70106452282198
0.01934584791160887
0.7201400595877203
2.8117997488443507
0.8604624303334276
1.8733345073997043
4.161025718669407
1.41067600241513
0.06022110859339591
10.065271988241875
1.5909138690767577
0.19732110376935452
0.32528601973172044
0.9819057455533766
0.0712058489662013
0.11366434719093377
1.5380684256597306
0.37521111185196787
1.049259924031503
0.515106659498997
0.8251609007129446
0.16508750987850362
0.05697907754802145
1.7144841585613904
0.4845138644668623
0.20023153007787187
7.525148992441245
0.8698316883965163
0.5604731099447235
0.43265329900896177
1.7497028996003792
0.16521670312795322
0.1126831334331655
1.8238415846135467
1.958222914552607
1.0069871206360403
0.2409170356550021
2.067223953657958
0.07663699299155269
0.1034990324624232
0.6774625831894809
0.6449628597765695
1.450295171882317
1.4416071408049902
0.07294108709902503
0.8183370003462187
0.26557672660419485
0.35156683067179983
0.35759250550472643
0.20677714571502293
0.49907284061191604
0.4075115845334949
0.03568708999227965
0.12762704567285255
0.6656201800506096
6.884330542634416
0.20681984745897353
0.020381213318614755
0.485811312792066
1.3628728114272235
0.9520668171753641
2.652768030347943
0.42983693046699045
0.5481683897378389
2.0638433900821838
1.3921806986254524
0.14719682194117922
2.8527892480706214
0.03551849998621037
0.46416846727515804
1.1333309216643102
0.08196248160675168
1.3719835467200028
1.2479822759851231
1.3227354658738477
0.03734228022949537
0.36671556850342313
1.0814062169520184
0.024807974514260422
3.9557344478889718
6.149230802744569
5.367305667459732
0.9155299377525807
0.29824544999428326
0.1583281698767678
0.5478558980175876
2.272404459727113
1.1375962109596003
1.6457130683993455
2.7112583251146134
3.8099541813644464
0.6900328541669296
0.08876128021074692
0.8652858420828125
2.5868761942037963
3.3874245100378175
0.4881681024635327
0.374899666843703
0.18615800452971598
0.5015776347718202
1.1415561026369687
0.18070592464937363
0.6549614118994214
0.8661323968117358
0.23431693299789913
0.9892668799730018
1.1994996548382915
0.3001803401639336
2.069228752523486
1.2430827485077316
1.4248557348473696
3.5922816115635214
0.39136888653592905
0.1995906081283465
4.206392356616561
0.11260840567410924
0.7971959517381038
2.895075220592844
0.669903763307957
0.49304554861737415
0.2538638589394395
0.6136113828324596
0.4748935727548087
0.8880705603151
3.711521513236221
0.7843179557312396
0.10548741990351118
0.017105450824601576
0.10733423561759992
0.6095717704665731
1.8931657177745365
0.8802433426462812
4.747564804383728
0.30775148622342385
3.510734306895756
0.3521815552157932
4.704869086366671
2.2905385802077944
2.6202448453041143
2.9894480469884
2.034921088030387
3.5477617633368936
0.28022404458897654
0.11035280161013361
1.6793442837515613
5.129556525767839
2.030524445071933
1.3339580106694484
0.01761725737742381
0.9836830291387741
2.241899602318881
0.18563600307970773
3.951060175058956
7.728871429571882
0.5201945784574491
0.15169688004243653
1.342174416007765
0.36983995109039824
0.5375651998620015
1.0021265928298817
0.19869640189426718
0.2955198135532555
2.5951335812642355
0.21535741256229812
2.552212072267139
0.9026757959363749
1.1688984435386374
0.530444253978203
0.43314900315453997
0.9928010933363112
1.1070707910548663
0.171562259842176
0.11835152540152194
0.8648970754657057
0.8714628920497489
1.6681349382852204
0.1693518015090376
0.01707773609086871
0.9562685310447705
0.2865473888159613
0.5344047505350318
0.8776185234382865
0.1529718023884925
1.7444378747677547
14.346662292686233
0.7927477130724583
0.24710457411129028
0.19068273968150606
0.6134794997706194
0.4098994704327197
0.022800103106419556
4.185092048726801
6.379608076545992
0.8788246653639362
2.9748442914060433
0.48376887726044515
0.20470769576786552
0.3206220479987678
2.604495077779575
0.06319133481156314
4.05860207688238
1.0975950644497061
0.33607291568478104
2.3386182174290298
3.6221512436750345
0.6485102894293959
0.19831409723701654
0.31210368907341035
1.4135311897262
4.278339771437459
0.4496972994529642
0.25813274065149017
0.09222800156567246
1.1904212903245934
0.8933390519232489
0.16538932725961786
1.0075642104493454
0.36716920149774523
0.3633039703126997
0.4926906755863456
2.0651487994546187
1.7539536416661576
1.9084761870835791
0.2970119631718262
0.20997341340989806
0.7708853514850489
0.12186636666592676
0.7190604539646301
0.16400955047720345
1.426729702114244
6.950971174359438
0.5161235783016309
0.7895394354418386
5.206833906653628
0.0794940755731659
0.6851927554889699
3.1376918698151712
6.209359909094928
0.001805190804589074
3.2995227025676286
0.637011098820949
1.0066189079007017
0.44788555292325327
0.11149208719143644
0.9455605608600308
0.07901965318160364
0.07062254472839413
0.19236249010282336
0.006282894064497668
1.848816698169685
0.7110644681379199
1.0650084609515034
5.000252153542533
0.6497750092821661
0.12966735419468023
1.7081237467937171
10.702719317894662
0.015397954637592193
1.6928232915743138
0.7345808775862679
0.578206904065155
0.1123868839640636
0.1206036399671575
2.3113304650978534
0.8544944576060516
2.1499215473304503
5.876941452566825
1.981866793052177
0.5413533882892807
0.05789131761412136
2.825687567652494
1.086234018628602
0.09112924304645276
0.4806960521818837
0.23162746289017377
0.7548943108631647
0.10004605304129655
3.288485335986479
3.961617887573084
0.9055027995273122
1.4594864785685786
0.28119560403138166
1.3023196608410217
2.713197910983581
8.347152599286346
1.715148675859382
0.38252517594082747
0.06098899523203727
0.8851987657762947
2.340030476800166
0.19052358295448357
0.0849603205715539
0.841129006621486
1.8027186383187654
0.08398689185560215
5.5042636826547096
0.17190578392182942
1.7301994127265061
0.45944665957358666
6.315742167491408
0.05738611080596456
2.2910178514939616
1.631042606131814
1.8938383903587237
2.999768521352962
1.100906948609918
0.7715451659241808
2.22339275086415
0.4877540339730331
0.9810753531273804
0.6610832873047912
0.6880889526582905
7.005657976034854
4.237751506261702
0.08234193595126271
1.503330110826937
0.5084125231369399
4.433166988841549
0.07241911399614764
0.0993468625965761
2.114843016701343
1.5138038287332165
0.23719762807741063
4.2132957038484165
1.3635481211094884
4.455325182316301
1.8509561308528646
0.5456792439363198
0.4941501165521913
0.7897796493271017
0.22674855291552376
0.8368685645036749
1.517403333207767
0.2112759877636563
1.3648889880423667
3.1929287027960527
0.15576716405485058
4.0484282134784735
0.910860640622559
0.12392347047716612
4.966422032026458
0.02607817808893742
0.21382060208998155
1.0698366672950215
0.4347381137267803
11.482209066707583
0.2098946953919949
0.5285718339073355
0.2730210741792689
4.6518059139707475
1.8935904279860551
1.1755211788986344
4.067532427186961
0.4176781772330287
0.013380535434407648
0.6912251414250932
0.2422789372430998
1.045682532589126
0.10907205980765866
2.826864560993272
0.9250034097713069
1.4830512302869465
1.0734653729741694
0.3548889345911448
0.7268908875194029
0.3539448962037568
1.310881210883963
1.6102227992814733
0.8841874986392213
1.5246392096451018
1.1092492995303473
2.0178782954608323
0.10621167789940955
0.6678573136086925
0.8379275293118553
1.5190336265295628
0.637566127392347
1.5718023452500347
0.6800880130394944
0.08929333867854439
0.3152237674803473
1.863730593235232
2.1595744536971324
1.4848436839602073
0.4482898987844237
0.0019380651647225022
0.3877376807577093
1.0619165110838367
10.470925666042604
0.05748613300238503
0.17299935943447053
1.8704777019884204
1.625114506801765
0.8741913686390035
0.1096311471410445
0.963316737113928
0.29134639257245
5.090451044969086
0.31217625577846775
0.5206339023643523
0.9578814388660248
0.36903230093594175
0.3292005255134427
0.5651496304926695
0.030417600464716088
0.65499628730322
0.4895156982820481
0.8482112330384552
1.7160041498209466
0.7653838947808254
0.22669650091120275
0.3482597677575541
4.95817567242193
0.6568802013061941
1.5586203619968728
0.024737478102906607
0.24911353499192046
0.5081947950966423
0.975927508683526
0.3502977786047268
5.014536818562192
0.00801837941253325
0.04836157876707148
0.030157467372191604
0.7771304082707502
2.4097846017830307
2.474220405863889
0.2115084121323889
4.9190965565503575
0.9197319558734307
0.686160480203398
1.309554825835221
0.31316715117282
1.065539323433768
0.16875340107799275
0.570577122773102
0.3314240134350257
0.5679788382258266
11.747819534539303
0.4793229959977907
0.06940888576355064
1.2065676439669915
0.1748759361653356
0.9380998043343425
1.7768551257977379
0.1587108488092781
2.780353141548403
1.4507815680990461
0.8490298714168603
8.749185732209298
0.8875045845852583
0.7401589035071083
2.9654858502108254
0.624702410401369
0.9568548857278074
1.0695385961153079
2.5872421390013187
0.720924018547521
0.6146640871738782
2.382693353029026
0.479310389913735
0.022582509234780446
12.127976124771521
5.821359101988492
4.7790012248951825
0.8125118022071547
1.0066682890392258
0.6058094592299312
0.11033684939320665
1.9678767298319144
0.8390006719346275
4.868378637744172
0.6862187314836774
1.4115958684269572
1.6830964714245056
1.1024529365531635
0.08233015312725911
0.5174783798938734
2.3214851026059478
2.844504003194743
0.47440341066976544
0.1055549724624143
3.956122711089847
12.531186054678983
2.1722893229452893
0.33185377538757166
10.811746417559334
1.258715786752873
0.6219703309325268
0.23288913176656934
0.2535953909755335
4.292600145563483
1.5599129867332522
7.886062667115766
1.6372626056108857
0.7098376207941328
1.2322690904184128
4.301070940717182
1.7053495170039241
0.6012582398980157
1.397787715162849
4.609290894761216
2.0302132931392407
3.006628572831687
5.012594173451362
0.8683304879014031
1.3275964787171688
0.22562295409443323
1.444092777404876
0.7523210797153297
0.9008931194839533
0.7451351279305527
1.6812862192236935
1.9683655521512264
0.12168893816124182
0.42439161265065195
0.6017781687769457
0.13973683407675708
1.5631610581694986
1.3964827034214977
1.717563548751059
3.303673014292144
1.622082580528513
5.956936151989794
0.3311897373641841
0.03315333470527548
0.742569470552553
0.19576614815741777
1.5917770908854436
3.111953356732556
0.94136960637843
2.0610009198644548
6.1458753368933685
0.10258444341889117
3.173518537900236
0.7287032223684946
6.3748799328750465
0.593295980761468
1.6987037723883986
0.033386184346454684
0.6118102131367777
12.416938401962398
0.22869628943590214
0.25076225373049965
5.585360091092298
0.28580299792520236
2.8437553725816542
6.196381098248821
0.23312605176033685
11.014550714942743
2.4877055529796053
0.20831869949324755
0.643214536808955
0.5142123035911936
0.7172386816091603
0.13211246285936795
4.543774095000117
0.614000051326002
0.3199553628001013
1.3583051847017487
0.24967612685577478
0.05843216182256583
0.7919155963681987
0.9343934999924386
0.5219229356443975
0.9032724012940889
1.34725176707434
1.9656118784623686
0.4450999790933565
0.38207184331986355
1.1972232633488602
1.1572242566326167
0.16442101506254403
0.23485301700566197
0.656207842665026
0.8631961322025745
0.7303030124094221
1.5391631357269944
1.6959029672652832
6.589919045189163
0.948063006871962
0.6496585232162033
0.8139550276537193
3.919124043350166
0.9238582349935314
0.21841885782487225
0.04565655910118949
3.178306861569581
0.0386153419240145
0.17976408456888748
0.0922799631516682
0.2645653476429288
0.16471753842779435
0.3659111080196453
0.22072066320833983
6.717468758106406
3.6432992067566374
1.5080056831866386
0.08105820018681698
1.293462409536005
0.11502378671139013
3.4699015583173605
0.4559810578793986
0.5793426186719444
2.5921243085467722
1.853902485621802
0.5716387941356516
1.3644574453282985
0.571178999998665
6.494315406278474
2.385939790503471
2.3645020277108415
3.3036712458415423
0.026315741190046538
0.8054034530650824
0.5967591805747361
0.4143899007685832
0.13488059782685013
2.1638635872877785
0.20988557217788184
2.999926487042103
0.899743902598857
1.6708352827918134
0.32323176649515517
2.6241862700189813
2.058393513558258
0.3171331601552083
0.43812803599576
0.08706437899672892
2.2941798987376387
0.1710427356447326
3.315974165991065
2.4580154279319686
0.6329549567744834
0.7302472141818726
2.915815944048518
1.2956960423689452
1.3069187772198347
3.2073447405855404
1.3849731040754705
1.5414842351237894
1.306396419990051
0.7758574618710554
1.1545733351595118
0.03686138911143644
13.839979939606565
0.4883896962128347
1.0708380389842205
0.405960806645453
0.8865607882107724
2.347135465905012
4.289603935692867
0.0970243475821917
0.08199812559178099
0.684287324482284
1.569993489421904
0.34312989143654704
3.0272841695550596
0.47262441380735254
3.6321574672183488
0.952297235991864
1.071528797292558
1.3096359738628962
0.5975195071732742
0.41053034832293633
2.0248803450667765
0.9021478753711563
0.46623736538458616
0.5907932155096205
0.6991853050494683
1.581425256386865
0.4675105033820728
0.17820320517057553
0.028077850067347754
2.8012354145612335
0.04407203084701905
0.34705719444173155
0.4450707162832259
4.933782597450772
5.592398718064942
1.9527947368333116
0.027734939016227145
0.050753743438690435
0.5226380468375282
0.22528785726171918
2.529137668250769
0.7099117837424274
0.6586632542312145
2.235982521007827
0.15245813319052104
0.1973032654786948
0.26346253707743017
0.7908603373289225
1.5721663412332418
0.2685021540237358
4.903912118134031
0.12839335589524126
0.23206246001791442
0.0574767837242689
0.7174911201436771
1.7140969863103237
0.28443217560561607
0.09084977243765024
0.17862494392466033
10.62605453593278
3.024030003383814
5.586060035828268
0.021958602606900968
0.6328581425113953
1.8414709519565804
0.17880975194566417
0.058095899439649656
1.0271599350962788
1.0121810558484867
2.0509834516997216
0.15544411665177904
0.8644177453388693
0.2259689670318039
3.4196889776867465
1.454948879632866
2.292453506786842
4.168273757051793
17.784494809238822
0.07093414727569325
0.018244070910441224
0.033207243839569855
0.24502155983645935
1.5986280747747514
0.49311781862343196
1.3425593268402736
0.6704473381323623
1.8773954731223057
4.349224337966007
2.9347847848621313
0.6661567874398315
2.5975822022082866
1.5065411307732575
0.3240153196020401
0.15845280457870103
0.4017021364852553
7.14115510838019
1.2935894818074303
0.6279438894198393
0.731057207842241
3.7153157155771623
1.8835216017905623
2.166772832024435
0.27109736359125236
0.40677573698485503
4.133628747214971
5.28942504155566
6.016680924243701
8.021392711045337
4.230744725929981
0.9286306846188381
0.3723137665729155
0.6294510153893498
0.3202050819018041
0.25842140816530446
1.2531215978451655
0.5424958069415879
6.661240205205104
1.1486475756100845
1.4682947664914536
0.7610359012032859
0.03568281417392427
2.620047457749024
2.8903310548048466
0.9455492389970459
0.49192924280214356
0.31415629643015563
0.5561698837191216
0.15405019093304873
3.892977579103899
0.3187857334778528
0.3982382400718052
0.8388528160721762
0.1617428745739744
16.789755986756063
0.841220582886308
0.38625796101405285
1.3861842082405929
3.7701372517913114
2.169981704442762
3.618483075457334
1.0365876252617454
1.2098761590168579
2.3796259550072136
0.41445197203574935
0.8560211297881324
0.2783287298225332
0.03516110629425384
0.2010840887669474
0.6710248275558115
2.0263656321985763
4.69978356934007
1.0802675545273814
1.6674238935738686
1.1288330122551997
0.6701710913475836
0.4788692117581377
1.3021877874198253
0.05753557395655662
0.039940368667885195
0.5595179161900887
24.03274942177086
0.17529333719721762
0.6667607411654899
0.2779103934226441
0.18934774511581054
0.4124629610887496
1.6584091105105472
2.3167195973728667
4.36412091042439
0.6178613431911799
0.813281956478022
0.653417802270269
9.97466464588797
0.5040874279366108
0.0032291776733472943
6.4399004528459045
0.30845266671531135
0.11173585602955427
1.5310811844974523
0.21929374276078306
0.201132860929647
4.1365041260869475
1.0787856177339563
0.942842553689843
27.519202548704925
0.18989321266417392
2.8635063685651403
0.4169202568446053
0.375446563870355
0.2043062380325864
0.18121842421533074
0.0870167770262924
0.05584940017433837
0.35015542090695817
0.7731050374713959
4.318384555685043
2.1565134247066453
1.3033228600615985
0.07886446921474999
0.4026918132803985
0.6980553640532889
1.6593408327535144
0.720438636286417
0.8879738971590996
0.5978675233855029
0.46459751857764786
0.5758707624481758
0.6881188243860379
5.087785203904787
8.246254345154739
1.3987186895974446
0.1490041911310982
2.129886451017228
0.8167876463267021
0.26983576227212325
0.3309835292820935
0.014891910024743993
0.9130778512480902
1.0182369755711989
0.1699193644890329
0.3400096625118749
0.2095913744851714
2.0386276309072855
0.04791408741584746
1.4175364344991976
0.891409163872595
1.9169947892587516
3.4806975803294335
7.985779978997016
0.014004147531522904
0.20571595552610233
0.8061596941115567
1.851287741737906
9.605726725472778
0.07492369384272024
0.24798153713345528
0.4790372481875238
1.0716688939355663
0.3968837579159299
2.289807653760363
2.640832496515941
1.1162762392123113
0.0638809654119541
1.327128276359872
0.35022915664012544
2.7610997123047127
1.1275379101425642
0.09820757406123448
1.9424825817113742
0.16599339115055045
11.877448602630466
0.3020807583234273
0.2526829443886527
5.936525393190095
1.089957726515422
7.8842612523149
0.5912679418252083
28.499398097017547
0.6143401798544801
1.4092172293239855
0.18124332390289055
0.7986849225926562
4.524046700687904
1.4559649417788023
1.3648789109211066
0.9382687670367886
1.803300451982068
1.9665120978825144
0.6862374230840942
0.5747264061283204
0.32614922669745283
0.08761520627740538
0.0383922737382818
0.14953905979928095
0.22626175564801088
1.4675700074003544
2.0200146272109123
2.9557545240968466
1.701661229140882
1.826222453644732
3.351413839169254
0.3521430737746414
2.934650042829162
0.38189591154514346
1.0297826397363679
3.9639909650359186
1.0144879041035892
2.144432322587818
0.49137857362802606
1.9593575561593752
0.33739068281283835
0.09167824455653317
0.4079225354580558
2.5260727886488894
0.24156940320244757
0.5679109796619741
1.261606874228164
0.26818419217306655
2.1512600262794876
0.881150026609248
0.03482953020284185
0.6535348218894796
1.9359056376488297
0.8501820640158257
0.8381009069780703
0.1774396102191531
1.6108633110125083
0.8329768600815441
2.1570353636416257
4.693620941849076
8.62482831501984
0.38459385573514737
0.02179776641423814
1.5836181794511504
1.2533825916107162
1.1651329734668252
1.7356822376896162
1.3051228277399787
0.5375805903240689
4.887446251363144
0.12419693706760881
10.235492109633924
0.8509255922035663
1.7003154716367135
0.22042573009093758
11.152141397280502
0.42685249673377257
0.24441801852663048
2.121312917675823
0.34536269406817155
2.180584141307918
2.049445779193775
0.7810846227948787
0.1623944409802789
0.8997464531057631
15.923348789918236
2.0153291300011915
0.697401644421916
3.561730692104902
0.6310311101769912
1.5081564384163357
2.1610434035319486
4.771369169080572
0.7299327148648445
0.2922711434948724
0.2113770699579618
5.7572780451519066
2.0859041120420443
9.159300668317883
0.2708056828851113
0.1405522163695423
3.267004029308737
2.203344688321522
0.20352556683064904
0.836585346260108
2.9094430634577293
4.182232306382502
3.5251010242282064
0.09916440820961725
2.1510615746228723
0.08468136323062936
0.039485248758865055
0.47393308986647753
0.0781393764555105
1.1802715171506861
0.9579081959600444
0.31006210158375325
1.3170468152602552
0.4923617357198964
0.35408329549682094
6.573786649300018
1.3467615257395664
0.8403332087109447
1.3647747457798687
0.9798824913741555
0.3780833546552458
0.18480909718346084
10.301254654747027
10.430993673289777
2.136351053661201
0.4914264393009944
0.5607724917936139
0.33037146212154767
0.017806843410653528
0.5248111303662881
1.830167643922323
0.7530510171636706
0.6464409375621472
1.4077269623376196
0.44656529730855254
0.2750143418670632
0.5742314127855934
0.1681453917262843
0.36810801221145084
1.7604192971193697
1.5102691636566306
0.5778996882509091
1.1132382318101008
0.13256251758139115
1.1250306673755404
0.05883258599351393
0.5610138329211622
1.0219053984546917
0.7589778867331916
0.05538012640317902
1.4163135377457365
0.8034174817948951
2.091087807501026
0.0733823127739015
0.25339089543558657
0.4966605326408171
5.458929831627756
1.0174485582028865
4.2048920126544544
0.6819235877264873
1.3094268222339451
0.7443710084990016
0.7678086224332219
0.2704826081317151
0.6436277410757612
6.439318846503738
0.8581111134044477
0.5650647050570115
0.9152881827030797
0.5258539009009837
0.2210619960751501
2.030754722407437
0.08106425521691563
2.5186437309894245
3.100121427720296
0.12445650618610671
1.4698224781750469
1.369868776149815
0.5590939922985854
0.6913354234129656
0.1639573539578123
4.2424484316434246
0.4505451333898236
2.5104371480629197
0.1041893023866578
0.1092470706498716
0.3632268974688486
0.2545819401711924
0.5288396846954129
1.7130908632389037
6.483099248544022
0.5963009303741273
0.5844368195103016
1.2552344010400702
0.28463555924099637
1.5435289893648587
0.834822695258481
1.8787315328590921
0.3779713541371166
0.8194057257423992
1.8781204678234644
1.2564872536968323
1.1436318584819674
0.19950817874632776
6.533153427837533
0.14250406449718866
4.997766740736552
1.4475198817744968
4.527994736003166
0.28264047702396056
0.09921050242701313
0.7408303640258964
8.284810985678632
0.392767016106518
1.299268329545157
0.06570515097700991
0.2842451211181469
0.32487814636260737
0.09093948350346182
0.24713847156817792
0.2363984123658156
2.350177831147448
0.1825675047657569
6.514396272039448
0.9777395311830333
1.5900712792790728
0.33847905725997407
2.7920935880974866
0.410353426457732
0.7676608594192658
0.2973804367647972
0.2995836658155895
0.5827983805793338
3.636584518601012
0.8759784913709154
0.5340385793606401
6.070149332765141
0.022533764167746995
4.491739461380348
0.9907869501548703
1.027523792872671
0.7994910682537011
0.8457236341419048
1.8964341541504837
1.13109860032273
1.8386218709565583
0.46714582942513516
3.0194380946995807
1.4935748429707019
3.9151158813983784
1.7019125928054564
4.613364195924078
2.4005456210361444
2.7373174667882267
5.026619502983522
0.3907116645714268
4.270486624758632
0.7468666389177088
8.043833683572302
0.08767344823718304
9.445161075302167
0.004359729653515387
4.463005062811135
1.215095818246482
1.3768127980001736
0.2855390400727629
1.0183364548283862
1.070808457378007
2.5756780439114664
0.4443909764304408
0.9920268636124092
0.19365339919022517
0.47300757966877427
10.926116930771968
1.2374263180827256
0.11790672186180018
0.4548614943487337
0.6267059311794583
1.106553855126549
0.796939452571678
0.062397439338383265
9.36135746268701
0.8694852713597356
0.06921757706004428
0.5748305098386481
4.179758602564107
0.36921323596470756
1.3015810407523531
6.531902396993246
0.14685033125715563
0.18786955306131858
2.1809053796168882
8.818689568644913
1.9292717210992123
0.16828729377448326
0.3020502526269411
4.161272659832321
2.173128232927411
0.3205006415664684
6.02707460806414
0.7961734731070464
0.9128561482575606
0.6857852006796747
2.49214966949512
5.623131667591224
1.6848762551962864
0.23940129152470035
0.23259716562461108
0.20718899073835928
0.42649520833219867
0.19392703702760627
0.01792976463184459
2.4678470995204407
0.13233826758369105
8.569511754940322
3.769652523944387
0.6560329972489853
9.370345941781125
0.7158454045420513
0.418779862797237
0.6426463117968524
0.3522839529759949
1.5760334138540202
0.16197756132896757
0.3352876723802183
0.09323748524184339
0.9188366779999342
1.347736653748143
11.32569178014819
0.8379737847208162
0.2621832258082577
0.880232157142018
2.6050364996190183
1.2289776563411579
0.47073319220362464
2.648843710005167
0.631408053865016
0.27868513739667833
0.20477169878722634
0.8054023759177653
25.621116349335352
18.610798052774044
0.260794909321703
0.23398119538614992
2.3853525611266377
0.04687740789086092
0.3521208344754996
0.36877415616618237
0.6387938105908688
1.26664754338708
0.6144088457876933
3.6205558863657643
3.893735293560894
0.8121157021741965
2.350029800494667
0.4280612559450674
0.29932682387152454
9.225023616134422
2.109658580913674
0.5948100828536553
0.7913052557705669
0.0073486577603034675
0.9129627668226021
1.8904068370975438
3.199938891972124
0.3623524034919683
0.0069612554216291755
0.5817200885649072
6.230049880956358
0.1446602673822781
1.7517912323746714
1.7039407658958226
1.6950081215036334
0.5237466294784099
1.1949427965664654
0.4069612470411812
2.9944133066092036
2.530641623008705
0.3916330696520163
0.1114326589013217
0.4134922587618348
0.42493850950995693
0.6157047059605247
8.833994203909242
2.197957383628818
0.0425014529391774
0.09483899532642681
3.852302253311791
0.2743464379600482
7.279607013137138
0.48213208224478876
2.8238483956156415
3.520675817526353
8.716487585428695
3.8907023331412347
2.001289876483497
1.5269216263041017
1.232711256336188
0.4099020496942103
1.4892583409673534
0.011419626702263486
0.42055703917867504
2.4812998199340655
0.6211278361297445
1.2542902852364932
4.359963700808294
2.6221495716818026
0.2744714991567889
4.011622477584751
5.906317230655986
0.762540394840471
0.15338107841671444
0.014469377005298156
4.544571114747669
2.8160347095981706
1.4867273177296738
5.123047725865035
4.528260642320674
8.167919751038426
6.539887426712085
22.48864442215563
1.8018748010217678
1.7089215079395217
3.1422263646381907
1.4403780417123926
2.242366500729986
1.9408835708818515
41.28032137538685
0.0333266827656189
0.143060281072394
0.3311504365556175
0.6703901129076257
1.7949645046610385
1.103584312942985
0.694135689707764
11.677645888426923
1.8989986548767774
0.5258147412459948
2.7339090839304845
0.09293838196026627
0.8231028647714993
2.4611345180528588
1.085596993129002
1.6114619133149972
3.746678227893426
0.8142092531415983
3.206188003285206
0.8478070468190708
0.5754289452743251
0.011270807670371141
0.59403957943141
4.373712697335577
1.6455844137308304
0.865034114503942
1.1454396570989047
10.542634330580768
4.476487551859464
0.35540606645372463
2.144586324582633
9.612397365868674
14.372832682100125
4.340274212321674
13.250906921428395
1.473732044811186
0.6729226045426913
1.4084972983182524
0.48866105057823006
1.352505520786508
2.8114562717164517
1.3471715698688058
0.835815745718719
0.7791055718698772
7.28665133062168
0.10026503410335863
0.23863140989124076
2.3908476368305855
12.01903784640308
0.49553637858480215
1.5249082194277435
2.5523808068974176
0.14738604552985635
0.31810423779825214
1.6709752747046878
0.25554745166300563
2.292307193558372
0.771066339337267
1.2303639891615603
0.13494469362922246
0.24709472729591653
0.3160245473482064
0.5294926462665899
0.24518895719666034
4.163526508469658
3.776060775220685
4.3253501399522065
2.9922942428602255
1.5016356112464564
0.13848201922519365
4.4873856919730315
1.4166466047754511
0.06915057465812424
5.515176956992946
1.0013970928412164
0.41327030638058204
0.24316857668600278
0.024037639166635927
0.45511555632401723
8.221698408728116
0.2038750438950956
3.053037064972159
0.5422930817512679
1.1614679702179274
0.20532551418000367
0.25324816298962105
1.2814232887612889
2.9880991529207677
2.849265298980754
1.2056744820729364
0.2012270331106265
0.2734795303840656
3.3489780474992585
0.8199614807672333
12.923713502241299
0.39850653830944793
0.12739930969837587
0.8533040829715901
0.02657613104383927
1.4194809929613257
1.6748433724642382
2.4868746350111905
1.1129386403044919
4.032398901246779
0.8312614347742056
0.2927667407566332
1.3753351435589138
0.4334254903078545
0.10275242111674743
0.5185725991832442
0.22104021195991663
0.5085914567389409
0.050335668776824605
1.5434073667929624
1.9763650730674271
4.0645194717581035
0.9312063557590591
0.5982802954749786
1.4859670572332107
1.0457547271653311
0.08318727748701349
8.00513777291053
2.3356940218654927
0.06347303652728442
1.092726643430069
0.019317319231049623
0.6211639074754203
1.5909087409672793
0.28819562406715704
0.39023968009860255
5.8063806367936195
0.3627206417368143
0.3501488811598392
0.26344870272441767
3.06272510587587
5.25111043623474
1.0623922212253092
1.653507208051451
1.1557373362593353
0.519088599125098
0.5894263985828729
0.808835541451117
0.14017160741059342
0.4227194254635833
0.3736729911179282
0.04574917100399034
0.29325249799876474
0.4505275916235405
0.48117033118614927
4.2961081083194586
2.830667276211898
5.455895015016722
0.39448303574317833
4.858936977216217
3.23600635623734
11.335864659449726
2.057287745294161
0.5861931175240898
0.15021067549969302
0.3282025845546741
1.4426420764284558
1.6764446438392042
11.515645876555936
1.891833343084727
3.027628245006781
0.4120497353578685
0.058353916072519496
3.3880720320739783
0.10174699878552929
0.18421496355585987
0.8437269406858832
0.41390250864060363
1.3773355701123364
0.2465376647087396
1.6328433204107569
2.3231026901557925
0.023707376822130755
1.416058018898184
3.426413120170764
1.4772239522717427
2.3291594645997975
0.1914276709285332
0.4469514140873798
6.183076940731553
7.309172323031817
0.80263599173486
1.3898654463191633
0.47999578192684567
0.5095076751895249
0.10141443293105112
0.2369012916169595
0.684868093681871
3.1061571744648973
1.7543853907627636
0.7755080839415314
1.3759410227357876
0.3938104488843237
0.9081215797996265
1.0536014702229295
2.1627700723547605
1.0333933875735966
0.15528112524043536
0.867632447690994
7.083076504888595
6.691394837667758
0.05744087933271658
1.4623164892254863
1.7578034228790784
2.028964312754397
0.22267166757956147
0.7637644996502786
0.5132806266483385
3.2218273939506616
0.0031896520740701817
4.628690612858918
2.0768258592506754
0.5436708360502962
1.0437285168809467
0.13255176484381082
0.1608811526093632
1.3774862020727596
0.1925011925122817
2.050577506648551
0.6495847421174403
0.30726252483873395
1.5803165405595792
0.30639933540078346
0.763788189367915
0.11002910901879659
0.12106059810321312
0.265606525761541
1.9236178581995773
0.3729507080570329
6.025494377492578
0.189340656157583
0.024219571736466605
0.1443485263225739
1.7199242289134418
2.628977383443271
0.06067967659328133
2.175227630264999
0.11756246225559153
0.36937817283615004
1.2123849267300102
0.36672535091929603
1.0959836622860166
3.6720800387047348
0.6401723087692517
0.40176503419934306
4.202572958121891
0.36772155951621244
0.19276542694569798
7.479120275726018
1.7766612133418676
0.2511557488614926
1.140190017016721
0.030379774507309776
0.18284126905200537
1.3203857558983145
1.9375554538637516
2.0991624177913764
0.4542834856911213
0.744257182792353
0.0919541533512529
0.22876475535304053
0.6670188478383352
0.48064007309585577
0.05489065037545515
0.11081114479020471
0.4512422734987922
4.424207320706046
0.374270622007316
0.294703621933877
1.640316655721108
0.28953054297016934
2.15101367940224
1.4206695235552615
0.07447638142184587
1.3518079007262713
0.0786099079050473
3.3009179618165945
0.21688385684683453
2.1925052773949574
2.410152419026417
0.5408782049780712
1.4033920840520295
0.35114271390921203
0.11731151830463205
2.577997074869927
0.9293438963068184
0.8136415399276302
0.9752805635434925
8.288767591388023
0.3447121158678783
0.2984891541127581
0.14974107453599572
0.8674009716196451
0.707655197911663
0.9119168112956686
1.7662159530373174
1.922606638072466
1.5631734660928487
5.817564530290838
0.7335937220123014
0.47817754265270196
8.944645341856813
0.06347427305445308
1.200852476307773
1.3918707438133424
2.4221897930838168
0.3291917604365153
4.588386008967063
0.8906201615609461
0.022035590205632616
0.5198793348899926
0.19464664172119228
0.1893799511526595
0.905746132339118
0.012000843307760078
0.4999310547573259
1.2578780521580484
2.2021260407491354
1.161917290686688
1.0520880297844997
2.499844648918952
0.3522857940624817
0.24715060003654798
0.05829522106068907
1.8842265406419756
3.191208711847139
1.042096378216229
0.7338775022290065
0.4264787610154599
0.24513313658098923
5.699576019425876
0.6265618953111698
2.4327126237985794
0.018524078164773528
0.7022317796654534
1.587166980294569
0.9581792958706501
0.2428682532045059
6.337156036570377
3.7325420577835757
0.07999591440602671
0.7890689103951445
0.10252386498905253
0.5306630789636984
0.09188774307403946
0.22208913584472612
1.2910264358433778
0.09223272123927018
0.7911725984013174
2.5042008013115264
0.14407220367866103
1.1956455113686388
0.08810299279139144
1.76853427986498
0.49164452598051867
1.3928425513004186
0.3252956132419058
0.0013617462245747447
2.4571741467225365
0.003235286618291866
2.9004436701070517
5.03002107366774
0.4929932368104346
0.19674396231857827
0.17431560850673122
0.7633927838323871
4.323904466087697
0.30457707751338603
0.47955396620818647
0.5562319538294105
2.8360833847764297
1.9975308532084455
2.356084857499809
2.2886524716595886
1.3655612020156696
0.3680110156783485
0.8707656594051514
0.08748358148295665
0.1607615825123503
6.20799781254027
21.715553229965735
0.4675956250721356
6.152345335431164
1.0790723456884734
9.990596473719052
0.35381613240315346
0.5483975044699037
2.905585388158215
0.07333280368766282
4.167721824131149
0.0340019596478669
0.02941294700576691
1.0573272331021144
0.12192556140507804
0.09024475269688992
6.470681544189574
1.1733297402897733
0.4235830669495044
0.8542362709631561
0.8594804421227309
8.501368281300529
0.6648133462513215
0.9937634400848765
0.3384070736647118
4.486069465885521
1.5659514329963713
0.1702464602640248
0.5405528750125086
0.4947180139424745
0.20016898628819035
0.7171760406636167
0.9355906727359979
0.934716322029999
4.927639657311374
0.347451310728502
2.0989675664313836
1.0969054048910039
2.903673871762294
0.7550248185798409
0.3944957733692718
0.01634326526254881
0.46939132537227124
0.8694118372441153
0.5230417142302031
0.7929678522850736
2.917640783103707
0.6464581295003882
0.49512019734538626
1.9764013749954756
2.895272457644751
0.765136267116759
0.40280969910963904
0.4161153696477413
0.8126966817144421
6.34810060444579
1.8071779426027206
0.2665538615328842
2.2261733151535736
0.03919410251546651
12.892718328635965
8.332586389304197
9.27290814826847
1.4999168298309087
1.5164491863761214
1.6356172927917214
10.87073670263635
3.0042679594043875
11.18564570810122
2.4120186294749146
0.2533976589329541
1.9285808092317893
0.28495788097643526
1.7398624099296285
0.4657670761080226
1.5392727976868628
0.2929334725631634
0.982647902375902
0.15549171081511304
0.22960206009884132
0.46004663095664
0.9293920220807195
0.18299571098032175
1.7881379040700267
1.1554559691867325
0.15511657198658213
1.460385781196237
0.18241741073870799
0.22307885729969712
2.919321323846816
4.345952761745139
2.4793941703392193
0.27310437858250225
0.37659765927674016
2.0826436261922936
0.08146320001105778
0.20832300926849712
7.396789967351651
5.287838710763026
0.2301503754206351
0.33938558423687937
0.12275054063502466
1.0672607142550987
2.163413959890022
6.082455004754593
0.49348241223196965
1.0944248838131898
2.8364931842006627
1.1232734480581712
2.6930367407694575
1.9745223587087821
0.27294086594338296
0.7313114504868281
0.5959504232232575
0.2784506747411797
0.9493523837882094
0.760413450334454
23.305707180770696
1.0991689622533158
0.040618349026772194
0.11008103236235911
0.08273257356631802
1.9615739166911226
2.348078805138357
1.6227778822067194
0.8984957579159527
0.7268544642138295
0.048664378497051075
1.2399123120267177
6.354546471717185
1.0456188827811275
1.5262042353278957
1.7938561517221387
0.8824071145645576
0.057868801304721273
0.3403235829246114
2.3504111809743335
0.7165230675673229
0.010922151464910712
1.693918329430744
1.3401299989927793
5.985409812070429
1.7787552696099738
0.18106141580210533
0.8158318824571325
0.9740561289945617
0.4872744030508329
3.160217002259742
0.661035244447703
0.7168859916200745
0.34820350255904486
1.6064185489085503
0.5913300406100461
0.03992635339091066
0.14944699274201412
10.002310877011041
0.3833945067890454
5.916289151835372
0.1040463192111929
1.5109331183921313
2.20041539358499
0.3486742044988205
1.0977882300139754
3.149967142926471
0.7595346390808118
1.0891436443343991
0.5781660409702454
2.0441525224232464
0.5487426753388718
4.096234111741069
2.320581891479378
1.0250894386990694
6.57646508407197
0.25907427485799417
2.0071730200652382
0.1318690487096319
0.008899657608708367
1.2368375130245113
0.20982604548771633
0.35285832319641486
0.3246911313399323
0.3574210398073774
0.31376246774743777
5.6475992263222
3.8711819244199432
1.6754972172057023
0.6447163168049883
0.5663372240305762
5.473320077187964
1.5960205784722348
0.8853908561286516
1.8924375360293197
0.12439767467003549
0.0525151661640848
0.026663655960874166
1.4585383088997332
2.404839269220247
1.1452572545604198
0.6923084838563227
0.3534485774944187
2.628697146756167
1.0220107063505566
0.1786855889367871
0.21936786194419255
0.19528709594305838
0.1420567702225526
0.06174951986031374
1.7322709509680863
0.29865854357922217
2.7550933542006533
0.016602707539277617
5.4078180777069065
0.591833329614019
6.1431268106389325
0.6841520400193986
1.004727047708002
0.9375687448991812
0.2651621775148669
2.0260867769029574
0.48080524338729447
0.2187556559802033
1.3682324111941853
0.5263178695604438
0.42046220901829656
0.4336160115635721
3.199019277584739
1.6484732393873855
0.4164464219502406
7.009184044938593
11.240090431929275
0.650702576385811
0.7658065257055569
1.4969794940261636
0.49191193360456964
0.45237451051798416
1.4688413446492632
0.07525841902679531
0.604552232340211
2.5007201599291875
1.4440415436329204
0.308728906828037
0.11816938242554897
0.06358419440948637
0.0889132627271465
0.5916029081636225
7.999412942182971
0.3936418255252647
0.9284987974097021
1.777144803883857
8.279265350822243
0.4787646122131264
2.4349710623864667
0.829908693129255
3.256403915824194
0.6560601843812037
1.7616452646980179
1.2241588685064926
2.3950191713374807
0.15409205773175927
1.3321148333780002
1.2513036648306297
0.23847603119793348
1.772304353034997
0.4988935951187159
0.5624379882210633
0.2935355904191965
1.385069908996229
1.3112404083221918
0.7333875332260504
1.4016312500534696
1.7609194777542143
2.3600051042449195
1.0465880609481246
0.2529368691830314
0.028587146822246723
0.021770080435089767
2.108233343104075
1.1167146013031015
0.14614641038497211
0.39214620598067995
0.33199290350603405
1.2039402322479873
0.5085580700324499
0.7535435650061117
15.3501463328721
0.2969522830535425
0.884662525721069
3.221300678924308
0.029500431286578532
2.667779361414432
10.46688768886088
0.6811541660281364
0.017791189326089807
1.9121419115253957
0.4230686823502765
3.3619060493438155
0.8022428966651205
0.628670512138342
2.17265370899986
0.9762183617931441
0.2938647322007455
1.4478580746144871
1.0230574114975752
4.362567706230038
1.6912176879995968
2.5294171730492963
5.358835444232682
0.4388083084631944
0.04971011834277306
4.560229733499
0.41576760473981267
0.5404024572126218
1.040819668858603
0.49985584128444316
0.6890696594273322
2.384016544885526
0.6907812832505442
0.4392530324330437
0.5048986600668286
5.391120313106512
0.4217658673878759
0.3963534327413072
0.04903984341217438
0.06395856753078988
2.365704020638077
2.2162120808425243
1.2578658164129592
1.3005551301248488
1.433594571382855
0.37835700736468425
2.151281018210284
0.04273776307672961
0.7726700931525556
2.3301150830156985
6.937239151280664
0.7531588792553521
3.061690698021266
0.35903388615406584
0.32970386475062696
0.906602812865458
1.8397337550413795
2.514702215710713
0.19851218805706594
1.2375354594478267
0.45489387211273424
0.2185909835025086
1.6137537367030745
5.318747635647014
2.9142246902702027
0.5622633223320008
0.4764660478249425
0.5747572033724282
0.44968059213715605
0.36436387516732793
0.23103492586960783
0.8170768939962727
0.49310666225937894
2.468787905156205
0.48407622124796035
0.9968048981463653
0.8939200507520582
0.25150257752102334
2.5510223521705484
5.916256171862187
0.516276931957691
1.7887692902731942
1.0966400599645567
0.14260681665473385
0.47450813603791175
1.7048901921807555
3.8813246789213736
0.49235815351858037
5.086297658708645
0.0871157702349592
0.5486889235326089
12.656300507529522
0.15770382287882967
0.42401106769102626
0.5017961256380659
0.04872935762250563
1.1536053584713954
2.0841860041982727
0.13877862363733584
0.6075656620741938
10.630519901009393
0.9004402901555295
0.27156148786161793
14.171442631872196
1.3433159859923762
2.46695947257831
0.29083321506914217
0.9669855029715109
0.6534735834065941
2.105889043523348
0.6254199629183859
0.6487665730237495
0.6688227347694919
2.253399734829145
0.664372809442284
1.0760205375045189
1.896743488352513
1.3692158588310122
0.03457095036719693
7.392604046784982
12.883342475055542
0.1955050826218212
0.332686822694086
15.494309072309989
0.46868318141059717
2.8640571823561913
4.3407337455573725
3.630592855217401
0.27083125506032957
1.8075686810479965
0.08131251020677155
2.5919956109428313
0.16471987463592086
0.24448266042600153
0.5826283817514195
0.8899287530730362
0.3309614705867716
0.42146194832457695
0.2699992661073338
2.1025695960852318
3.5087656860996503
1.8142495227002655
0.11957540296134539
1.7371745415293844
0.9533683002664475
0.3813575739332009
0.8985004690548521
1.1277027145551983
8.65723415301909
2.549664164398564
5.816336618256173
0.9666330662366818
0.3217990684934193
0.6692459199985024
3.6473143914408865
0.9148814402215066
0.2641621535512968
0.10310234479402425
0.09830506842263276
0.0816943348327186
0.3251623484029551
0.06653187431948027
4.601526343045407
5.695121973156347
2.8462044370389776
0.8630103950636112
0.10861580664641224
0.03851823518198216
0.5982983592257369
1.4941292005605646
1.4190731112175854
0.4511292783136014
0.7825032449618448
0.8152022427966585
0.17854525863367599
1.8865725949508487
0.8285164279513992
0.15771754610614153
0.30892115907772677
0.003293550602393225
9.400259697744332
0.462287630449282
1.220185669772036
2.0309224310913123
0.1413514802698046
0.37966908849193715
0.20967603971803328
0.6961191342197708
0.0934062122105388
0.08865171553043183
0.033504193677799776
1.2614756561015383
0.5419843579438748
0.5690866215954884
2.8117494354373775
2.442654189217137
1.9148634817756829
3.113860895464313
0.2561548852972919
4.196155865414767
17.916141870045976
0.47840271776658483
0.44430307704169536
0.6386068496285588
0.19366090135736158
1.3723142587841721
0.06615129199053627
0.1663551258679945
0.34887031649122946
0.48764994443627074
1.938416117322049
2.552427986593102
0.016693143094016705
0.4032152056679479
2.5831006910229917
1.9926805416398565
2.166038445713639
0.5975223180139437
0.13925413354445482
0.8705077312915819
0.5102286427063518
0.39278738645953126
0.37130959724891
7.488492872231291
1.5980832457062206
8.93498190826358
0.3701079318707343
6.255128011551278
0.28713710462034214
2.497291115076223
3.5193391955981497
11.129256537962647
0.185951029190619
0.07776025691418909
0.3248655304487329
0.7869953383415123
0.20646888972987654
0.42762869865691755
1.5035760667888098
6.431250665256812
14.028617804709938
0.14126736680191243
1.881871625155327
0.19984153936093207
0.44031362215901027
1.2379780698538525
0.6073965997275081
0.8300807162886485
0.6486748216266278
2.405731587736227
0.11358941103389952
0.46701870049582794
4.69701086726127
0.736472474745824
3.458737405955617
2.756456852403062
0.06371785916417139
0.23694311119470512
0.6770951160797267
11.830982736762962
1.2381912610289874
4.133908173680538
0.471096121968003
5.686179394055216
8.086115303427505
1.9906194323048112
0.5815383810477215
1.9352532221018919
0.4719311102599022
0.888094373367494
2.864689940455719
0.05978327352931956
0.0022433317717514
0.3966397997646709
0.7821122167588328
0.6950773765856866
7.351446208944253
0.5122999286977574
0.44275979023223044
0.34007208879484097
2.12346995012922
0.6617645729202195
1.1964178329217248
1.3094956568529597
0.10133726687490707
3.2091018708306365
0.1950762340784422
2.4202479899686296
0.22184088246285683
2.6220588879587012
0.9703670406597666
0.6090659469555249
2.719978315413755
3.452379730064422
0.32041642160038464
1.3216651292677852
3.93479491272592
3.250915015451028
0.32542371460294817
0.1323326541169081
0.120445232882048
6.127256113170006
3.6550801624471205
0.07456822073436342
1.3096024421174661
0.6752044961976935
0.44533607690391364
4.752241173613584
0.1643171738323872
3.7440422350991867
0.9183327901046141
0.5219149070035201
4.9563189563996275
0.2787458071834408
0.639705887529999
0.4827169652126031
0.0931427567920764
0.4462068121501943
2.318970420557889
1.8556363782990957
2.327039510499162
0.19116975992074003
0.017908714908116963
0.8066994075197726
0.3836119879488251
1.7070200018497417
5.75582783237769
0.4340668994700536
0.24206329178559827
0.08753172318392899
3.332893017184688
0.8313486306142295
0.5764361025285325
5.486017986324441
0.9652340986140189
0.16661371654481627
0.13832055994134862
0.1685760555046727
0.5131724723323714
0.6382179085703683
3.061118235171307
0.0813909506687196
1.3839852527162293
1.571744392735127
0.653177785265143
0.6123650257868576
3.716965119485394
0.6279427002955345
1.8210737510380568
9.075864839163842
0.030039600242162123
2.1117495668295305
1.0236187692426029
0.7621943387857755
0.5770648820034694
0.7730218447759398
4.086605214200972
1.6431478084778064
13.45132974871376
0.7199622741973144
0.9445791540492792
0.4911711107197334
0.17675732087081997
1.2979941995581612
1.4474051994038746
0.1947359974074061
0.7139059592300327
0.9780309518100694
7.057296995451907
0.014473723502305802
0.15176732860709308
0.7636937247516471
14.418969519880193
2.9797777058483916
0.30233607027184917
0.2515775477513671
0.10291826103639323
2.047991134757467
0.12008716155105503
1.7379480212766794
2.8587632062190096
0.5429923962510657
0.1065109688352095
2.53680522988725
2.3754335561970947
0.044061851178412326
1.2163041740932385
0.3374194966236246
0.5830130475806072
0.13428230729914503
0.7983559077401878
0.34515832101897104
4.486402251495747
0.033057701810321305
3.5881789568520617
0.05493664157256717
0.05938582716771634
2.3191862661624327
0.24687678407644853
1.8624594806242385
4.113395837062853
2.677505162806483
0.7001688124728389
1.404107754919096
0.27716053639596794
0.9842057740097516
0.023335809783020522
0.8615697836576146
3.434121472258994
0.5577837980890763
0.011891244932485279
0.08625231347832596
2.318643828846689
0.8002759599839919
0.5745059937398764
0.5540053797230939
0.9669927354552783
0.6197280039341422
1.1084496620023856
6.206906284322031
3.9313095425459323
7.382251050621562
1.3793152487123734
1.541516607576341
0.26820142378710443
3.5184777264948934
0.3690797314120573
0.21279095643694745
1.0180867774834041
5.839796236192342
10.87496047935565
2.9985939502512338
4.653737213448039
0.19876517260127002
0.7186867065975093
0.21440413233358413
4.028095497575123
0.03989215383626288
1.2220580695284298
0.0012133082709624432
13.403243810527783
11.18794117296784
0.21488271314592566
1.9147088465906563
11.76164240854996
0.6967010377411498
1.331623335609038
0.06625720985175576
0.1679938553206739
1.8164248290049727
0.2756632329619606
0.7679991731711198
0.018718768835242372
0.15236677802022314
1.1988573648704914
1.5207026765856426
5.597923550718406
0.021186291523918044
0.08425830592750572
0.7345456332186586
0.7262173270719359
0.6470682894650963
5.775628270341258
12.317236442620924
0.7692626276839292
2.03872118491563
4.079207173359464
3.08597298458335
0.5158209856817848
0.3725217267856351
0.0944270249674446
0.3763471539350576
7.185568747590878
4.790630325114762
0.42630771947005996
0.8041748424293473
1.6873785509742447
1.134621138422517
3.6881931354801054
2.1619407711623353
3.2896059574050014
0.18008235484012403
6.416104153424385
1.0076007190727978
0.2790412809845293
2.197918373552966
1.5042910485135508
0.8389791781519307
0.7846102749463171
0.027775864109571557
0.7587790567340562
0.2683689436817076
1.8227822234330233
7.8147355596665875
2.7373818426494836
0.01705136561213294
0.18926471713348292
0.43494385009398684
0.45476343428890686
0.07688985377899371
1.1992304181912914
0.05818558353348635
1.964355447445996
0.9036477287882008
1.413904118766368
0.46750914396398
0.0628864054378937
0.16175942154950462
1.4927976258040871
1.4626022380398354
0.2914646492281463
2.465420762600843
1.4333237905520946
0.084447046436253
4.139569931154256
1.5579808094335021
0.24305420347081963
0.007724616058112588
7.18114722205064
1.758043310175708
9.258476571289066
0.6467791225149995
0.3971240805112757
0.7733816062900587
0.08804945628071437
0.3520249718785635
0.16363325567363063
4.99300404737005
1.0035612155988929
1.0165905529211159
0.11212637615972199
1.5082890715784742
2.226493802285404
0.3142762456336641
0.566273881966481
0.27757013176596956
0.46188329524738947
1.0503859886375722
1.0347624873902532
1.0833609799883561
0.9453680855294806
1.3118313439772464
1.0125681577483192
0.4706093819113448
1.6807861775232595
0.5307941691789893
11.403440418478567
0.08334305863536429
0.532968211104162
0.5079336685012095
1.2050530018968857
5.692730153656157
0.04181409296870697
0.4368314534658566
0.26284202225360787
0.2932333438147907
0.5110795513683115
0.11994865486485651
1.975009851390496
2.6767896282472066
0.03067203253158368
1.2883886557174264
4.185212668351596
0.02816640900709899
0.1539781551255146
0.2927984674097388
1.2278404712487827
1.3129024200025015
2.091963939885318
0.43050895675696665
0.57409904927772
0.16929453871125588
0.123623685532948
1.7043264009116683
0.016145069668709766
0.6836181970938924
0.31581204580288613
0.5704587294821977
2.8657041786718764
3.0422306009204476
2.129019064203021
4.194320510985563
1.0515263344132109
0.6165314182217116
3.8760458975593792
0.2851195918483427
0.7433426825518836
0.9901108002813999
1.2660727876791498
0.2809516210400034
0.005726316318032332
0.8007660562216188
4.013329021159734
0.4503589478918002
8.098017684125807
0.5686694019168499
1.80572660722828
0.3258723640756216
0.6271213880027062
0.07737174632347887
0.6014330104517285
0.5920001882550423
4.739787344733486
0.8891397776606027
0.06709577748551965
0.46781828083476285
0.7014567007863661
0.14871915526600787
0.5800994651362998
1.785472809096973
11.853361273701012
1.2089511080557713
1.6789657502013142
1.1676206061019911
10.744177141496039
8.226943648762244
2.1701132004600368
2.4514801495024585
1.2095923460001359
3.5152315458544763
0.11091685594146838
0.557102587481495
3.086749528745713
0.07831997715402395
5.285712119606615
1.6278977488909732
0.1998191453239997
6.564044504899357
13.101914040613337
0.7964633735391544
0.648719820084807
1.31341396386415
4.193350040630321
0.3010193209047429
0.7081579059376963
1.352310855370888
0.9521571376099018
1.3793874839902855
0.5109099146429799
0.15358519658184377
0.8969471858581528
0.69575503620581
0.47170287641347386
15.656196030315186
4.671801562755718
0.83222643451154
0.15335062799567822
1.3654706000088481
5.447143272438552
0.17888160875736503
0.4419135860807728
0.005755454280006234
0.033578597285668366
0.5244909422763158
0.06524411725695245
3.2909695348425885
0.12604678392381174
0.2966865903654252
0.5040074513453874
1.0366314375860384
2.9506016616651323
2.955320768916863
1.2966288022507797
0.3631147052437882
1.8806288606501766
5.541300385775685
3.2637916274252348
7.455614865619282
2.9360572898876853
0.48452689873374766
1.2034443369120709
0.09006182529992657
11.828689474394196
0.17872436629113508
1.0382896984592662
4.719450797041645
0.08461760965292342
0.05112485964491498
5.970504997436365
0.04890566579706501
0.7073558789852541
1.5382744501694106
0.13216913352516713
0.6943412481996347
0.5039661048067501
0.1502168956794776
3.6872905471682316
1.9622428177826805
2.0959036869971897
1.2593041605869075
0.197191037099401
0.04219968704273924
0.2722965655484586
0.5556072089530062
0.4419175650618854
1.8799436995614087
0.6546070668191533
0.3448625173550681
0.1895675628184108
6.228981714077236
2.612962466715544
1.5832188237909577
0.8468672922463156
1.5145641059280024
0.16853650294069666
1.3848171205609106
0.4343574937302037
0.3236577625211794
1.900934649827832
0.5239044569607358
0.4656135191980866
0.09832264504075283
0.11229796672705561
1.764216667979781
0.5893165382149164
5.527649569696223
4.947288486240723
2.030025218591618
0.019153724664647598
1.155731694510905
1.7388856161851436
0.9019578272855142
0.20342227418586845
0.8253506676992401
0.09516576632449869
0.6701098228950286
2.1102592116003507
2.4045946505793836
0.3005694334569853
1.0041048919665627
6.493778950381966
0.6298885398282437
9.248022059204231
0.8311826304561691
1.0955608458680217
0.5231027757254196
3.2456562423467403
6.675843836383137
1.5618143988831434
5.27586972721474
1.2662390559053165
5.658807301791967
0.09615186088922201
0.12067453023337293
0.5535066106458544
0.6238122239956283
0.023633082200831268
6.105988951690961
0.029483243299182504
3.2720521147130057
0.013029190718953032
0.4422575516291545
1.395736287413456
1.7963056152293575
0.5076914083765587
0.5280584999200073
2.685480892600026
0.6850370299798669
2.6557048203758313
0.2141917662738706
8.833089476247551
8.412251248555549
3.417563354676531
0.09142005415924359
0.07333934502821648
0.9653646890292293
3.0356227306619985
3.2981506339419866
0.043952844200248364
1.3522705864452291
0.3012636232742807
0.28756835432432126
0.20193351806665305
0.3233900222039665
0.4090027992860996
5.725258681777632
0.5716357068449724
1.331836374476552
2.935475639984361
0.31074087091110414
0.01495352057099808
4.766546460203244
0.3303590241339407
0.7373255344500649
0.6607220953301294
1.3255136509833392
10.491282731571118
11.271607644295727
0.5902765614300733
0.6516951845551375
0.7767023033084115
0.20290905378351454
0.7793294904549839
0.24544632311881287
1.9998923624079907
0.2960044631254277
1.0541226391796954
8.370340275701892
1.0291496617210214
0.8757598597512697
0.19034245140937855
2.0263975652924273
0.9189028795808554
1.0307083856023382
0.1912684036506107
0.9172860372855212
2.278691118423012
1.5159316526260227
6.396990906461724
1.5752258830470964
7.820083476144646
0.18086505751125515
1.8139043727205717
1.033893055813678
1.1010867223958485
0.3085269876901293
2.0253450216187048
0.5071838937728899
3.158447664223786
2.1241693312840653
2.164482505788328
0.8981702752862475
1.6021779461807455
7.017446394114813
2.274007398787944
0.31772048028506106
0.25688344094669446
2.8235314576450037
0.03495194726565387
0.45399178536899853
0.1766988712697639
0.35402941259235376
0.14641348757140804
1.895366728771478
0.5959861409719451
0.027865271156770177
2.832151994211017
3.7592325434670784
2.764733412215719
0.05067164644424338
1.9251231440066476
0.07359894765249919
0.30022324492165353
0.8514764396531973
1.5959974938014057
0.8044370895295287
2.646941729624814
5.34269464679528
0.4760289734986145
0.4345426914951531
0.37591787773999386
0.20259340254415292
0.845142161619151
0.06069914461841108
0.119980562805722
0.6250280620224657
4.242025423242012
1.5609429865362472
1.032437035253679
0.524518653350242
0.12268695515376749
4.409865990419348
0.37939333126996644
0.36699102562852204
0.3604386163788149
7.61833606743312
0.47056582354707643
0.029612401413032785
1.645409120246768
0.7348026328108972
0.6506590813150979
0.2880470618547406
0.8561804304190446
0.318564507047995
1.2943958958421717
1.7038924828375457
0.2455764575570356
0.13729349014465697
0.9357934969375492
0.8389735337259481
0.26727889465837507
13.459984371758765
0.2654404480927042
3.4183821169281146
0.10773712230002275
0.27486120916728396
1.5661642353152274
0.5464421321084956
0.776243953681842
1.506907298884471
0.42772458613762865
0.12664358294568956
1.5005447223593364
11.94106830374949
0.8636523613822646
0.716522963346506
0.6820362606667913
3.7346566386477207
1.6371640648503671
1.3129837857486564
0.056797592995280866
2.352711767911387
0.5167845324758673
0.6344885633006925
4.072240348570631
1.5177436018857406
10.215509878755256
0.9837965083570452
0.40287116167746717
0.3610935901233461
0.48459780591656454
0.027290937228826806
0.0682620064690127
1.224487010134908
0.3594020025921054
0.765050889160193
0.2296630707132863
7.410663566486619
0.43541998123691883
0.1579137251683278
0.7934815770713612
0.49464999883639393
3.589799375469738
0.9029458456061548
0.19758195125177735
0.29802970468153944
0.48782405125530204
0.3501086638789275
0.4511206960378331
1.0938343827729113
1.5086355309613282
0.37138426854653517
3.2256527841527713
1.043542745122977
2.3429375370324124
1.6218997530813795
2.4957950029638596
0.7858548779768171
0.7599828041784349
0.15483438559022034
0.4573133039593813
0.23255508782312972
0.40799518571293447
4.813736998876266
0.2017188021345646
0.14675434250966646
4.870533393404912
0.5867987569508841
0.2788923940315726
0.5056363087642239
0.8960933408889105
3.974155815631093
0.4608054235941381
0.2842994923921651
2.967422243396868
0.518264578669914
0.17537005072517786
3.9664871779750683
0.3144633063202491
8.499051901191706
0.4632652467189473
2.741109030896041
6.36275318688422
2.0478436759658507
0.04277943040506216
2.7060305107515887
8.923902696755249
8.684340741194319
3.440889939753106
3.0281858537418884
0.918082548872917
0.9724713458053884
3.7924188504257472
0.11458800250693457
7.06428452754335
3.0868590338504873
0.4444484931882471
0.250995638409222
1.4496359170152573
0.598361384087184
0.8044610844808631
0.8019603486536653
1.1178378853946924
0.10684995282645104
3.5026240296501783
0.29168831344577484
2.5607224173654686
0.4331702625640901
1.2016239441363723
0.9382486600006814
0.3634789138886845
4.54650176569703
2.6820313015778083
0.8619343492100597
2.2750250932149356
0.07100232056109235
3.818427261277975
0.14727789630705956
0.8231634885378298
4.4608163923549
0.8871737551817205
0.045498060309910215
1.1024379979862715
1.43125181945652
0.3002919464270235
2.9819901037335512
3.0025059580802917
0.05465775655466132
0.09522790576738771
3.351269159473304
0.7827232186609763
0.31087401579134166
4.205332732381066
0.01679911722021643
0.9259624813203118
6.599504795369285
0.533639292269072
0.11875961235637078
0.778937719122041
1.970927692920668
0.3935797593439929
8.322414674628817
2.007228674374346
0.48509664039011113
0.2340734372191946
2.323239396486315
2.529762647296593
0.18142632875969866
1.938551677907526
0.15493645316018956
1.5672069959982764
2.8598693036983605
1.8883932434473536
0.10827676439657807
3.2517454756525694
1.4603062494425103
0.05215764948661672
0.4299520641870913
4.048238777577353
0.19708882323175203
0.06031261161842849
0.361350162565941
0.2687262383115012
10.818150430422975
0.5059996599593433
0.6080679348306148
0.42455774013797054
3.1671472163143335
0.3607423506255145
0.06073451591510093
0.008822619085549377
0.4102788948803209
0.8970506306941388
0.29680806033866247
0.7853446573208203
0.2946044060809072
0.007514626151532866
0.4247063181246631
0.2624165686502238
0.1129871156590525
2.9646314753044862
1.8985419432574417
0.09860718325944617
1.4634721399197588
0.34108325895795133
1.1615080615665647
0.6661173768952722
0.7746817699298845
1.7249779122576
1.2973927765051485
3.9087053062175983
1.6619157247259864
5.006501713956823
0.11273701083700871
0.21829907059145626
0.1258572013612138
0.3518437141246977
3.091124300051888
0.37835519934014883
2.473802279229858
0.8860231384605868
1.2035410767202848
0.03516653193219099
7.519798202280072
4.897467425034847
17.9737655435747
0.27366466515377397
0.2824534671744914
0.6105178954530857
0.9418524171560421
4.621702930249739
1.0866448352026055
8.746671351938858
0.05473284165782388
1.8295002962404396
1.015966140119417
0.09411025761073688
3.281187795670121
1.345886256553058
0.8560421549336752
0.22560838914068881
5.329570620931918
0.8020545865874738
0.27914488827082096
0.010447440799907781
0.1836859558170545
4.0542224885793985
3.855950676246721
5.826492563159263
1.3526360782198026
3.6879554144616122
1.6398217630849103
0.38099668227368966
0.10725083481520414
2.5109234250921872
0.5400611302975449
2.031843757155002
4.277151190224686
3.4369796389946714
0.1185402579503716
0.2640656606236007
0.30696397727297153
0.1442284177392139
4.244379558112996
6.685425181960454
1.715297655777249
0.10499344398704125
6.7802957361273
2.4365556446209666
3.602892229355348
0.09433129023818765
7.99871875505778
0.18028542682441184
0.09374254963040585
0.4904218331503216
0.26954929305793485
0.6708149145342759
0.8720362593157915
1.008376975732972
0.2963504084473243
17.68317448900052
0.5686555015126942
1.20848544396722
2.9840723186571267
0.045946378879307304
2.024064121716947
0.6262060684821336
0.2576864530929015
0.42065101674961625
0.41119801203603856
2.7832817468733992
4.17317127482238
1.2094974002829986
1.958598519442603
0.0754686242871685
0.4023792795778718
0.706561001992668
0.8430921955005033
1.4519223048409913
1.846543541738356
0.16843317695020232
2.216327258720412
0.5214179057147703
8.769181128045602
2.618232995395374
1.1958172317536082
1.1516262988807284
2.6586892104751314
9.006734279399097
6.360735233894957
3.545796067272022
0.9295310134039028
1.7935711244717822
0.1871254296420375
2.1508654699719045
15.428108381078346
0.08402098775695777
1.0674547034068382
0.013779642882582266
0.48875417994713644
1.44131420339545
9.072280439868337
3.3739076466008555
13.702705442759907
0.1678554289683234
1.0854070282439352
7.1925352873440715
1.90411146995757
0.027208380844967905
0.6434915432400885
0.8760996088167303
0.9453352540585911
0.137379756597511
1.2718334950332064
0.0499995667123585
0.8715962172864238
1.6979217390908161
0.5030161444665282
4.265626382744813
1.0594842872960726
0.34373716940172017
2.912077098946611
2.167772695698659
8.315907006603084
0.8232505763808149
1.9315167138847755
0.13415122873266228
0.6616574591753306
0.25161203792958986
0.20429936880100286
1.9358310080715455
0.3618205589809804
0.1193154992943164
2.563314660656033
3.1565488364212797
4.315670904710714
0.5629313556055422
0.262631307450647
3.9366413187308353
0.9172296481046942
0.29834221152123064
0.474215176072903
0.7133767579653068
0.19435403471288737
0.5801066377025563
1.1790426149309496
4.067455389093084
0.244750635130913
0.057472205386147834
0.6370851099636639
0.3637907286101836
0.9362967266279156
1.613205843117612
2.306840953824576
0.16618427677894942
0.08063255945307901
0.06410916977620218
0.22681857857241994
0.9717762840009527
2.0019471031991998
2.2061706560270977
11.010544755401497
3.362520555900119
0.6047478241525823
0.07510637550876709
0.21082812696840847
0.7242153093611705
0.2545977674453752
7.150333311714348
0.7427640590976807
1.8711020725604612
0.95827050855587
0.8185015104754712
0.17241959977400256
0.12649322509969352
1.3656337065986008
0.42521755349298473
14.252751852945948
1.6529484027560102
1.0644856778817484
0.06106754457869101
2.6916537571669323
1.9922193464299198
0.27805523017741507
0.7111940784889157
3.575551053021627
10.480201792255684
0.01449403980950592
2.2000517634805874
2.230532028945163
0.8642467708777986
1.469699456145463
2.254570022370899
0.5953688105146284
0.7715023450582521
1.8409031666087685
0.04156476818025112
1.8191702815529425
1.8030157806206262
0.5010984744076268
0.8003860154130962
1.342552139009058
1.459034451894695
2.0351354146841913
0.9988109430923942
0.9666167038813
1.20895796197874
1.6716480452741962
0.013395274101640098
0.7243261680196156
0.18724477285286412
0.9828962366300402
4.790922261723608
0.16810670867562294
0.5889507856554701
0.26333461004833225
0.2838835182847106
0.6323480726205162
1.035369410936255
0.29804151439020643
0.7617500395790557
1.752032639560639
0.15979554571822518
0.1621712195701548
0.17179977441992378
0.024808632908388972
0.11361863357160473
2.35045842420368
24.031940375098202
0.45793470514036017
0.8499759374171845
8.536493210187473
1.9571999944091658
2.1179737836209824
0.37481819104141323
0.10049844915192807
0.4836431896255817
1.6249040964685264
1.6869391640648246
0.4501940872214618
0.50447887476912
1.623767215591215
0.3866675332756131
1.029758336240775
2.4494247551629087
1.8358802843358717
0.005493303593539167
0.41110856713930843
1.024294770519191
4.364735761198972
0.039436388105968945
0.406627017800929
1.0027781115786638
0.7786487036210019
1.0561184468169813
0.11471669197635492
0.024891787019441836
0.8387156656535808
0.8054990130258375
1.3966097191005247
2.090165341636748
3.6857867372164037
0.17950019855925348
0.171484657585097
2.1256827986144344
0.9512766850166372
3.1489114566429635
2.2936437953612767
0.27546857887500664
1.4215844716090942
9.061229505350639
0.19711942986759823
0.33270597895170795
6.763622116406623
0.3424954388028709
0.4958351743989624
22.054118300999107
0.8670399349139188
1.197125622558815
1.9224256324669113
0.11179416179220425
0.056137801919248886
4.743938074578182
0.3053207404882414
0.37245385698770406
19.379551287820505
2.0468892573626363
1.1320345619678847
0.14533420786756324
0.6906905932628433
1.6471190340453177
1.8527390675299102
2.7118790851454833
0.39691322296857834
0.06820282352418872
0.9766347847908037
0.4610274294464034
0.19310653097636532
1.781795365808648
0.948685357485374
0.7161897862097248
1.3921709352798644
0.09147105739975814
4.19311955547164
4.832794513422414
0.8586715851706685
0.1260641713743098
1.6501888311977382
0.6939055776310852
2.660577280978032
0.41220909097319236
0.0838874729743111
0.3286767163663171
1.201648284732073
1.5869667619481334
6.888241170920082
0.5841666183259804
0.36799768259515986
10.267057493219909
0.6380635346213239
2.740735773528286
1.154630622942932
1.1874643645787728
0.051276210870128125
2.6386658455157885
3.4723253429328906
0.37367229763185605
1.5164798273253837
1.083210114215035
0.18126548297004774
0.2535278785726405
0.5523952275398187
0.7843149525288027
0.09524707564560231
1.1848187271971256
4.834300105998409
4.806932876323117
0.266797251002572
0.07454933935514418
2.161781419919862
0.9085565644709277
3.357348590478068
8.345812408377242
0.5263137161309714
1.6231453391519608
0.45756077399710193
0.017057555916835554
0.5656585325996275
0.3807518616085872
0.9519893410615623
0.4757113506711903
0.6418623861172819
3.2120176601820276
1.1220180821619579
0.6850208084724727
4.738074050590512
0.8389208444059477
2.512921784327773
0.25856605919398135
0.7974488556792494
1.6579496212943923
0.8959434775606496
4.295682049712923
2.9398020665321383
0.1677149130118778
0.5916283126134658
0.34945882400643313
0.7150446989689954
1.6697785881187883
0.4406037126755109
0.398957487748703
4.055392248592398
0.0941810886215535
0.5826870852906723
0.7598755804065149
2.0556866879123845
1.7276788777307956
2.0142672497968306
12.495616033716942
1.6375797687942395
2.6750261670167674
0.8367171607678756
8.857733492746775
1.2687543065621867
0.8860812464845367
0.26057762410346186
0.18275458136486122
1.3537301799442503
0.2971797890786547
0.2740440179986763
0.6759398680951563
0.6149881985620596
7.36989002203336
0.3347471193119418
2.4663695016424754
3.511291336501017
0.08591572505974909
1.367914530208509
0.292288721393561
2.012131588147895
0.20591500688169617
1.0696764276217436
0.008520514289557468
0.32387094062869437
1.7156463325591176
0.9228281001051073
2.2215042875759536
0.02040805092838127
0.24509033487265697
0.5401785730500706
1.0863158363572438
0.03492987001664005
0.3152053112935391
0.14027935550257098
0.277780777461885
1.5564077626622748
1.8270916513720294
0.6324317588660051
0.26078368670277996
0.6992711209022673
1.399424147894024
1.7051401960779913
0.27806395091465674
5.1984551683272
0.09632532484829426
0.7647556719457498
0.16510565882344963
0.5431122769005015
0.12877543925424106
0.020604735298547894
0.09426472241466399
1.1883492650740664
4.642188976387843
0.11933913308894262
0.013963885758130345
1.4827736758088577
0.3780679615738336
0.9229231718200026
0.05563512281514704
0.3592729697629693
0.8418804460307001
0.6326709087807103
5.860581711138366
2.3319493072413024
1.8587580363673624
3.34048756393895
4.54914226487017
1.0423265757854097
2.833172488739365
0.7027962749198196
0.12004662257822929
0.3122862220989191
1.672676852082077
0.49194370938494103
3.3062170504199457
3.1257190200922196
5.644308128772536
0.7595588006879552
0.00040463735058438033
0.25402105442481115
0.6584274511624244
0.5448252424030215
1.4221933943917975
3.5745281294875895
1.9689233732860885
2.446752174568246
0.9914571405679453
6.47591052489588
6.329120695845631
0.7481519870489137
0.6942366838120506
0.4153316475712927
0.09410820549965138
1.1133714420648175
3.227040229794511
0.24504625226109056
0.0015449891798198223
0.07599559923983179
0.2924024327658117
0.8757802759573678
0.17010255547211273
0.32670360273186816
1.8531847035337705
0.36737246969278203
0.6211622086120769
0.06125686263112584
1.3543495265184902
0.04012175657408079
0.36911402234545676
2.0343283116599196
0.13879368707421236
0.2889084305643337
0.5596562514547259
1.0968624133456615
1.1631202828575624
1.8810137463951833
0.44800663478235947
0.48640547940158285
0.31133429746114416
0.19967896818707231
0.23098310247587506
0.701696293814166
0.3044008777505951
1.5646224652882665
1.9199322929416667
1.0346378897302202
0.19090252339810831
1.2740306973646511
2.972019770553743
1.5346715623672935
0.16208763191389153
0.07546130975242704
0.6846983326249756
0.9646646443070495
1.0136077241186285
1.2325363032432506
0.4176627316774102
1.1079948110855184
2.5293688639212633
3.5801703462711885
1.5594438645857736
0.719389492420305
0.7174295348740998
0.8810628289720626
0.0023782339194440283
3.0058508372239885
0.4933855119306827
5.023860153560236
0.07779818960261764
0.2496456286025932
0.6804257305338979
1.0276513077114942
1.8020808465225855
0.7214364786996157
3.0836469321802724
0.44343860513617983
1.0848619513853919
3.1963172323885374
10.303954573188093
3.800588651887665
1.3802519806995406
0.6869935778086074
1.08341802853829
0.08985610645322595
0.011486822601000313
1.1507421248097671
15.133367735856154
1.4129380411541206
0.2682834402221488
19.491452474350808
3.376548606371216
3.0849850868980866
0.34450269268563716
0.4347719941069954
1.1143640668597072
0.9096388933176058
0.46610909719311167
0.3717872089400771
0.7541317996292491
1.825849860884773
0.7286443835837417
0.3579034837821382
0.7139530261192704
0.8604367167063174
0.1767062566432287
0.19236111991631333
0.06619180068082642
1.2390027088331408
1.894712011802767
1.3482239438963006
2.322523991977505
2.120364473106747
3.1067489182169084
0.42495474059978733
2.7772622185511864
3.0101153610885376
2.0975409649545327
6.656052683400048
0.6968269549324759
0.027634151090751402
4.971064350771485
1.9983997913368512
1.144657537159219
0.5363890138614806
0.2661976484741899
6.166692496255564
0.07743016370659461
0.30199438750423724
0.019621892810391728
1.3087295238656225
0.8597694862401113
0.08744932585977949
0.5390957591371262
1.0121553277786006
1.1766350647667423
0.10494478902546689
3.7431934267588076
0.10472278873930918
0.24629073703545146
1.0992102685704594
3.414721269509755
0.7726988701688242
1.259615726346965
1.567200951911218
0.8393376391613856
1.6690476227086037
0.12370959443069296
0.20913096889125882
0.8897721336179529
2.9373251412107493
1.481073613933404
0.5822035181918181
3.5824719803058542
0.10385623986803694
0.04221712356957141
0.3959732558578253
0.12153726026008371
3.737082431813178
8.493019340196042
0.24829890210094163
0.16215165440371493
0.24159508724551415
0.014476536714937538
4.205017317304737
0.1559748547297204
0.024818931124173105
1.2002967086227727
0.2980290468694875
0.45925177028402686
0.15378376839362318
0.4835681139229564
7.71682480580057
0.4763953874062281
26.189154810199398
2.074790994694922
0.5410739896833547
1.3700536969990935
2.5221694239007775
0.6358495600215974
3.942684419453144
0.6081905235987506
0.20128671423299238
2.410543576326745
0.2545223043198348
0.01758422543935012
0.15999154710152652
5.793000860649045
0.4241684181833989
0.27536471968051046
1.1375880903069628
0.9635434616357088
0.4979379331198288
3.0238530869755778
1.6900018312517204
0.19415155582100851
0.1300128684597439
0.1854923815917573
0.6841547983640339
0.06608387263986515
1.1013344897146453
6.9016732439849875
2.5785316800975124
0.05643655337917153
0.5750443204451585
0.48665758143761195
0.06567593780346215
0.6188173561822623
0.7421677078382345
0.5537757714628242
1.4238616144066327
1.3707223663004697
0.5229259627230931
1.3907927344553173
0.1987005121045513
0.24709287498990307
3.336329444173316
0.7122131626310875
0.16081423809373518
0.04197601014311658
1.5128413844431634
0.5901169922944973
1.0244148115743883
1.4546085612964816
0.211888484787778
1.7963027093792334
0.6892575249512447
0.2622401164917392
2.8667125822030357
1.1419721583588398
0.03372058874811046
0.6676451617386192
1.4160078758504824
0.023803239651897456
0.15149052793276496
0.9514655297316494
2.287843780264666
0.025192298613546882
0.32470330985233886
1.4353904137460631
1.727569041417155
0.4597302031761501
2.9635080534717417
1.6126079782188754
5.571094372899097
0.501721734093735
1.067304484124179
4.499650814039342
0.3843410494446289
0.5564587817862048
1.3454475795515464
7.502075634700304
0.093414275055693
2.0327564237231854
0.38962673150672344
0.9573353514133487
0.29113110660546226
0.8428542008914519
0.1104116107308073
2.8877463540557073
1.4785093155514915
0.41791889746673405
0.19039169886673335
0.42592593174776994
0.06697896830155514
0.3030947911320254
0.9556332144566113
20.212807163487014
7.141305265016854
0.3635868979472434
1.7609547726242454
0.6602890104841208
0.6722203594617895
0.19867171523947036
0.2250370232432033
1.475743617331318
0.34406105423840927
0.1532183150484343
0.33417036998434924
1.759077706017706
3.485937123761687
0.6432525041454937
1.8684620199346682
0.045033684342342895
0.35300769235618645
0.5451425915962318
2.9041428102646023
2.47824772385502
0.07625395010836655
0.5301568370632594
0.2430468974998803
1.5104645875035203
0.17473592809255933
3.6232741764979437
0.8792639637977118
1.4514379298489075
5.481679832468217
0.9835464529678575
1.929847729690664
0.15959516069415258
0.0782867825764697
1.0534817648876924
3.1326809746824438
1.5261316104151774
2.555725460370013
0.010774776776088402
3.8417938531783875
1.414951433216629
0.34888893091556383
4.637971642012417
2.9998674057787866
0.8821876855872688
0.25365221873653354
4.463675397724728
0.12958932859328343
0.8348961225783569
0.9060324360543746
1.3475374660629313
2.913043160275265
0.6978502972560818
1.4028630204338697
0.10923845955403522
2.0811803655451513
0.7943531882410753
2.422070912878553
12.192568264974398
6.5339407762367046
0.009841555925959256
0.6800879306247225
1.5824466573540121
0.3576907654351089
6.248987564104027
5.615462328532885
0.18078896344377426
1.0792197551272693
0.3868656858248869
0.17911394236580236
0.35953535979933804
0.15703496291826013
1.2490254035510588
0.05577388824895024
0.07394067910354352
0.062148298100510146
0.8885468431035406
0.09529769099026453
3.452613136731088
1.4334714310462005
1.001583723074873
2.080064329878951
0.9452896174043417
6.828697941993596
1.4192649493998033
2.4994031549504143
0.13564608302112902
0.5697758942769724
0.31429386593663367
0.37257670710096136
0.11515678747673519
3.819172356350464
4.847461024080985
0.4956711386766983
5.160275464608276
2.9532953457455733
2.3948717070452403
0.8847608540309011
0.34722507909464184
0.03567403087799903
0.11744226448354311
0.6699975174851716
0.2334750780937611
8.145299313684518
1.1937126471311785
1.8068714007167728
0.5409667163185077
0.41450411854020786
2.47119608878711
0.6978873832413228
1.1066971765758353
0.04330545173434075
0.5795602361831698
1.5494010576367145
0.05125975990813458
3.0244762867005193
0.09238941902003717
1.5261525514579262
0.9730789395180182
0.6701801548479125
0.5358360988393542
1.7468792241852498
0.6265071795351105
0.05823601226438768
3.3174777139429352
0.24161884783825371
1.8970868757824064
4.397771193740482
1.957918236774276
3.365193294157507
1.1343885192836751
0.5311640473664738
0.8312449203658616
0.8118381806052639
0.4387851808205596
0.7147779129663832
4.806562751364254
0.13432688078319188
4.922630263004976
5.62364434247138
0.6569979065025109
0.03431437792460201
6.322063119856466
0.33703531966602895
0.694676797495049
0.47036371324793436
1.4021331092735636
0.3168159753186046
1.9069621625749278
0.47447933135117637
6.758237326306698
1.8671256701345555
0.020045282821229193
0.7569953262063791
0.9871725489283563
0.6425030354002956
3.1669447658132412
0.02291633788991021
1.1590122902925941
0.3217566793973674
1.3164549042994622
0.6442182863538619
0.0962318996535032
1.9674033493356546
1.2430381437079632
1.5905648303523776
0.22907300165388733
0.07115584021812538
1.8432680511905346
5.603123222776048
0.11028267498477362
7.843012164521497
5.1217363502510125
3.2995647243369604
0.8011010627669748
3.152611535304459
4.084513653098838
5.326942295585468
0.14917004343442386
0.281805088139663
1.0579406777615077
7.494931304725469
4.116691634975723
2.6105785407562507
0.5527763536956627
6.471929767372785
16.183479949104367
0.2845094408112345
0.36213798499375116
0.264208839944331
5.076832498911244
0.6632069728584611
0.3269279251471744
1.3358882703614654
0.4877325310953893
0.2864306576520903
1.3951715263465303
20.352771851910802
0.3235487136989832
0.3099639524007216
0.7590124446141999
1.3376575108704856
0.35983044489694294
0.5809707726584747
0.06166207769274479
2.179991187695123
0.8499936534426524
3.501624057927984
0.13008932377124438
3.4688220021198504
0.4531318546505645
0.6447022781721898
0.04380380281509133
0.8082920718370588
0.053616612509358674
0.10667091895447811
0.12619473943777848
1.5437689393293113
5.013453782361466
0.1416239115933422
0.08399400304915616
0.07155523703841027
3.533345877433021
3.7832641853165114
1.9345997674536193
0.1278923319259775
0.32578725188795943
0.04525741004908923
2.3730967707306263
1.3733927662324277
0.3515303457243135
0.24595712304289918
1.282500259054359
0.05099548432190204
0.01115000629943097
39.4615723532188
0.13309617634513415
4.971229491951817
0.35582935838465346
0.5145829524772125
1.2480301432151464
0.867689823404362
3.754121984602534
0.1398748254068778
3.4250880198160303
2.374816137693415
4.138826401474944
0.11369605834624963
0.4707661115535302
0.6446827575782663
2.801294738870638
1.8845316735532833
0.4797585470805643
3.6196781210092013
0.35679647161305184
0.21878548055974534
0.2991896197927417
5.084350339464436
0.10669929278810741
2.219236919117975
0.009874049908830784
0.41428639429068426
3.009723557086545
3.2561608540127054
0.037545253057032824
0.6808858952572336
2.1754251827806
2.7590751818497665
0.01825451491458807
0.22207094066106947
0.07141560350282816
0.6456280308921123
0.23422928260697518
0.6296957287122495
2.290460203126713
1.2499917602108326
0.29225214516191045
1.0970365622270037
0.6606177592693712
3.171733593895624
0.12058752384473337
4.909284398898308
0.27247630073543405
7.409983389748959
0.07969738148676697
0.3827806873669033
2.4046005935015273
7.652829604106955
0.2203783667719108
3.761681376847264
1.1439873470080784
0.16768663261609618
0.6931014912770479
1.7731886929395841
0.011230693744437303
0.47361077242385363
0.8418227348593064
0.37334493001253577
0.0455043236433994
0.6246134104367229
1.764305008786323
0.7005408726618043
0.5664834446433815
0.4032137102622073
0.33021273159829434
1.1779193306865636
10.102948021070915
0.3672258085862268
1.2618766529703862
4.734823870407126
0.0061852741200709715
1.7079277480152086
2.5683554819770507
0.07753589456842747
3.2801143447650247
11.701277700572973
0.5606505938703776
8.35374000545562
1.8625512883227202
1.8965046473385883
0.19245170227077324
0.0978598241781583
0.03533880771283293
1.860764685749018
0.7718328768314677
0.22845804940880043
0.22990076058340492
0.27185348314378643
0.06355941580841318
4.086852295236895
1.1564027918866486
0.16683032028959133
0.2637067591858795
0.5700249531946611
0.013493206854036544
3.5951213688458665
1.6338689420299488
0.6479869313334348
0.18549425407400122
3.0984559613498277
0.7674055937168305
0.1486646260964335
7.335682164695754
2.1463709214731352
0.5694412810480571
1.0457481010598713
2.442856204645068
1.1760873317471123
1.2902038685642765
2.667844510753639
1.3298182373982854
0.009485459158895537
0.48622833658737363
1.9237242985982448
0.28156093351572054
1.0907610290378216
0.501099040513509
0.7258183284429833
2.2728427632609964
6.646515669803193
0.8513258126185974
0.04115391416416969
3.6291105799318757
0.3186150696783443
0.2804872976994375
7.584020648071601
0.41849167537293397
0.8998329981404822
0.3154609482153319
1.1833692897780566
1.135977130557876
1.0280126235520584
0.8900973159106798
1.1363636438109097
0.10800649457087275
1.151748992553621
1.1042108710462344
0.7594680567781324
1.3486209032053011
1.847549954385613
0.31116451706475345
1.8021395585383289
0.6970349579351023
0.6168760738000856
1.2071739011080354
1.5119304774780176
0.3215344614800415
2.566615237039514
0.5014779999837629
1.630099372312543
5.0530688142898725
1.5630189649455133
2.0699247432494303
0.9650492286746157
0.19027569969330216
0.10271459240902914
0.0634890633955365
0.09637157506949734
0.767344184758258
1.5348636969574727
1.9907568795097177
4.79540695106698
2.141814927563246
0.2692963359950227
0.26984969560726313
1.2391979772219202
2.4202516310324427
3.148465080841561
2.844556611831649
4.340896704845363
0.3211996115351212
4.687896328141505
0.036081605656363536
1.3298785847146064
5.167681301347329
0.2772977925342275
0.4514766809588764
0.2503367165918462
0.6296044654009165
0.5800054130595527
0.24465770232927753
7.461612093124131
1.0277435054231319
3.1908022403440555
0.6641582213051151
3.1608036277611973
1.8639952306402847
0.8815505022066645
1.4254935357676004
3.3624045104224933
0.7481365850981092
0.2350281625185744
2.104193710089021
0.6795541556930402
0.6201748215025873
1.5032467648707097
0.2886731323742424
1.0732913848478347
0.8216786677730852
6.0188195556766
3.1517743045988027
0.9469213169650175
2.4629548786615487
0.018895862333010882
0.9048021351918578
1.214491047852789
1.6277042706351494
0.6743865582320723
0.1761507227711263
0.6154088731782394
3.9756330772070214
0.013624965911731124
8.135372322198236
1.2333733336417936
1.8645935729364282
1.3317881872644648
0.020890691987005994
2.7313428201014176
0.034562062297482044
10.07761778155691
3.82248373748007
1.8202518289617728
1.0605811714631272
0.44974276080029085
5.643986472437973
1.173645074304659
0.4602134225788177
0.6529598591878312
0.07561367379094008
2.572680478246184
3.1238444773480296
1.1298166020933422
6.2485835885454435
1.1762298387402552
0.6566717690511723
0.21515566637390293
1.96926291139971
1.1287871792083024
0.191953431640286
3.754214183318254
2.327272035596252
0.00939898107026238
0.04976969709969126
0.47031323229748523
1.2159128603161662
1.6679339837501175
1.8753511186660035
7.059466882812558
0.7086932087040623
3.804698753847333
2.2920884253035183
0.3009848677102127
0.4578171260218369
0.059581778790743556
2.2792901345383143
0.16124589121318422
1.0251476899211411
0.812341175354959
1.4899533599455026
0.19384447210177314
0.18544331728480756
0.07364584115566686
1.0609475529636256
6.048689548042603
2.4942603104937007
1.3468245514886803
3.116757589406916
1.682672427057696
0.98757133998879
0.6987696726355352
0.434671549613995
0.07236464559537126
0.19654258350055898
1.7754180086849374
0.03965757063997444
0.006933313066838309
12.181172620468715
2.6844964578267536
0.9577326268554316
0.7899373288819334
0.7788830536228488
2.8505039100055
0.1525786750280531
0.008055833415710367
8.196041033763322
0.15412000890501076
0.6205493464003666
2.9078239313239465
1.2627174807785195
0.8973229171897401
0.29697543218935607
39.07967571816698
0.05873276296915719
5.410594192864664
1.5655181116962922
0.3313537766443915
25.735123241131078
0.40512087674142094
4.589307282039954
0.9419693728486891
1.4129011046534288
0.7959396526639466
0.18220840362482704
1.9494005885280785
0.5554930477810558
0.7913753745669965
2.8065029521094402
0.1246636485302588
0.7703258119508973
6.2784395027920255
0.8878952432787628
4.030442736133409
0.49200834203656996
5.344193008029833
1.056737580904155
4.811306983254326
1.1808865306375083
6.409406509766995
0.21720030919095734
0.1676760133341304
0.15586023229116108
0.23933479292463744
0.34975884793675505
2.4593110003697802
0.9941846957299276
0.5772876053524669
1.749939734909276
3.4553864842746407
0.5389282769829151
0.40401692067825934
18.55882815485529
0.13646381483704317
0.8186273435567273
0.49406191777961794
0.6093089568457799
0.47610141737095546
2.3070218106004177
1.6884161735360976
0.5563454741859459
2.804215804921114
0.8125452816238976
12.566704765587929
1.1489265721465927
1.9870375325917848
0.8351145342676318
1.3910507471882738
0.12591640789469238
0.3428927924542222
0.3311020268520224
0.6853537002607482
2.414195334436954
0.03965302363940282
0.16041573720576707
1.465899858616467
0.20528420939081116
0.585649731758167
0.7693948445521528
0.19633911840355722
1.5238330394713557
0.6307285020011477
2.1404665063600987
3.454940357936721
0.15090969680750277
0.13150923349166987
0.7558248705317965
0.5838916586144478
2.9079058348288527
0.9254692778849858
2.2967440470238216
1.3417877089086687
1.2999189904585364
1.3210088927371544
1.4076780912801041
0.4851020196074387
3.116220779986179
0.05325262300175382
4.5587884091364685
1.4109772998417611
13.074236341715732
0.6950971940386808
0.3715121724671917
1.481796936946921
6.785733880496991
3.981273395358585
1.0672511990269413
0.5106729540566448
1.513654472080816
2.0200878002870013
0.62023398544261
4.666650262341136
3.7219119121145923
1.178412134257087
0.35627349922287976
8.391748657508288
1.4762880491034593
24.83135235253576
1.001027576137858
0.06925888865225716
0.32567852056672564
3.873556685553922
1.6857754362863488
0.830853175946686
1.8167508380211075
0.8470077662568656
1.6853315575208399
0.6277072441589553
0.24248322419589385
1.0589752393279923
0.5999507464439375
0.0936533205822343
10.362763627781533
1.7345517374706105
1.8627969247609144
1.5718311421805993
2.4118895654028165
0.4110928129084641
1.457587942830287
3.7553898257683613
0.6779504877413274
2.6527258540445473
7.480467173285433
0.7267522697802633
1.3911071687107324
7.09301770645834
0.9089619269943796
0.27450565352046397
12.848052151108277
2.1372934998435085
2.870706476678606
0.4327029530322761
1.1645070804443094
0.8056879977448261
1.2605651333578862
0.6619630826971843
0.513241974003904
0.046243388729635626
0.9460631422625738
1.775767403007194
2.5346538559242617
0.36721590022352757
0.0153728628938552
0.42997471582202706
6.2823615616507595
1.2069699637795566
2.071386247771443
1.361313706060173
0.039971333630091976
0.43973908024054253
1.1563843202529824
4.569299092392612
1.220202573669667
0.20177420420804992
0.10119769432640169
25.102464165924175
0.43670267375273397
0.8156210784145514
5.429108160882606
0.5444362678244943
3.1840530576228048
0.5318785807103268
0.12386936555412831
0.8094260360230692
0.8473267730514635
2.0576900171290617
0.28420330659719184
1.3641998017992591
0.5969237344470457
1.4085224584123353
1.2007188294810476
0.23833223283145344
2.5639042551847524
1.2345708152424777
2.9564490824050154
7.6243882261478575
0.150649008101027
0.4465201844504918
2.6308840992714977
0.30630550337809836
0.2549909274530364
0.9578428682361846
2.146973699251248
0.3859120358101791
0.1030060527191381
0.23843205664888956
0.5847419257188449
0.7229510560282506
0.7817223711972474
0.8295019342112937
0.5102286230903701
1.3841472162021091
1.8165906198410084
1.8052500332705677
1.7373499712339253
1.2884855697629973
0.05624991001968738
1.6158637507833191
1.1531119343271712
4.195479246351169
0.5833209043048555
1.0151334171387134
0.35390417605958646
2.45036577071005
0.09121737151144771
0.6971721212685225
3.471915292873746
1.8961222472717054
1.4461852629247005
0.060892243884154595
0.08627303424873389
4.012089208947145
1.069833749497775
0.3572090465895599
0.1332346665149089
5.263130785984686
0.3223199466447113
1.2356503832124872
2.5033717258120305
8.378474323319097
0.2444342243761639
0.019402559039008338
0.06076172646135092
0.3127013240082306
0.5138793472433463
3.637748470886436
1.0946899848349858
0.2718067787864129
0.08640858231956372
2.2672949164843885
0.660271768050734
0.41123580976272933
1.4326390140704461
0.37538162232522154
4.798754819741589
0.003846328312647529
1.1124676689505577
0.4574664444589871
4.274720843743125
0.4207443823106587
0.47392063528241124
1.9411099072094657
0.2906838484632317
0.7146085180793307
0.8601493794922135
2.393577503731649
0.19077427149022697
6.403361590062559
2.2574666209620773
2.4065165746360435
0.06418461434805067
5.827665114928095
0.04228502771729836
1.159953133246745
3.5526484052752494
0.4208095110152499
0.10899546663131332
0.053028037429612596
0.20519520891684806
0.22498922437807778
0.07930061802471755
0.12162376775086159
0.2046271582803456
0.04463514332746854
0.019155620328092482
5.435317426185065
0.3678267783325282
0.7510371068419772
0.19657088033272885
2.7019675744886626
0.6692446586166625
3.0752711221721256
0.024014374605030753
1.4541001728066476
0.1767855562720797
0.9459560227769543
9.851101638363616
0.5611053474494838
1.5819922134905937
2.498268317183829
0.4080248126119841
4.163618683858658
4.12666437880398
2.962080019628047
4.618545113618893
0.09273012453923002
0.6457051213874365
1.0453536978748161
0.37567620653135236
0.7926590139104519
4.414876225418993
2.0708357799376245
0.7816439401140087
1.697591982963786
