27.548479815537576
0.9056734677906206
3.035583103683166
76.07555968570523
1.2411025587825861
0.011257141719397623
0.7995235759262869
0.5273752897664963
0.9255369708225771
1.095318825726281
11.867371778116649
1.339452639254887
2.063683181841043
3.144653123068565
1.2681345510245592
0.7880336459311366
17.392300489067566
3.959902923550544
0.04477805689748493
0.007669530532439239
0.01448055294531514
1.2392734835993906
0.03216778913338203
0.47581397026078776
34.05987614950209
0.4239521780182258
0.32356893351243343
260.3009229792806
0.1965508183129714
1.515788903729117
5.355263292323798
1.482696481551102
11.662205120999715
1.753334771077789
40.14218786204947
0.03799584415537538
0.045827197336620884
5.60664786608686
59.356202743336326
45.252862733650545
2.129010450626083
0.5547923487138178
0.09961900213966146
5.21571936329201
0.017613070234801853
0.14527945580994128
1.6532339280129236
1.1979406270002073
3.650758834435692
0.2894451581996691
0.07166796814999543
0.04343081289334805
1.7479451322251407
0.2040788673584757
14.080301210899052
6.45525958322105
0.7722262877286994
14.830148631037446
7.693495350165904
0.5126051248480508
18.915112345257512
2.7971303394770075
0.9364787122030975
2.5247469470523356
4.5196338428104355
0.13056226533808513
26.359200809423783
6.767643614912231
4.595769482770265
5.373885652512399
0.4800219760472828
0.09992737322318135
0.21820540583939874
0.8710372136556543
1.3980180738326453
0.21810648822429357
1.865361426898744
4.588343407089269
14.111788793248706
0.7592957269880571
0.14200282897581928
2.3659416822447383
0.789905884408654
0.7174471503749373
0.08575527738139499
2.661007510690979
0.3901948920902214
0.5014350045239553
0.8039178613908007
2.0782779021319584
4.101117332469585
1.1685201924519788
1.0384958043250663
6.055692914997053
1.6645929877995513
0.07992744030343601
192.91126552504284
0.0867742486516363
0.032321943413990084
1.6240652472806687
0.08669801412543165
0.2407068119646283
0.8386340074357577
2.3375508005919983
0.16075897479458945
0.005073954180261353
9.098619365402556
51.200240417125315
0.8273684259111178
1.9043546393841098
0.4330500320829742
0.08685228642571019
0.4367111100254988
2.7522314186753647
2.9341147238155827
1.8831789515206765
0.31424885562591953
20.435680852184305
0.5714641911872604
0.01357401008499437
2.888538144008635
0.17666363438183907
0.34777668706010445
3.703469191033946
4.3846858846372925
0.34465390583500266
2.68826136584903
74.13608058229511
5.097216662037681
0.4811038247680699
2.9404143032334105
0.7370309726866253
1.2085736675580847
36.18824781694639
0.7297236015219823
0.20343141769990325
7.208503338599257
0.6016373748607293
0.6857922502858855
4.072836719402403
0.05748658578886534
0.090241497833631
0.8110815717118385
0.680769852395315
2.574393932314706
0.683189200299239
1.2117318956006784
0.3464964265440358
7.066805017693696
0.006350188632495701
0.35326276300475
3.3347250182559947
0.052722771684784675
0.016587334128416842
0.17144606367583037
0.17735008645104244
3.690832634027174
1.8549635825911537
2.216553162976197
3.93361409312638
0.1174235940015933
4.36873429433399
0.07792424573199241
1.6496476068095944
3.943983966997621
0.05741876947649871
0.4446961348185141
0.7545430615282385
1.9866195421818702
0.3274583590682596
2.2769292956218123
0.8577588482730789
20.45362562587252
14.455049990818225
21.227423881569848
3.0505651203238813
6.999090378034452
16.241153397968446
0.4761233416829782
0.7691661638637015
0.5136289454094367
0.7483930698763288
0.1486928810372774
4.140808418749657
0.23671600517627667
1.4897165426482388
2.0416557947282854
3.1216841783789278
21.82150786721104
8.515284657354641
0.16784730383369606
0.30476987485963036
0.30717839685530635
6.166028086667211
5.559411386439024
0.8300316008389927
0.5899642491203849
3.5569375110717374
0.8760444810104673
0.7278134715415945
0.023492266122048022
0.022521044695167802
0.054859314863278996
10.838278310093301
0.30571211239657714
1.5841107894157176
0.05638086958788335
0.11271703497186536
0.26844560130120954
5.977131539526454
17.49490748758035
4.769146311442455
1.8974001931892417
1.5250936656630074
10.303630492915545
0.8373464649885136
32.11155223458263
0.6288195295528567
1.7363721969559265
0.039662333019805374
0.2563728400673426
6.185965109150857
0.9756142558289866
1.2831523817003472
7.980056668926409
7.295331392499065
0.572292636599741
0.02855987206203281
1.1017012523516314
0.2639160739199724
0.957369739193382
0.31756649146336713
3.438542969081027
0.17442104701331118
0.41894392680114834
8.117816401751043
8.554286051774397
0.3703821715535014
1.9872971572040115
6.968686553158477
0.7381938708203961
0.05376797541248379
1.1088975943312107
0.24240045873375493
3.3063598564549466
0.527088291812106
0.18393545473736594
0.7333548068745586
2.1220847780241456
0.01688816949535976
2.3593886801936605
1.3186089707269275
0.0595208226077375
2.550683416211541
2.002810302452417
0.12371936926138005
1.7457605274139496
0.4815154762545717
0.1531085706265003
5.902756960589613
1.8222896320839936
0.12959288578349515
1.493210720080242
3.43425652417136
0.00243732893068227
0.2751827548709116
29.44662588385836
1.1463919979069033
0.06569174219112028
0.3374984368128935
3.5734334379776556
7.591492014355026
0.15539363267089357
0.729346336920571
0.7965572088796762
5.484055453878682
0.445128833202034
0.20248314234049758
0.20587522278219694
0.606441353676928
0.3772242959785217
2.123528660271404
0.3662959004759614
0.12053810213546967
0.4476216540351743
9.887762611495418
2.3266688497678842
0.16517695692164125
0.5498914539348334
6.698392420319578
0.4664154825513833
1.1421542392345145
0.6537912508902082
13.692227733405161
0.8709012800354685
4.697873547323979
1.322104968581698
23.416924075136194
0.04959083986614132
0.6334697603888344
0.49086232105764793
5.240276226541027
0.174150029237353
1.1160663518712681
0.11633984873697045
0.133344412293809
0.35271442910743644
0.2451323703644448
7.734510000671435
0.025600056553230388
3.3112682966784632
0.8397262747530476
1.2943042370425246
0.23986086550939945
0.3228870650855242
15.73046734926902
0.21598479691601824
2.3698838577329298
24.458189557222795
19.143445486348355
0.03146971285241307
0.2709234481662861
0.013827252598275663
0.5925502192658314
0.42250574168065214
24.10962286020367
18.02279390395779
0.4081508309354831
0.7912147280731006
0.2981761750015721
0.8705994485280826
23.103936627619987
1.3667705889019999
0.31195146913887584
0.058992132308048895
118.8197231427439
0.19625626054039458
2.2875374207578716
0.08500711609303835
19.689994544805813
1.9869256706369924
0.5677940125460736
4.411621664708946
7.065235870581091
0.0018959362532768864
28.675579457009007
2.3331858830424608
0.24176693505432922
5.639960001899453
0.4368762981794134
2.271342338048271
3.542639970626624
0.36262977178557776
0.2502688068525458
0.018525202613091096
2.672019485893543
4.527684217278875
0.01405936670198571
0.8350115082612319
1.1269514030536811
0.4126904135591758
0.506474306464952
1.3305588132789126
56.20832367282492
0.6622151617484633
0.015703783858043607
0.9651338708572439
2.1255331956781447
0.1115535773751617
0.38801071099442197
61.46013497328022
0.8604624303297896
0.1185160779641592
22.287375709267508
0.10030271015421022
0.0024222094180004206
0.3159041984763462
1.6530914253271476
0.1973211037729925
0.18027346039161785
0.9819057455570146
0.0712058489662013
24.79296212983172
8.818149072518281
0.7746539069303253
0.24395558463584166
9.943447543173534
0.3211444517473865
0.6501738552360621
16.089509371966415
0.3617720521942829
0.4845138644632243
0.20023153007787187
0.6952306119637797
0.3338442827553081
9.45172009477028
0.43265329900896177
1.7497028995967412
1.1761539452636498
0.11268313342952752
0.10689036955591291
4.8745508750726
4.508394132466492
0.2409170356550021
2.126909469759994
0.07663699299155269
0.10349903246606118
0.6774625831894809
0.6449628597802075
1.80963103043905
2.145339116908872
0.07294108709902503
4.490641858184972
0.6114596139996138
2.320512781239813
2.070779133660835
0.20677714571138495
0.340916427787306
9.971761161716131
0.21603410596435424
2.0735696090268902
0.6656201800506096
0.5425710247800453
0.12375515921667102
0.020381213318614755
3.2756234519365535
2.6008038622749154
4.853962664510618
1.5589830526150763
0.42983693047062843
0.5481683897342009
2.0638433900821838
0.14091334861586802
13.051663911181095
83.08830094496443
1.9429455042336485
24.734455431018432
1.1333309216643102
0.08196248160675168
0.10981603292748332
1.2479822759851231
0.08893891232582973
13.952678146168182
6.5515682707118685
1.1085676685943326
8.71418345053462
0.5556929822450911
0.3103177988959942
0.15598990707439953
0.9155299377562187
0.29824544999428326
5.627972244954435
0.5478558980175876
2.350057789186394
1.1375962109632383
0.4508585191251768
0.7293703695504519
0.4673760910409328
0.6900328541669296
3.0718435881826736
286.36810671051717
0.8734363264338754
5.363212418669718
0.4881681024598947
0.16894746317120735
0.18615800453335396
1.4732734887875267
4.131093628995586
0.5136020422469301
0.7292867612850387
2.787125416827621
1.5345717767522729
0.9892668799730018
0.480124988436728
1.1362073810960283
2.069228752523486
0.2885106962858117
0.8412445161702635
4.898536465982033
0.39136888653592905
0.1995906081283465
35.56840703663329
0.11260840567410924
0.7971959517344658
0.3818946466926718
0.4804119113505294
4.95307561102527
0.2538638589394395
0.4009843034291407
0.4748935727548087
0.9571953683698666
0.039375074851704994
5.1293220618863415
0.10548741990714916
1.5622593017615145
0.10733423561396194
0.6095717704629351
0.7684800311253639
7.9662550281318545
8.4018889712097
0.30775148622706183
4.584404419430939
0.7325503243009734
0.09940906021438423
0.24264355004561367
4.06011167147517
18.91192836727714
2.034921088034025
0.5109860257325636
0.28022404458533856
0.11035280161013361
3.7303750619394123
4.671792062345048
1.9005875265538634
0.08803994716436137
6.645073199983017
1.9275063390850846
107.68007517813021
19.26770129227225
2.1192777144642605
0.9230959468004585
0.5201945784538111
0.6868651057302486
1.5019354548967385
1.7945645888721629
4.030153877032717
14.575141484958294
21.02565195375064
0.2955198135532555
2.695005209905503
0.21535741256229812
2.5976653427860583
1.8299814783749753
3.4733135002898052
10.295439424797223
1.925097257088055
0.43852285519460565
0.640680062591855
0.17156225984581397
10.39579540705381
3.241527491267334
5.663624390286714
1.8289312634551607
0.1693518015090376
0.01707773609450669
0.9562685310484085
12.691589445865247
19.228934455895796
23.713025747958454
7.404854667984182
2.0010177816438954
1.9946966642201005
9.46039758857296
0.44572500975846197
0.09779007255929173
0.6134794997706194
12.088345625150396
0.43081914343565586
16.175806206068955
0.6564366150341812
3.178811748050066
0.38764869817896397
0.48376887726044515
0.20470769576786552
0.3206220479987678
26.798194091021287
0.15031187910426524
1.2754919970720948
7.205351337117463
0.33607291568478104
4.573171575106244
7.070549041876802
0.3183452705270611
35.02713833339658
0.07411613175281673
0.07171886956348317
0.3423560868250206
1.7678624959589797
0.2581327406478522
0.09222800156567246
1.1904212903282314
0.12542535069587757
0.9894223376977607
0.46646122344827745
0.36716920149774523
0.3633039703090617
0.4926906755863456
4.2232316581648774
14.186049138887029
1.0281435434189916
0.2672520494561468
39.01269270512057
0.02332657944134553
0.12186636666956474
10.448626479130326
0.16400955047356547
1.426729702110606
10.157613211387797
1.250794373172539
89.11629265433294
5.850228089180746
0.0794940755731659
0.6851927554889699
0.5174361897443305
0.4701604839137872
0.001805190808227053
3.9748522971422062
0.637011098820949
74.78343755651804
35.28716795869332
0.3425950961027411
2.999644145354978
0.07901965318524162
0.07062254472475615
42.78941750611921
0.1373801357076445
0.348046398437873
0.7110644681415579
1.0650084609442274
0.21100977692185552
0.4691469568533648
0.017413883106200956
53.06874640958631
45.94469398008732
2.7880255534910248
0.03599529248094768
0.8636967720922257
0.5782069040687929
4.119420951363281
2.223122498831799
5.31599856498724
1.097839134730748
85.97385797966126
6.917157458963629
0.7394436983704509
4.989604265214439
0.4281728379901324
1.874758662605018
0.4107950873403752
1.092837459535076
0.06506350862036925
0.18824419337761356
0.3739658652812068
1.9507493554920075
6.116022796588368
2.1772581697659916
0.5398916350095533
7.388711172156036
1.3332457532305853
0.1668838212681294
6.108549840373598
0.31038994267510134
0.2803241351793986
0.0544798679620726
44.91054241662641
0.9673004680407757
1.7452162223307823
4.446279036648775
0.11620263749136939
3.4598456097774033
1.8027186383151275
2.284524223618064
4.783515077691845
0.07505054299690528
1.730199412730144
0.45944665957358666
11.96982112637852
0.05738611080596456
16.944402647481184
0.12488972531355103
3.775563445447915
39.20007290640933
11.840121050288872
1.2784439322495018
4.596096647870581
33.64173503204802
1.0062411873223027
0.738273894196027
3.294562607046828
5.104556481070176
0.005570228942815447
5.8117283447536465
1.503330110830575
0.2908127095470263
0.29124863673496293
0.07241911399614764
0.0993468625965761
0.03604015141536365
3.5294031521116267
0.23719762807741063
1.029771243374853
1.9375579076258873
4.455325182312663
1.8509561308528646
0.5416826758701063
0.06734660672736936
0.8252704854021431
9.403852013812866
0.5599688424590568
0.5998781650523597
0.21127598776001832
0.1457785179700295
4.231642187460238
6.177374669510755
35.320638666380546
0.910860640622559
0.12392347047716612
0.989817146317364
0.02607817808893742
0.21382060209361953
0.8750034120312193
0.07259891722424072
20.693492588212393
4.270305326583184
0.626199080124934
0.2730210741792689
0.03525653775795945
1.6568573551958252
0.6506988348883169
0.11373856501813862
0.4176781772293907
18.82034733270848
0.8707761764271709
0.2422789372430998
0.6124892883526627
0.10907205980765866
3.5602453812898602
13.300861355797679
1.4830512302833085
0.06514893954226864
0.34091934531898005
136.26987217208807
3.2973259766731644
1.310881210883963
7.006312805773632
0.429518668588571
30.871401741667796
1.1077422165435564
15.68232653967425
3.1238928716265946
8.878500463091768
0.3980196178490587
78.38036911905874
0.637566127388709
1.5718023452500347
6.284723382425
0.08929333867854439
4.9760869091624045
8.1228247422805
2.1595744537007704
11.87125110269335
0.4482898987844237
0.19994354083246435
0.3877376807577093
0.7506526727120217
0.026445714269357268
0.11472388786933152
0.17299935943447053
0.19088276759794098
1.625114506805403
1.926732820335019
0.024610036958620185
0.963316737113928
0.004382250528578879
2.585252440567274
0.3121762557821057
0.3187730015233683
0.03869413733264082
0.36903230093594175
0.2994500391432666
0.6934550637597567
27.184290033692378
0.6694838266594161
0.4895156982820481
1.1557817092179903
1.7160041498209466
0.7653838947844633
0.42689924910882837
0.33016607720492175
4.430875766542158
0.6784457292123989
0.1044447484491684
0.6017911875242135
1.6204969121645263
5.476063527967199
0.9759275086871639
1.4299885062464455
4.867668867089378
0.06350717609166168
17.828042189281405
1.0690054721962952
0.3507485681657272
3.2517262628862227
0.5658098037201853
0.6386119552007585
1.4635300348891178
3.825942790212139
0.4507636719972652
0.004914383804134559
0.31316715116918203
5.857633346393413
0.37698579539210186
91.44762710052237
1.3511827940601506
9.881277890155616
0.1593559502143762
22.644291759301268
0.06940888576718862
1.367537305697624
1.5470756269023695
22.987603286292142
1.7768551258013758
0.15871084881291608
0.7324770388295292
1.4507815680990461
0.2891438517763163
0.3177335131113068
5.226161070364469
0.31479378885705955
0.2869572649215115
0.624702410405007
6.2758638599698315
6.960072620437131
0.6548417353005789
1.9308938989233866
0.6146640871738782
33.746788634602126
0.479310389913735
3.922866027303826
0.16480152672738768
5.752442942848575
5.211661524015653
0.06962254512836807
9.959962135064416
22.5886179054869
0.04369961666088784
2.041760438307392
0.8390006719309895
0.05937758715663222
0.006319195195828797
11.34336730994255
2.426496125295671
1.1024529365531635
0.9182837121625198
0.5174783798902354
1.190381409425754
0.2754892985940387
0.005836710934090661
0.509214745277859
0.0881865790579468
1.0286388721760886
3.360185120465758
11.444254577152606
16.026748136719107
1.258715786760149
0.6219703309288889
0.23288913176656934
0.2535953909755335
0.36540415841227514
3.314495376929699
0.03401931861662888
13.474233405322593
0.028437912125809817
10.89790117281882
0.12469470224459656
0.19281116655474762
0.6012582398980157
1.2928192153121927
18.48531104590802
51.752982761146995
0.6622846701684466
5.121684482732235
199.39065763598774
0.27708721048475127
0.38906679817591794
2.825145512859308
0.7523210797153297
0.9008931194803154
0.28560840544014354
0.5884338035139081
3.9747719280276215
8.909347844670265
0.42439161264701397
0.6017781687733077
0.39775249447484384
6.299146165572893
1.3964827034178597
0.16460498003652901
17.556735520898656
5.360939348465763
17.395565257564158
0.33118973736054613
6.035032194482483
0.9445893454976613
0.19576614815741777
11.285330025424628
0.1726593857856642
23.01467791300456
8.17259754326733
0.35817377118291915
0.10258444341525319
1.9340338504262036
0.7287032223684946
6.359768398382585
5.290858320619009
9.225403248652583
0.033386184346454684
2.4276115329921595
0.17940817085764138
5.463533263748104
0.279325324587262
0.2821560969168786
4.428442814933078
0.30773227679310367
0.9576190959778614
34.95961359856665
13.48738727489399
7.817159835194616
0.9660720541505725
2.115164538798126
0.5142123035911936
26.27112553675397
0.08149918143317336
5.875450687995908
0.614000051326002
0.41493755696501466
2.516164179192856
0.8463278588860703
2.5319124601337535
27.80510300197784
3.5895047881531355
39.569668273634306
1.270882336411887
1.4669509092236694
0.937001045429497
2.6605283014250745
0.38207184331986355
13.917366921734356
1.1572242566362547
1.1357174027543806
3.5099605071263795
0.6692348644828598
0.4060395435553801
4.487332108630653
2.1980646460942808
1.7178450536703167
8.20939971212647
0.948063006871962
44.34333324932959
8.733053728305094
24.602915769897663
0.9238582349971693
1.7963701642293017
22.749487098459213
4.118303592924349
6.45691439026632
0.17976408456888748
2.9254427725900314
0.2645653476465668
1.3576536046311958
7.084991620249639
33.87296590880942
8.3000624417582
0.08938889643832226
0.3444885347307718
0.23796664791734656
3.253957412482123
24.95726677708808
3.4699015583137225
0.4559810578757606
0.3165709670247452
3.4338845910860982
1.85390248562544
0.5716387941392895
0.31341427821462275
1.0363771569209348
0.8100857132885722
3.0869484456452483
47.92794046988274
8.091632861538528
2.1183784677086805
2.2076634378499875
0.5967591805747361
0.6551236982304545
0.13488059782321216
0.19639714567165356
2.2743442530336324
0.9863791713578394
32.89714591652228
73.6490930774089
0.32323176649879315
1.00031524775477
0.8088451005460229
2.597183092679188
0.438128035999398
0.08706437899672892
12.484366710763425
0.5503661566035589
1.8729062165657524
2.2936596628242114
0.6329549567708455
0.7302472141818726
1.3869437030189147
2.092453051907796
1.3069187772234727
1.9401709735393524
1.3849731040791085
40.28960988511608
1.381762267632439
14.639491455327516
1.1545733351595118
0.41411545918526826
52.45788932276264
0.006769289157091407
9.29009256155041
0.405960806645453
0.8865607882107724
2.4878457534578047
14.004828544628253
1.6887397610735206
1.0653430376805773
0.13352047671651235
0.6444483069062699
1.2599226203928993
3.5378934283617127
0.47262441380735254
1.4213640458365262
1.0029798817013216
9.621072571997502
17.003378219447768
0.5975195071696362
2.5168852536844497
0.4491754172158835
0.08415143060483388
54.438453458471486
0.5907932155059825
0.6991853050494683
2.7541804132633843
0.07738266162778018
2.816065933162463
0.9948776920355158
0.17263473762432113
21.66267239062654
0.37667012780730147
4.679085688589112
0.08534524721835623
0.7207160049511003
0.11433121667869273
2.954028346146515
15.710677996710729
0.5226380468375282
22.546490774999256
2.529137668247131
2.7834920253735618
6.1954009097171365
8.077765116893715
0.15245813318688306
2.632563542749267
2.0114745113023673
0.8149608530984551
4.503915729190339
0.027540465587662766
0.1352588080771966
0.3793019074546464
0.2320624600215524
13.43476350219862
0.7174911201400391
2.769585864753026
0.42607071427846677
0.09084977243401227
0.13895726123519125
9.900508284030366
26.570716678230383
0.029104669971275143
45.833740582143946
0.6328581425113953
4.823597673675977
0.26710197958163917
0.058095899443287635
1.893079716097418
2.073824103408697
0.9765117143833777
0.15544411664814106
0.22459307951430674
30.539677257376752
1.874280871303199
43.1142235772204
0.3512804939855414
59.4495847295766
0.0440899882632948
0.07093414727205527
0.018244070914079202
0.033207243843207834
0.24502155984009732
0.27523064184060786
0.493117818619794
0.15758650683710584
0.8860923138126964
0.7910267162660602
1.4263192676298786
1.7520462939974095
0.31198477826910676
6.140015907745692
7.828164036069211
0.07172172973878332
8.451571942336159
0.4017021364888933
1.5526950161220157
3.405623805374489
0.14237608242183342
0.2881670244860288
7.105103072655766
0.3150755385795492
6.644272602516139
0.434552836293733
0.4932050386996707
4.293317534393282
0.929898710197449
15.266624241692625
4.521976926484058
3.0455831472245336
0.23342149025484105
0.3723137665692775
2.307167683073203
0.280361000335688
0.25842140816530446
0.005587509298493387
0.5424958069415879
0.3515747296733025
0.13475897720854846
1.4682947664950916
6.6739796303118055
0.10283722638632753
0.029799848416587338
0.6848975336688454
0.9455492389934079
0.03283834963804111
0.31415629643015563
3.0672459999441344
0.1540501909366867
3.2014921789705113
1.9656523657140497
55.189864169620705
1.2040899432649894
0.24625282358101686
0.3002020307103521
0.1799429799466452
2.779877938592108
0.31252909608519985
0.107154632518359
0.9081446152777062
4.823584687135735
1.8733957615913823
10.521026026504842
17.454943488432036
6.073858822343027
0.7088303548844124
1.1412757297111966
0.17016573742876062
0.7999905857541307
0.2722145151128643
2.0263656322022143
1.0027487363222463
1.4236403803042776
0.3613875128721702
0.08528347542960546
0.37867232719872845
4.470132475336868
0.3017746363293554
0.05753557395655662
0.03994036866424722
8.433919352653902
0.1460224775946699
0.2807989903194539
3.132682046634727
0.06994321340607712
0.18934774511581054
0.06246147648926126
2.5657105555692397
0.7583432569772413
8.83014321259543
2.1157706802987377
0.6294500443254947
1.5794698662830342
14.353355517359887
0.18106316791818244
0.003229177676985273
5.755142375539435
0.18372297110181535
0.11173585602955427
1.5310811844938144
0.7329798168466368
11.803813153357623
4.1365041260869475
1.0787856177339563
0.942842553689843
3.763642497724504
0.7943238677689806
0.991182116948039
2.3063592091821192
0.375446563870355
4.380702360806026
0.18121842421169276
28.568617995406385
0.05584940017433837
0.4424169753001479
21.498816322236962
12.049212499667192
8.111629874732898
0.21470032033903408
0.5623923457642377
6.3743683190623415
0.698055364049651
0.21498481976959738
0.720438636290055
28.198365837051824
0.10100784392489004
0.46459751857764786
0.5758707624481758
0.17979348730659694
5.192484855488146
21.001207105480717
0.37432596769940574
0.8550148683134466
2.129886451009952
0.8167876463230641
0.3896349639071559
0.33098352927845553
1.6500514678264153
1.4104128605904407
0.7881443839214626
0.1699193644890329
2.335106163031014
0.20959137448153342
33.95759729488418
5.721465562226513
1.5409279583473108
0.891409163872595
0.095868812280969
37.526141004796955
0.32057378780518775
0.7403082519376767
0.20571595552246436
0.2292289063516364
5.171366904156457
0.07204063719473197
3.315021597118175
1.210617018470657
0.4790372481875238
1.0716688939392043
0.018403407939331373
1.9576830107871501
3.4861630432424136
1.1162762392123113
8.077560623234604
8.665197638707468
10.388485429251887
0.03341224828909617
2.0707714777418005
3.4824487526457233
4.319039697424159
6.761998784571915
7.045087767528457
21.21460403092715
0.4219658086767595
5.4416110688471235
1.9345646813126223
10.60588393125363
0.6833958182542119
0.5731884744454874
0.09755131466226885
1.518944803483464
0.18124332390289055
15.768573932356958
5.351550778355886
0.45718270403449424
1.2753955366861192
0.9645378609857289
6.217608767987258
1.9665120978861523
0.037606961825076723
1.6877197984140366
0.21398471258362406
0.08761520627740538
2.2584164059517207
53.46312479326298
0.04032723970522056
0.7302626102318754
0.4617418527632253
4.1991870097735955
1.7585603908992198
0.25402211944310693
3.4390003960761533
33.20826758945623
10.62466753904664
0.8494480220542755
1.397923244156118
0.31290912305848906
0.09983406345418189
0.035184189189749304
0.49137857362802606
0.25401238203266985
6.180342452593322
0.09641356989595806
0.4079225354580558
40.569870240360615
0.24156940320244757
4.81363178830361
0.4371796142113453
6.741825678007444
14.135883221919357
1.1134629046246118
0.052056548000109615
0.7833139203430619
2.175860046503658
1.6092205831300816
0.8381009069780703
3.0723070083695347
28.37998531930134
0.237592252316972
0.7397612024869886
4.4118101133499295
10.530001294151589
4.933081436513021
4.603645202918415
14.670055462898745
0.20921376529076952
0.3336176609627728
15.337914328189072
0.5565604639923549
0.5375805903240689
0.14335622021826566
4.294196706312505
20.180747774298652
0.06303537723943009
19.991704126281547
0.5053584489687637
1.0486179618637834
0.42685249673377257
0.7003087912307819
1.6258277628585347
0.34536269407180953
13.46542779092124
5.037912044732366
3.805405649869499
5.07772707615004
48.46114944787405
2.8041166871953465
8.91518682334572
2.1741693057701923
0.13788848676995258
0.6310311101769912
0.1481884482782334
0.26761954407265875
0.8935877613912453
0.7299327148648445
0.2922711434948724
0.04529304515381227
11.299661021141219
2.0859041120456823
22.017282641816564
0.10834493051152094
0.14055221637318027
3.2927293697466666
0.19628212729367078
0.20352556683064904
1.4090042127791094
4.30784487690471
4.3026502723951126
102.3062308853805
29.797708127047372
0.5076746415434172
0.4275307197785878
0.16212682330296957
1.6910150723088009
1.559878315511014
1.1802715171506861
1.5837652872251056
0.11661984167585615
0.6062922599412559
0.39482482919993345
0.35408329549682094
10.462318519261316
1.3467615257359284
0.8403332087073068
7.2145869052255875
0.9798824913741555
5.939319487388275
9.837790154037066
0.17080536034336546
9.536502041650238
0.05207909483942785
0.2780154030006088
1.2548574063730484
0.33037146212518564
0.094080682942149
6.572746299632854
31.2542725546773
0.7530510171600326
0.46167981625694665
1.3608645987842465
0.10244817211059853
25.536448612547247
7.697691836481681
0.013883408770198002
0.36810801221145084
72.62462719280666
1.5102691636566306
0.5778996882509091
4.373809817057918
0.6610223033494549
0.9833515732098022
0.05883258599351393
1.7331417513414635
2.88194285431382
0.8628615177512984
52.19319891212581
1.4163135377457365
0.8795315565475903
0.5400295175531937
0.6876470256720495
1.874874350050959
19.70681110685109
0.6855249986983836
51.05100132048028
7.033683723635477
0.7341950658483256
0.34936420232770615
0.7443710085026396
4.102784562721354
80.13213290076965
0.6436277410793991
0.4549343614089594
0.8581111134080857
5.031699644019682
0.14737387522473
0.5677974307109253
7.6293519316241145
0.03274497978418367
0.08106425521691563
2.557213450254494
14.207281186856562
0.12445650618610671
3.1254042457585456
1.783838719202322
0.5931714352809649
0.6913354234166036
1.8236352667881874
0.1628976588290243
2.178970592463884
0.3061483124511142
2.4945957292220555
0.3719535383497714
0.16091361555299954
0.11517605667177122
19.73623358581608
6.203966868808493
9.120732348230376
0.5963009303741273
0.5844368195139396
0.03927612121333368
0.2846355592373584
1.9447669681539992
0.834822695258481
1.87873153286273
3.0509372068045195
13.026166658506554
0.08392420900054276
1.2564872536968323
1.6553216939792037
35.845146137486154
1.239841273662023
3.6789382311362715
34.72853705072339
1.4475198817781347
21.0087327168294
0.2826404770203226
11.79466548806522
0.972932088538073
2.466808766908798
0.03414067415360478
3.430338001311611
3.923617331576679
4.863095481243363
0.3248781463589694
0.09093948350346182
0.5817693502285692
0.23639841236945358
50.47312569490168
9.219021954577329
9.0301450000552
1.2494443449759274
1.5900712792754348
0.33847905725997407
9.573933842406404
9.095821975828585
0.28221331768872915
1.2891857813992829
25.677947006097384
1.1771070768809295
13.809626330697938
0.11099887563614175
2.876133122979809
12.763364862454182
0.022533764171384973
4.491739461380348
0.454254954445787
0.19823144740075804
0.956687691857951
0.2151976435307006
2.257003327467828
10.762726922286674
1.8386218709565583
2.46137630807425
88.57056287784144
1.4935748429707019
18.209138299080223
0.5204236552417569
0.21167369497561594
0.8138288712652866
2.785242119771283
19.621599029131175
2.1489601597204455
0.13520031990265124
20.064322305086534
3.3339194267318817
0.0484858529525809
6.296074240668531
25.423831938704097
0.3454979752532381
1.21509581825012
0.15009416848624824
19.709994398712297
4.903531385945826
5.333881952374213
3.8726168513530865
0.33597791681677336
6.015127341190237
0.08454179878390278
0.056651621951459674
0.047758210075699026
0.40377415175316855
0.1285687133349711
0.3259837549085205
2.7008924766814744
0.25726447821216425
2.407506053659745
0.6112891681186738
0.7612867021889542
18.5894966219239
8.449761648716958
3.2332802076562075
0.15798786569212098
7.5077784535315
1.8729609767942748
0.1673374513084127
22.250906196604774
19.077178498111607
0.44631607849078136
26.583606177602633
1.9292717210992123
2.6370649207274255
6.486754428293352
3.1870306426499155
0.7835296041048423
1.0824759326205822
0.623668116171757
10.095516308290826
0.9128561482575606
0.6857852006760368
0.5102816539620108
0.3085079432094062
7.824319120518339
7.957654923546215
0.23259716562461108
3.380630510589981
1.7722951046307571
0.25302911102699
1.9311680507271376
23.670289654415683
28.55698815103824
0.11441916320109158
4.117504558777
0.30640875743483775
0.05528497490013251
0.7158454045420513
0.418779862797237
0.9164975286876142
0.0028047938540112227
1.8100119495065883
6.549335995612637
0.33528767238385626
0.09323748523820541
3.274383655640122
1.3228782241822046
0.3230914387931989
57.99544147615961
2.6256825493364886
3.525673970943899
0.36545146087155445
1.1041321082084323
2.5541767713548325
0.8580045344206155
0.631408053865016
7.275385111937794
0.1729432255269785
1.8006532176877954
0.022238882826059125
25.065462109429063
0.5945610121816571
0.5570205196418101
2.5345144912716933
3.5459008904654183
0.3521208344754996
1.329082974945777
0.18717932948857197
0.12969199070721515
0.4393018764349108
0.21101837846799754
3.1898482348660764
2.502719611435168
0.26632564914689283
1.2038335196739354
0.20633004998308024
25.957614448339882
0.46168187094735913
83.42437631577559
0.7913052557669289
0.007348657763941446
0.9129627668226021
14.775193470653903
0.15873864407694782
7.567931630106614
4.2879975609139365
6.888894686187996
0.5189593842114846
0.08150338015184388
1.7517912323783094
6.360126185201807
5.1447037402649585
1.5487438201889745
3.9717166209920833
0.04509421691909665
1.8090064805292059
3.361757484399277
1.5264502172358334
0.11143265890495968
0.4134922587654728
1.0739265946649539
0.6157047059605247
0.026446372616192093
2.197957383628818
0.0425014529391774
1.993173898099485
0.3187812059331918
0.2743464379600482
0.14201252199563896
0.48213208224478876
23.801683054793102
3.42229907451474
8.438790635420446
8.855507858206693
18.005417817075795
39.02586842661185
9.137857485264249
26.040453704918036
7.297153382609395
0.011419626705901464
0.42055703917867504
0.7190919818531256
4.682495986609865
0.19314259387829225
4.359963700804656
2.47429562684556
0.27447149915315094
0.9265062286212924
17.30194143798508
0.9780729302110558
0.15338107841671444
2.2911320398343378
2.744623376209347
1.9802728270806256
0.2507298619602807
16.624697241608374
4.528260642317036
0.10296025332718273
0.21023907454218715
22.728371362081816
0.034953219947055914
0.08052304254670162
3.80599439371872
10.520447570794204
0.40750010895135347
0.06959945755806984
0.05227325082887546
0.0333266827656189
3.713298123460845
0.3311504365556175
6.0225209994277975
1.7949645046574005
0.03295787347815349
10.375734279852622
14.28766030108818
1.0236937044537626
8.022452745608462
19.098718942666892
0.09293838196026627
0.8231028647714993
0.28717320657597156
1.085596993125364
0.25809575095627224
0.3297281248596846
0.8234553849106305
4.087083847083704
0.8478070468190708
3.6626334809625405
0.011270807670371141
1.3377393607188424
0.23039210568458657
6.905924300139304
0.865034114503942
43.13392211816972
90.50081255317855
0.5942452990275342
0.3794277693814365
4.3701258121400315
8.728431690797152
0.5450124018534552
5.401632554192474
0.09217717385399737
1.473732044811186
0.348727279335435
1.4084972983218904
11.948872652919817
1.352505520786508
0.18090035292698303
1.3471715698724438
1.3275044539586816
58.37463572140041
0.9521904091488977
51.49760178068027
0.23863140989124076
29.729220748697117
12.95085658937387
0.49553637858116417
1.5249082194241055
8.477519198146183
0.14738604552985635
0.31810423779825214
1.632643569726497
0.25554745166300563
1.8331067980107036
1.7492632548164693
0.07528819470462622
0.13494469363286044
4.48080753382601
0.3160245473482064
0.620322817700071
0.1972315522034478
8.77491046281284
5.177478190165857
0.2038418327065301
2.7379624811946996
8.617671915846586
22.404044552364212
1.293827599609358
0.799538608021976
0.2070599784674414
0.4853903698567592
1.0013970928412164
0.19782464373565745
127.77062379299605
3.5179291382191877
0.7418774581019534
2.2395129598517087
41.74302574765534
3.331107915724715
21.835591751030734
1.1614679702142894
0.20532551418000367
0.25324816298962105
0.15780031837130082
12.16611731046578
94.1952644470839
8.506859808006993
0.2012270331106265
0.41584311649785377
0.6219299508302356
0.2739239484835707
0.3481253023019235
1.3002784746968246
2.370221956352907
0.18959454352079774
3.1946737796315574
0.33183209327035
1.7988918406554149
0.022615865138504887
10.830290837286157
2.6835841793363215
0.7302159708560794
0.2927667407566332
1.7469000838573265
4.328937077232695
13.84511742500763
0.5862123351580522
0.22104021195991663
0.5085914567389409
21.547359142314235
5.82070282028144
78.64819046177945
0.2794900999251695
0.9821850210428238
0.5982802954713407
0.03284227713083965
1.0457547271616932
35.07434717889191
1.5443590067879995
25.009200886284816
2.2709807719620585
1.092726643426431
28.393613768763316
1.0533214607166883
1.191134724420408
40.543415788830316
2.749324715750845
0.24309707738211728
0.3627206417368143
0.3501488811598392
0.0630273033202684
3.062725105879508
0.2769294589998026
46.146510116337595
1.653507208055089
1.3466216793567582
0.7903998872388911
1.6368809689702175
4.015708239923697
0.1401716074142314
1.601197863201378
20.463844065994635
0.04574917100399034
1.3718317553684756
0.4505275916199025
0.48117033118614927
8.667448876483832
3.3653767155192327
21.0107136097904
0.39448303573954036
8.486348342841666
0.722687735738873
3.739356002512068
1.9028177225554828
0.5861931175240898
58.647843963357445
2.435404578631278
1.4426420764248178
1.1025112240495218
0.7064122589727049
0.1896706400293624
0.21031378067709738
0.340935629013984
0.058353916072519496
0.3609424765963922
0.10174699878552929
1.3920063408986607
22.360276266743313
0.41390250864060363
1.5022367414312612
0.2465376647087396
22.063322916656034
2.3231026901594305
0.023707376818492776
0.8601874886117002
0.20511243016517255
1.2857833603375184
0.6774621417607705
62.274889216838346
1.6104966644306842
0.35424708613936673
0.22014561279138434
1.2315482250705827
1.8398961845232407
0.47999578193048364
8.358635027649143
0.8380691885649867
2.3229560340842
0.9446039225258573
11.66498251620942
0.1466570228112687
0.8297978781920392
4.843948475347133
1.2645166294787487
0.2614355625482858
3.5045738137778244
2.483957142147119
1.0333933875735966
0.15528112524043536
7.485668286884902
0.29653007224260364
1.187797780650726
0.8336360155408329
1.4623164892254863
5.367356276539795
1.166607588143961
0.09200513453106396
4.600752791684499
0.5132806266483385
2.584344446193427
0.003189652070432203
5.0860706831736024
2.0768258592433995
7.226090231903072
0.25106070673064096
0.1325517648474488
28.003245276333473
21.436777646944392
0.1925011925122817
2.1570194761698076
3.2275899600317643
0.3057692566908372
0.11401361751995864
10.893354091640504
1.354307106408669
0.11002910901879659
0.12106059810321312
1.3993544621480396
2.1837861174717546
0.3729507080570329
10.54601723050655
0.7078036557140877
9.489232303752942
14.24454170914396
0.4375837210463942
6.91616748071101
0.06067967659328133
0.09644083259991021
4.067136379973817
0.0245998312420852
0.0785828705120366
0.17287634266904206
0.5420378080125374
4.228696982059773
0.6401723087692517
0.12694324808762758
1.142228247877938
3.8146964180123177
0.06516354609266273
0.052764881889743265
75.16974484187085
0.25115574885785463
0.011452374794316711
7.831495723177795
0.1828412690483674
1.7682254498031398
0.8403209460921062
60.27044395846315
3.6412428460207593
6.778601853253349
0.0919541533512529
1.1007106715551345
0.6670188478346972
0.48064007309585577
1.2860758030983561
1.4706856962075108
12.34207789419088
5.428606783953001
0.374270622007316
2.4106463628231722
5.981371022251551
6.103559421560931
2.3029210986060207
1.1823831018446072
0.12693902310275007
40.62288253558654
0.555741065323673
0.08924522234883625
6.947258797787072
1.3331109144746733
0.015616938148014015
3.760140150989173
10.725407103138423
3.7191650691602263
0.11539012027424178
2.6266144302680914
6.855659710658074
1.025908509924193
1.3541380922179087
9.092570027158217
0.048609715475322446
0.25729308390509686
0.1497410745396337
0.03875306501140585
0.8663981411009445
45.36664470505639
0.6995412239921279
0.26642531227480504
0.058587305327819195
5.058427142121218
32.089115033966664
2.5126730853844492
11.552495532323519
3.1846822075349337
1.200852476311411
0.16188463361322647
8.151698120615038
0.5742933659093978
4.588386008963425
0.0344213356875116
0.022035590205632616
4.198029879389651
5.129919808405248
2.411303271230281
0.2569639037028537
0.21750315621466143
2.2987111328111496
1.2578780521544104
9.32020722570087
2.4891276723137707
26.076192387994524
0.6345483190088999
3.889950383676478
3.764141031428153
1.5858176193105464
4.704617406710895
0.13830491690532654
1.042096378219867
2.948561782039178
1.0966278551240976
0.2582856299522973
1.714031401777902
0.2426400015319814
0.25773229747937876
25.554907160218136
0.7022317796654534
0.16461223653823254
0.5446446713140176
11.556120169487258
0.1842178343249543
6.167771125408763
0.07999591440602671
0.08172051252768142
0.8428941062302329
0.5586102621273312
3.4360399896431773
1.2989178632487892
1.2910264358433778
0.09223272123927018
10.875227384167374
4.377064093867375
3.7112854484330455
1.1956455113686388
25.756148520915303
1.7685342798686179
2.6623001894804474
14.256048384351743
2.1978904686839087
13.64108188708633
0.5593191944572027
3.9797247037713532
2.5712092131761892
1.689677521422709
4.41397155780578
0.05165763666809653
0.17431560850673122
4.40328425214102
0.2252548472424678
81.62130607662039
8.99339738778508
2.0859492909039545
8.725299534449732
1.9975308532048075
2.7011146423355967
5.512256658006663
0.7671790869244433
0.47276884648090345
1.6558355880479212
21.159670007793466
0.1607615825087123
1.2507152094767662
18.397626841426245
0.2542358461796539
2.7788638331985567
1.0790723456884734
2.024620583801152
0.35381613240315346
0.5483975044662657
0.11598373134620488
0.863448756354046
5.8765190839985735
19.0518825879044
0.02941294700212893
0.03888441071467241
0.029192603593401145
3.4931784885775414
3.5330211221444188
4.992901704779797
0.4235830669495044
0.8542362709595182
5.238710705703852
0.2869889698631596
2.2375446440310043
0.9937634400848765
20.604672002857114
0.49585850036964985
0.7352713828477135
0.1702464602640248
16.545385183853796
11.421264397071354
0.20016898629182833
0.7171760406599788
0.9355906727396359
0.934716322029999
1.7549913777220354
0.703879702861741
112.89287279956989
1.218659347447101
40.57542279299014
0.8275701021557325
0.3944957733692718
0.2960448754238314
0.46939132537227124
0.8694118372441153
1.3602168404468102
0.7929678522850736
2.7605968586503877
0.6464581295003882
4.574910380775691
1.9764013749918377
6.798349057920859
0.765136267113121
0.40280969910963904
69.71013987077094
3.0603103338107758
0.12425908113073092
30.39094411500264
16.032071173998702
74.69916966193705
0.03919410251546651
0.47179064584270236
0.6168201587133808
0.5728510116532561
12.0551659529483
0.7310780684783822
2.7570334340089175
0.07772055882742279
1.1518875159490563
0.9634339380609163
2.4120186294749146
7.476190990761097
1.9285808092281513
4.244960971009277
3.3905298565587145
0.40402513990557054
0.010268665690091439
3.5656780718964
2.3328034982914687
0.02824782045718166
3.846241990700946
0.460046630953002
8.199006627106428
0.45694699137675343
0.32605275151945534
1.1554559691867325
0.14952447532778024
4.595753559646255
0.4626412581419572
0.22307885729969712
0.0848037873802241
6.511981123563601
2.6463476453282055
0.27310437858250225
0.5195690716100216
0.29257985906588146
0.08146320001469576
0.2083230092721351
48.190528708360944
0.2075344943732489
6.6253376546592335
0.33938558423687937
18.62919583094481
2.4000698075869877
0.6883968436450232
0.393694739221246
0.49348241223196965
3.182907622496714
0.27991696392928134
1.51396924540677
4.406859101702139
2.253719078908034
21.501019169609208
12.641881233896129
0.21009465756287682
0.5225574445648817
0.02984575136724743
8.614203540328162
0.4111607893573819
1.0991689622533158
0.7352130053332075
1.1235627529786143
0.14619654335547239
7.783172844032379
1.5443802432309894
2.2163511997532623
10.478667760369717
0.7268544642138295
0.048664378493413096
2.0686997475313547
0.20751627860954613
0.6231573610748455
1.5262042353278957
1.7938561517221387
0.19105533438778366
2.8174424317585363
27.70539305337661
2.3504111809706956
0.30008945005829446
0.010922151464910712
0.9644909281232685
3.3402983720225166
10.572974931255885
0.017316236298938747
0.24177540026721545
0.9735375585623842
0.09149379738300922
3.602759405552206
0.2113028035091702
16.87238894874463
0.7168859916237125
2.567302169791219
0.20184108462854056
1.1720930475021305
9.578446647890814
18.094145638668124
2.9024334502537386
2.4131947532805498
1.2404924496768217
17.079545871307346
0.673357993382524
1.1559406377200503
0.1782195182859141
1.3074522370843624
7.742865743784932
1.0642250604796573
1.2971435102699616
0.5781660409666074
0.7820269018266117
0.5487426753425098
4.096234111744707
0.35487406801985344
1.0250894387027074
10.441105023928685
8.224539351551357
1.2172686440062535
4.042960570353898
1.3467334969391231
1.2368375130245113
0.20982604548771633
2.468698567350657
1.6266935161183937
0.41142902022693306
2.3406252868917363
0.017231335659744218
7.506770346972189
0.15232671729609137
0.6447163168086263
6.621076865623763
9.658969074007473
1.2046296945154609
4.738609594420268
1.8924375360293197
0.1243976746663975
0.3479672436733381
0.026663655960874166
1.4585383088997332
81.50083358098709
3.406182601258479
0.6923084838526847
0.3534485774980567
0.06740651033032918
24.069101204684557
8.275952417730878
0.21936786194419255
0.19528709594305838
0.14205677022619057
0.06174951986395172
39.94947828245131
0.2986585435755842
1.9737772539483558
0.24883931071599363
18.50303981968318
0.591833329614019
4.772043930151995
0.6841520400193986
1.004727047708002
0.9505589025393419
0.09117040247656405
14.491149827805202
0.7606351289468876
0.3247209785768064
6.862125022260443
2.766798051798105
0.36883311381097883
0.8342604043900792
0.3831149757534149
0.19316923443693668
0.26427143917317153
7.636607476622885
22.547258406113542
4.8319331456041255
0.919430697336793
3.0714650073787197
9.141116680912091
2.858735893285484
1.4688413446456252
0.34923571755643934
0.604552232340211
0.35811705561354756
20.42763273269884
6.6396873823032365
0.11816938242554897
0.06358419441312435
0.08891326272350852
0.5916029081672605
22.92452437925749
5.577065289526217
1.1761285315988061
117.66720509489096
11.807121413181449
0.028709543235891033
3.2183108745666686
1.7719063723852742
3.7627823502662068
0.6560601843775657
0.8246914505652967
1.6295697994610236
33.87430762074291
0.15409205773175927
1.3321148333780002
0.24463899245893117
9.661221240057785
1.772304353034997
0.4988935951187159
38.141768019773735
15.420294151084818
0.11185564288825844
0.6932444462945568
0.7333875332296884
1.4016312500571075
22.621519637305028
1.8127347120425839
1.0465880609517626
22.37233456765898
0.028587146822246723
0.021770080435089767
2.108233343104075
4.89403925096849
28.132722479567747
0.4460272440701374
72.20859914234825
1.3010320747780497
0.46243954092642525
0.7535435650024738
16.688379802082636
4.624250375509291
3.1289707962205284
0.2316222217559698
0.08358499622045201
1.4861656351786223
9.8834861052419
0.6811541660281364
0.017791189322451828
1.9121419115290337
0.21998554056699504
5.457472778700321
0.25325123816219275
6.599428605240973
34.7475667773906
0.9762183617931441
0.708362987061264
1.4478580746144871
28.507545742966613
0.6293489055569808
0.47436658954029554
0.9125470219732961
1.4537895613793808
0.4388083084631944
0.049710118346411036
0.23375161727744853
1.9319730550523673
0.12177896996945492
9.34539246411805
0.9504417449352331
0.891492040551384
0.22674373018890037
0.6907812832469062
0.4392530324330437
11.45470587581076
4.438382479173015
0.2885986223554937
3.420747803309496
0.04903984341217438
0.49324933632669854
20.902855519994773
2.2162120808425243
0.8705327362840762
1.2841178794660664
1.7361644872653414
0.0014469384550466202
2.151281018206646
0.00662911147082923
1.0575141981207707
19.814739405410364
0.4053537269610388
57.14009566234381
3.061690698017628
0.35903388615042786
0.4288401302728744
0.9772752406497602
0.5338922867413203
5.251146961127233
3.853925493782299
0.30128900971249095
12.966313397686463
0.21859098349887063
0.05712725536068319
1.5226399930106709
3.9860816470391
1.3542786744437763
0.47646604782130453
0.25976426775741857
58.25567862477328
17.411883883502014
10.031581423711032
0.8170768939999107
2.4772607489176153
2.0754796017972694
0.015205774700007169
0.9968048981463653
1.1868091648357222
2.9848514516925206
28.818553615303244
8.433011240587803
1.587007952231943
0.17762230435982929
1.0966400599645567
0.23363105906901183
0.47450813604154973
1.9939188600219495
5.870386773556675
0.6060640987670922
0.3220084309723461
0.0871157702349592
0.5486889235326089
0.190807817834866
0.1577038228751917
0.42401106769102626
0.030336381529195933
0.04872935762250563
0.3243889238619886
29.477608622019034
0.26355910952042905
4.352196314983303
0.11889316481756396
0.9004402901518915
0.17976594034553273
1.6416307200997835
1.3433159859923762
0.07180151712600491
15.645643847678002
0.14860740401491057
0.6534735834065941
25.396638642123435
7.129526611286565
0.6487665730273875
0.6688227347694919
0.7161476178262092
0.011600517864280846
1.076020537500881
1.97476799760625
31.147767721806304
15.310360466715792
8.703722762362304
1.3111931993771577
1.4177853203400446
0.332686822694086
0.1452675651780737
1.7609267583939072
2.941947813880688
0.33036831541903666
33.61946672970589
0.27083125506032957
45.842523928666196
0.08131251020313357
5.570585726858553
12.064560331327812
6.1369969146180665
11.727239712607116
2.9792970933413017
5.728973699784547
0.42146194832457695
5.697617721249117
7.55398690317088
0.393694678623433
1.8142495227039035
1.8887241404154338
2.2340371808677446
2.2797995538567193
0.3813575739332009
0.26685998793618637
0.5747229581393185
3.484183050113643
2.266992711003695
8.192546398757258
13.985007156359643
12.41181145394512
0.6692459199985024
1.0902198234107345
0.9148814402251446
0.019921333165257238
0.10310234479402425
0.09830506841899478
0.16803142128992477
12.578540803402575
9.779151744049159
7.978487903874338
120.83113966266683
13.119340849316359
8.295171315756306
4.131942183801584
0.03851823518562014
0.8869190564146265
2.66843483314733
237.8351467873872
0.4511292783099634
0.03360377750504995
2.624597825582896
0.4008095407880319
9.899201915060985
0.08196413921177736
0.20269250123237725
14.173522538581892
0.0032935506060312036
0.16267495707870694
0.462287630449282
0.0006029755604686216
0.4851549238192092
0.14135148026616662
3.79906757965
4.250626411521807
1.3679124131958815
0.09340621220690082
13.684617722596158
0.35580496334296186
0.17476420814637095
14.270411679226527
19.242682768413943
3.3617485193353787
3.039113626567996
18.774761919965385
0.7252475167078956
0.2561548852972919
6.933374461503263
24.593060364641133
0.4784027177702228
0.8500766695797211
0.2428361798192782
2.2102526286289503
2.363751220222184
0.06615129199417424
0.16635512587163248
4.290451289049088
14.649394295567618
18.51891064717711
2.8601521186465106
0.016693143097654684
0.4032152056643099
5.9998626732922276
13.380545114490815
0.8967137828003615
0.5975223180139437
6.289455172456655
0.8705077312915819
0.5102286427063518
0.39278738645953126
0.371309597252548
0.14024228517882875
22.42990355928123
8.149454448928736
0.37010793186709634
1.4437049737971392
2.4997811909743177
2.5393425686743285
2.7239973730174825
12.193657635238196
0.18595102918698103
0.25232684913498815
13.687678709069587
18.650385038854438
0.09349285549251363
0.42762869866055553
1.6783432133306633
4.4574800040099944
0.5156804864782316
0.28686329349147854
0.47343496036410215
0.39341929741567583
0.44031362215901027
4.746593787465827
0.6073965997275081
2.340809886525676
12.448986118557514
33.242792417531746
0.11358941103389952
9.48100169429381
1.3079965742617787
12.458015573265584
0.9631330779484415
0.8367428694327828
0.13767784696028684
0.6549214564438444
0.278082052092941
0.6316487411531853
93.06931228145913
7.277848252411786
7.840780655009439
0.8344671180966543
0.16676171326253098
39.726275015498686
2.019813525112113
0.8875057456716604
4.363349393021053
1.1931576327660878
0.21308352924097562
0.4643225066101877
0.0022433317717514
3.071940927846299
36.12849358243329
0.6950773765820486
0.4229384516947903
0.5122999286941194
11.441779188466171
0.340072088791203
2.95068555067337
2.475346098493901
9.135097008391313
0.31394086765430984
2.3613894107365923
0.2703488441184163
0.1950762340784422
1.357375200252136
0.18715265898936195
0.6748575840429112
0.7522628323640674
1.8992373714208952
5.655969302428275
0.006298476171650691
0.32041642160038464
1.3216651292714232
20.541835905663902
12.267515732408356
8.780357464303961
1.3274205110901676
0.46381910040508956
0.7798037174834462
0.30282259024170344
0.06271432279027067
0.3210084281672607
0.08220907982831704
5.1334317699147505
0.9378502842810121
4.0656277256057365
0.9582189665379701
0.1039066546363756
0.0954130108220852
5.224234850720677
0.2787458071834408
0.639705887529999
0.4827169652162411
28.427821933542873
0.4462068121538323
21.329055270791287
0.3228928537428146
2.3270395105028
0.19116975992074003
0.12716309842289775
34.97537748275499
0.3836119879488251
0.15232841269607889
6.301780140198389
2.9387558109956444
19.674307797326037
1.543447691568872
10.361137284395227
0.8313486306142295
1.8636030717898393
5.522174203299073
0.22336970750257024
0.07018134971804102
3.3096219357830705
0.16857605550831067
0.5131724723323714
2.751301996962866
0.8073125656192133
1.2695266935879772
0.1362349919800181
0.13196465793225798
8.361930663410021
12.473785988458985
0.5986444787777145
0.05685581293437281
0.6292936835343426
0.2717486911569722
0.030039600242162123
2.1117495668258925
1.0236187692462408
0.7621943387894135
4.279507306160667
0.7730218447759398
0.8401353286608355
3.8611576054026955
54.46834913191924
2.564197437648545
10.733394377260993
4.062344349462364
0.17675732087081997
1.2979941995581612
0.10845740467266296
0.22834515841896064
4.244302721934218
60.74147103138603
0.6840563038786058
0.04321130376774818
0.15176732860709308
39.89043210730961
8.78377337260099
3.321525867741002
1.838964371014299
0.2515775477513671
5.314007927594503
0.33683721084162244
1.354647025327722
2.2778772207057045
2.8004327843336796
1.9772667041106615
34.15710842420958
5.360368396304693
0.14006834456449724
0.044061851178412326
0.23153612130408874
0.3374194966236246
8.162879023187998
0.13428230729914503
0.06292731987559819
0.49894359996687854
13.1318551407021
1.9108132099718205
11.10753182632834
0.05493664157256717
0.17428096045478014
14.249614854481479
0.24310400509421015
2.1580213009256113
0.2378485551525955
14.786619769576646
1.0688471101057075
1.404107754919096
0.27716053639596794
0.32324989843255025
0.023335809779382544
0.8615697836612526
3.9797345879233035
0.4828065423134831
0.10306040079376544
28.421028190805373
12.228373668676795
0.8002759599839919
9.059322357956262
0.5540053797267319
1.6452827118337154
0.8152431415182946
1.9979934855655301
4.695671437584679
0.013064784041489474
3.0786358611658216
3.9907885975771933
0.2089498022432963
0.26820142378710443
6.6035308302380145
0.3690797314084193
42.7882394555636
0.1889806037870585
1.140404833084176
17.85424076081108
2.469428634358337
8.861897616647184
0.19876517260127002
0.3256134134862805
6.300740986618621
6.866668636284885
0.03989215383626288
1.2220580695284298
2.5219856209441787
0.1534920549893286
0.5300939053886395
2.844370616654487
3.3693017164696357
0.5582278836736805
2.1094777504295052
1.331623335609038
0.06625720985539374
8.489256085529632
4.015499887427723
0.2756632329619606
0.48576376454366255
0.018718768831604393
0.15236677802022314
1.0809996340940415
0.39768815620846
0.5468664163672656
4.024531992443372
1.063119667058345
2.91278548925402
0.32094383877847577
0.6470682894614583
6.653812031658163
0.7983464132375957
0.7692626276839292
0.35457112076619524
0.1851485370825685
7.748430426021514
14.528243582237337
0.3725217267856351
0.04768614280692418
0.37634715393869556
0.3869160377034859
0.3191027070497512
0.42630771947005996
0.08180632350558881
1.6873785509742447
0.194482612383581
0.3869397230555478
0.03206725747077144
3.5867755966755794
2.677226895757485
0.08866541725728894
131.72683591677924
1.5171975007506262
0.15219510902898037
0.44655905602121493
0.8389791781482927
8.292880278277153
0.02777586410593358
4.7857814367016545
0.2683689436780696
0.1707911489138496
1.0606317113852128
0.9332552485248016
1.960984329067287
16.508504573423124
0.43494385009034886
3.3799955888644035
0.4092294063884765
1.1992304181912914
0.38651254568321747
0.14679918269393966
1.6558506430992566
2.3307850104283716
0.46750914396398
6.674928670789086
2.0218237548724574
5.560561484813661
7.672491793444351
0.03962245818183874
2.8270359960843052
1.4333237905557326
0.084447046436253
7.166617958013376
1.5579808094335021
11.436305057704885
0.5306049909704598
1.732444909899641
1.1169430726004066
8.46037934308697
2.5993656474820455
0.3971240805112757
0.947564863057778
0.08804945628071437
3.7106059717443713
0.16363325567363063
19.019105656378088
1.6707049372489564
20.471631591193727
17.417256633478246
1.5082890715748363
5.4010665163405065
0.5381752096545824
0.5826434370756033
0.21001194867494632
0.46188329524738947
0.026037763855129015
1.15829323732396
0.2721432748476218
0.24088966037743376
3.296162893904693
0.4834118755024974
0.47060938190770685
18.07326962818479
0.5307941691789893
41.42151680233292
4.970352423519216
14.187567819011747
0.5079336685012095
0.4371359451506578
0.13583830306015443
0.04181409296870697
0.32544717876589857
0.26284202225360787
0.2932333438184287
0.5110795513683115
0.3384896929746901
0.8479572314681718
9.13408566932776
2.7081089262937894
0.06304642507893732
8.89100009455069
0.7647708041076839
4.101928205709555
0.2927984674061008
3.061480882282922
1.1625530219898792
2.091963939888956
0.5477056255513162
0.24387738037694362
0.16929453871125588
0.3263930283683294
0.45259183552116156
0.016145069668709766
0.6836181970975304
0.8319704079913208
0.3708712508887402
3.083041410336591
1.6815394466648286
3.901673066735384
0.8882157966581872
23.53436122304265
0.6165314182217116
1.4717157513659913
0.2851195918483427
0.15826810612998088
48.00146792412852
1.7028314314156887
0.2809516210400034
18.14140560202941
0.8007660562216188
25.419354961286444
0.4264640486580902
12.892700832053379
0.5686694019168499
1.9644523272581864
0.10095870484292391
0.883294283903524
58.79143972048405
1.8777961258092546
2.342447247454402
0.06296917524377932
0.8891397776606027
0.06709577748551965
0.12356189399724826
0.8848186594077561
0.46267014813565766
3.1119957750597678
0.2273253770217707
41.256273426075495
1.2089511080521333
0.37878816971715423
1.221252902480046
0.9628465192945441
0.15242630584543804
19.943440373637713
0.5199973467824748
4.012025406002067
28.863067917420267
0.11091685594146838
2.331923377867497
3.3526049705178593
0.10599622965673916
0.2767412707398762
3.026982564744685
5.415549972305598
1.1913110676541692
0.13049680127369356
0.7964633735391544
0.9640734549830086
0.030889797304553213
0.08013512852994609
0.06608004737063311
0.7081579059376963
1.352310855370888
41.76447047844704
1.2066188606186188
15.910865346930223
8.300516553874331
0.8969471858617908
0.695755036202172
0.25250632826282526
2.458442384842783
0.21091509783218498
1.665052193628071
1.2758026096998947
0.19383675856079208
2.046619294294942
12.490143974104285
3.1664148642703367
0.005755454283644212
0.033578597285668366
0.5244909422763158
26.796788796367764
14.331261722421914
0.12604678392744972
0.42893776743949275
0.5040074513490254
2.7672843492182437
0.5290320430904103
4.55164147191681
1.2966288022507797
1.6865987492019485
1.8806288606465387
0.08262304602612858
5.438486757608189
0.3361369589874812
2.9360572898913233
0.48452689873374766
1.2034443369157088
0.09006182530356455
0.06411621189909056
0.8083879213954788
2.4423428792506456
4.804558341289521
10.036412173863937
0.05112485964491498
0.1661569818170392
2.5941095767229854
0.7073558789816161
1.6745076290972065
0.13216913352516713
5.3134506856767985
3.249502551931073
0.1502168956794776
0.10121410363717587
4.956395820416219
1.6636495194361487
0.09324590790856746
0.197191037099401
0.04219968704273924
0.2722965655484586
0.5556072089530062
0.5022087497491157
0.16324740882919286
0.49141650769888656
0.3199042540145456
23.207332857837173
5.861519154379494
0.41353593570238445
1.5832188237909577
5.09987213806744
0.3934198837632721
0.010595177511277143
2.1136877232820552
0.7557642713800306
0.32365776252481737
1.0361891675638617
35.5220845464828
0.46561351920172456
0.04294041516550351
1.4946825897495728
1.1229318411169515
0.5893165382112784
1.5236363752992474
4.7366188613268605
0.024743424837652128
0.3271307162322046
24.522509556980367
0.2866477167881385
2.11455446670152
0.09428029744958621
2.952557981127029
0.09516576632449869
0.8890170964514255
1.3496421921699948
2.4045946505793836
0.3608381444137194
0.2684617884478939
0.10901176627521636
0.7225592680952104
9.296152025657648
0.8311826304561691
5.0072069494272
0.5231027757217817
0.6064085080870427
0.19428114908077987
0.05534249466654728
1.7925365332412184
4.478343873524864
0.06835502889589407
3.5581509424482647
8.941987357549806
0.40635672571806936
0.6238122239956283
0.04206622075798805
2.365553462321259
0.029483243295544526
3.1640078672935488
8.667081516323378
2.2826595627557253
1.7733119356526004
1.7963056152329955
0.5076914083765587
0.5280584999200073
1.1108662606166035
1.793394561012974
1.2359407512267353
2.1314594282412145
0.5038394050206989
1.7840694791557326
4.652660586933052
49.85879664460299
11.79237795123845
0.9653646890255914
3.0356227306619985
13.406225337781507
3.123038291843841
46.85511443446376
0.30126362327791867
0.28756835432432126
0.20193351806301507
0.06611173062265152
0.4090027992860996
0.7060440618879511
0.04110337682868703
1.7239102082821773
1.5729738184927555
17.745102710072388
0.01495352057099808
6.572419862393872
22.713081141544535
59.153871534632344
1.836024878801254
0.5076396308395488
8.383160101468093
1.695600330043817
0.8325305724501959
0.6516951845514996
4.567177432942117
2.8379041586485982
0.7793294904513459
54.58364764974249
3.278941193177161
0.4226463820305071
0.7276191230703262
7.8494044658473285
2.294978109999647
0.8757598597512697
0.581922636651143
2.9786209355152096
1.4882429278623022
1.0307083856059762
0.6533824153266323
0.2745941996363399
3.1350578858509834
1.6938899729357217
0.2692221954712295
5.231045229545998
13.960750093548995
0.18086505750761717
0.3840902537231159
0.26927105361392023
34.52482820234218
5.102143361753406
0.19221507458132692
3.636288541019894
2.2945457615824125
0.3276133744366234
3.174088640091213
0.31482442542983335
1.9285567403603636
7.015087448697159
0.2456150408324902
5.78234076566514
0.08246550304829725
2.8235314576486417
22.365820470822655
1.0020299998832343
0.1766988712697639
12.561972647206858
0.14641348757140804
1.89536672876784
6.640110256143089
6.418756279032095
4.046233713255788
4.302103466849076
0.27281607071199687
0.0506716464406054
1.9251231440102856
1.9370509857362777
30.218105162941356
0.8514764396495593
0.03783460911290604
0.19349931329270476
24.93826478432311
2.3423228631691018
32.17139204039995
0.4345426914951531
3.017534182417876
0.18316981794123421
1.5027456761381472
9.74262543392615
0.11998056280208402
1.088430903666449
0.6621454386258847
1.5609429865362472
32.39888980038086
0.524518653350242
2.1599031972182274
1.6765913228373392
4.774312799389008
0.16126679617809714
22.861559247015975
9.095847387441609
2.7664824783460062
1.1992477060121018
1.64540912024313
0.28126354818959953
0.6506590813114599
0.2880470618511026
0.8561804304190446
0.318564507051633
0.054850323242135346
1.7038924828339077
7.356750307732
0.24192571343519376
6.695599806324026
0.838973533729586
0.26727889465837507
9.398377453278954
0.044713425580994226
16.8816834401332
88.43129813802807
0.5560229742150113
13.171116136407363
0.10828223026328487
1.6696636433298409
8.440833411183121
0.061945428784383694
0.33300746623353916
0.9510577980945527
0.2026258970145136
0.8636523613859026
0.07413356819597539
0.4473926337195735
4.860046238252835
1.2196352863938955
2.187533172465919
0.056797592995280866
10.612340715979371
2.8963678858344792
9.637581834231241
1.553001514497737
0.1951322961540427
4.753725689981366
0.02130578155265539
8.304645800926664
36.866229568862764
0.4845978059202025
5.233903909822402
0.0682620064690127
1.224487010134908
10.044861304180813
0.8742172518650477
0.21446812934664194
0.08605942263966426
1.0367059918571613
0.15791372516468982
0.7934815770713612
0.49464999883275595
13.947171017513028
3.412206888784567
2.672295995445893
0.34955447441825527
7.285850466992997
1.9032272284202918
1.2164393383354764
0.4030780988432525
2.2974231447842612
0.36491624339760165
11.697168081387645
1.862744275433215
0.1262976719845028
1.6218997530850174
2.4957950029638596
2.028055845421477
36.76818908294081
0.15483438559022034
25.02655703851633
0.23255508782312972
0.024908148512622574
2.51014622382354
0.6107105909140955
0.5598008147680957
5.576910001771466
1.1393959065899253
3.2597388528083684
0.505636308760586
0.28255111978796776
3.974155815627455
0.4620819716255937
0.2238953442320053
0.003289449476142181
0.518264578669914
0.17537005072517786
3.0823215138989326
0.9141993128941976
0.144628890833701
0.4632652467189473
1.8441746866883477
1.964997610251885
2.1772822756865935
33.573607194011856
39.216020757547085
25.33368302929739
0.25185855414383695
0.059166882190766046
14.595556451400626
14.7151934795329
1.0788638682970486
0.8678493408224313
0.031776878338860115
0.42681470502429875
3.0940372351069527
0.2830975248834875
11.95174460621638
1.4752414610265987
1.8902412820862082
0.675933614897076
2.667743885795062
9.36875056212375
0.10684995282645104
1.272226003355172
0.29168831344577484
0.23500795027575805
0.43317026256772806
1.2016239441363723
0.25129640668455977
0.07076461144242785
4.669798738490499
0.5444665887516749
0.8619343492064218
0.48080820078757824
0.07100232055745437
26.42362541803959
0.666692137496284
0.8231634885378298
1.1447835550243326
0.8871737551853585
1.1056358738060226
1.1024379979862715
0.6214176421999582
0.3064663384320738
20.05390761367744
30.79487136553871
1.8344361059571384
0.09522790576738771
7.8253834269344225
0.13486112180544296
12.663972132257186
28.6382240493258
0.2009312212576333
0.9259624813166738
0.7842451798387629
0.533639292269072
0.25996376480179606
0.778937719118403
42.5611025658618
0.3935797593439929
2.4300338149150775
0.02702306560240686
0.6886514349498611
0.03922620350931538
9.494146594341146
46.58789622213226
40.90709590306142
1.938551677911164
0.15493645316382754
4.499175109685893
4.393069930807542
2.2865166509654955
0.10827676439657807
0.9376973344078579
5.931968488759594
7.03670704707838
18.69095033182748
14.82876438787207
8.007223779171909
0.25701076322366134
0.361350162565941
0.26872623830786324
6.825754255143693
0.6170266847038874
12.832587348108063
0.07818367706204299
2.149949416900199
0.3607423506255145
0.5776079746647156
2.6052899651513144
3.491462430876709
2.9835398033173988
0.29680806033866247
12.870617995151406
0.29460440607726923
0.007514626151532866
0.26348364900331944
0.9035361190944968
98.77405298492158
1.2923117507889401
8.136809951185569
0.09860718326308415
1.4634721399233968
0.3562097766516672
1.1615080615629267
0.6661173768989102
1.340963418206229
1.724977912261238
1.1106951998153818
0.417073410753801
1.6965744398767129
6.496071827958076
0.6398526771044999
0.21829907059509424
3.154624910926941
0.3518437141246977
7.479302456918958
72.87920678850423
0.730172873565607
0.8860231384605868
1.2035410767239227
0.03516653193219099
2.70818078967568
2.8447713463174296
0.4171663043416629
5.314870061010879
2.56409129038002
7.431763134056382
0.06112557474989444
0.3307425030252489
46.15899056852504
1.4883603013258835
6.584033969891607
7.700843924358196
5.9873861032610876
3.191278237161896
36.47177952199854
1.345886256553058
0.8560421549300372
0.7261261053681665
1.6421316565974848
1.8203998088065418
6.847260514190566
19.701850717810885
25.53082041439484
1.1956309584675182
0.7409910087408207
0.7199939031561371
3.3849451492314984
0.08905452525868895
1.6398217630921863
29.789479890023358
9.21773494910667
1.3115177758336358
2.083102813016012
17.397010617874912
0.05774523481159122
3.4369796389910334
0.3348880877274496
0.2640656606236007
0.30696397727297153
0.1442284177392139
30.069868976657744
30.828300829958607
1.715297655773611
0.3489231215789914
0.3889983887602284
0.22537079255198478
0.0027216249145567417
1.068558513696189
0.5707613370359468
0.18028542682804982
0.09374254963040585
2.644751347364945
1.0273034588972223
0.6708149145306379
0.8720362593194295
0.032519706121092895
0.2963504084509623
0.6785583260425483
0.15201074922879343
1.2084854439708579
4.155183422051778
0.8148418127566401
0.12012854904241976
1.2248854865938483
77.74741707873545
0.313731614191056
0.2720824848947814
0.21940855020147865
0.09901560189609881
63.01148695289885
3.065663037359627
0.0754686242871685
7.178015072579001
0.706561001996306
4.610427130784956
1.4519223048409913
1.7806625279590662
0.1684331769538403
28.60705386858899
0.14537931837912765
0.09033656471365248
3.049706515914295
0.0024619673167762812
0.7990329992244369
40.845009525932255
0.42256553611150593
7.995378855866875
0.5426437543574139
4.661362247403304
1.7935711244754202
0.1871254296383995
0.2512388244504109
0.6405592364280892
0.32167323373869294
1.0674547034068382
1.4196501203659864
0.11736393873070483
14.563494135974906
22.720474355704937
0.1962000429884938
0.1581253678232315
0.27193620943580754
1.684306883267709
2.9805433465407987
1.904111469953932
0.027208380841329927
14.460198732314893
0.9512429340466042
0.9417806262354134
0.26987866111812764
1.2718334950295684
0.0499995667123585
0.8715962172864238
17.172551259551255
2.707140261441964
0.047525257934466936
1.7803194673797407
3.00094022652047
9.266395321414166
1.4703013409998675
0.07355060571353533
0.8232505763808149
2.9653855384931376
6.472759925258288
0.6616574591753306
1.4749595959365251
0.20429936880100286
0.06154429929665639
2.464037713176367
0.04843219806571142
4.32857927987061
0.5311379372651572
0.746202191690827
0.25539971989564947
0.16548639682514477
3.6405721473129233
67.74616750042333
0.31966325016037445
1.9625001883141522
18.52790492209533
0.1943540347092494
9.235323890163272
0.5313095204983256
4.167372755691758
15.509132227904047
1.7940644738009723
1.7878090849153523
0.3637907286101836
3.737090196882491
9.350743243398028
3.7828814537788276
0.1911435478250496
2.4652790956060926
0.06410916977984016
5.082346389357554
0.08793721190886572
2.6913388001448766
0.035086553238215856
18.58801984776801
3.5672376695802086
0.12748773827479454
0.9862615022757382
27.51644364173262
0.23378273162597907
0.25459776744173723
8.83888438964641
76.30632598722877
0.39669708878864185
0.4687419400943327
2.117922513294616
66.6971032591573
0.1264932251033315
2.512142746370955
3.223823669464764
0.12230412493954645
5.5657151124942175
0.9009352505381685
0.06106754458232899
3.139920885787433
0.6245760480305762
27.497229119100666
2.0797663686898886
3.7185171767159773
0.8373674489012046
1.8306850417211535
23.564427074008563
48.71377974215284
0.8642467708777986
1.469699456149101
0.11949756095782504
54.62021675087817
0.8726506410093862
4.615355385798466
2.5690385433372285
2.7473623526311712
2.385683075470297
26.616086280930176
3.1130955721309874
1.342552139009058
23.336211861409538
12.471006374518765
18.865929077364854
1.4471319841395598
1.20895796197874
0.054888831880816724
0.013395274098002119
0.23171079760868452
6.09530001431267
19.411726741935126
1.1649714002887777
0.16810670867198496
1.9971232913412678
0.3322089334978955
0.28388351828834857
0.6323480726205162
1.17891100882116
0.45107603770520655
51.78339438384501
77.34539994044098
0.177513916441967
4.5904059310487355
0.06456076882750494
25.57490483788206
0.8723182426547282
11.113396956821816
0.2304387964613852
0.45793470514036017
0.8499759374208224
0.09768081566653564
0.11602260330982972
2.289020853866532
2.3220867189229466
1.036756076511665
2.684328874129278
23.008627627423266
1.8527701408893336
0.45019408721782384
0.504478874765482
1.1902302643175062
0.921076905739028
2.9976731219176145
3.7401860620229854
1.9958475231433113
0.005493303597177146
3.3463319121401582
6.071157011232572
5.2429351780847355
0.039436388105968945
2.0254802443923836
10.648790380128048
0.1596015729555802
0.33922721385533805
2.867189686257916
1.3342526169144548
32.252599555846245
0.8523189319057565
0.6608358897210564
2.2553969623113517
59.74774844975036
0.17950019856289146
0.171484657585097
0.07428087418156792
0.16743753364062286
0.11812727746291785
0.6005129936238518
0.27546857887500664
66.37832533028268
5.602809560750757
0.4093265484480071
100.4307435176197
7.663269472301181
4.099840868355386
0.2803778535526362
0.09408752342278603
0.8670399349139188
0.038271375098702265
3.056471962503565
0.12232247629799531
0.05613780191561091
0.25751454519922845
0.30532074048460345
0.8531567802892823
0.7054351861697796
2.0468892573626363
33.53933630589381
0.6871274839140824
0.307259912162408
1.6471190340453177
1.0609814222480054
0.011443073381087743
0.3969132229722163
9.113879762229772
0.9766347847871657
0.4610274294500414
6.107320004848589
7.624664584884158
0.948685357485374
0.6563954184057366
0.5517581047679414
0.09147105740339612
0.41499736507830676
27.4627073681404
6.083979699447809
204.8400416651457
0.17497597943656729
0.012219901913340436
0.938133891504549
0.41220909097319236
1.9114698309567757
3.2139236235852877
1.201648284732073
0.30550362519716145
7.321999682149908
3.7354161933508294
0.10063222537792171
6.8055787732264434
0.7438932626428141
1.5117749652308703
7.346298947286414
13.895716042348795
0.04052608512938605
0.1816914028240717
4.529540494419052
0.37367229763549403
22.317273419303092
3.0443350807981915
0.44473657731577987
0.2535278785690025
0.5523952275361808
0.10075288190637366
63.50930631830488
1.1848187272007635
6.15167495879723
0.4633878922359145
0.26679725099893403
20.00090441257271
2.75596279200181
0.6910241508012405
25.53979419172174
0.15154515538961277
0.3765903184466879
1.6231453391519608
0.03467957283282885
0.16407766472184449
0.6171449130706606
0.3807518616049492
29.580898518797767
11.627733134595474
0.6418623861209198
30.070186763379752
1.1220180821655958
0.6850208084761107
2.4781307948542235
0.8389208444023097
0.3604868857655674
6.804230173424003
0.8720493092841934
13.762482431535318
0.8959434775642876
8.361495360346453
0.2448895370180253
4.881248747682548
3.6202575937604706
0.3494588240100711
0.7150446989762713
16.81246207530421
1.4103333151542756
0.39895748775234097
4.055392248592398
0.09418108862519148
0.7689053511021484
1.225301399379532
2.5864413157651143
1.0126573270536028
3.8913890584590263
3.8486030221538385
1.6375797687942395
5.508859289675456
0.20084016874534427
11.825548839162366
127.29395244718035
0.06596650663777837
0.2605776240998239
0.2942549582803622
7.502255708270241
6.257807352787495
0.46083030229783617
0.1583504176705901
0.3515264939996996
2.3232165142726444
0.6083482157591789
6.346443543192436
31.937559854315623
0.23843505409240606
6.5538822052003525
0.05520088113917154
0.05316805007169023
5.163833839320432
1.0696764276217436
0.00852051428591949
4.265766909655213
0.04606607478490332
22.53535750401352
2.7396063165942905
0.7367780526328715
0.12727506710143643
0.5401785730500706
1.0863158363572438
0.03492987001664005
5.991493261870346
0.14027935550620896
3.841580117084959
1.5564077626622748
1.7092538684300962
0.10284078105178196
0.26078368670641794
0.28890524301459664
0.40766991662894725
1.7051401960743533
0.2780639509182947
0.03723278140023467
54.78461488585526
0.7647556719493878
27.64391706331662
12.447818140215531
0.12877543925424106
11.414157220566267
0.09426472241466399
1.3618621471978258
4.574613052631321
0.11933913308894262
0.6329692887193232
19.15937778353691
0.3780679615701956
109.26605308415674
0.05563512281514704
0.4012781232049747
1.2973454583807325
0.6326709087807103
5.860581711134728
3.1892759674337867
1.8587580363710003
3.7768615469649376
2.5856493194769428
0.22525316414612462
0.3140948726759234
0.7027962749161816
0.5907136985879333
0.5569856844449532
8.246276666381164
0.03695635645999573
3.4658069929719204
0.2370314146282908
42.32789606602455
0.7595588006843172
2.641015279939893
0.991476304421667
3.453166635841626
0.13186016253894195
0.1303565984708257
3.3329617934214184
0.04048481450081454
1.693387863371754
0.9914571405679453
11.671139430029143
0.8474866152027971
0.7481519870452757
1.2011138640518766
0.4153316475676547
1.9196979386324529
16.694423664823262
0.30012167019594926
0.9856417618575506
1.7119676854126737
0.18512678817569395
16.067558251677838
5.237115083775279
0.05565084912450402
8.043272393264488
1.8531847035301325
0.36737246969278203
0.6211622086120769
0.06125686263112584
2.8827496660742327
8.673106964346516
0.3691140223418188
2.0343283116562816
1.4143016214729869
7.387099488427339
0.799870063256094
1.225794712016068
1.1631202828612004
1.7788791211278294
0.037010173760791076
0.48640547940522083
52.999049962716526
84.95408727934046
1.240378909111314
6.370473387371021
16.81024105627148
4.409273037057574
2.0673900008732744
6.180489065627626
17.22811219587311
0.16043195032762014
0.46929125741735334
1.5198667258264322
0.35574483829623205
1.8110574658021505
0.03958343738486292
0.6801005735869694
0.6821442471155024
6.493959828199877
0.6558813092960918
2.1050641636829823
1.0910219585530285
40.694753789030074
6.425182964670967
8.60126468949602
0.2090435528443777
3.58495725913599
1.237560111330822
20.976753850325622
0.87959924599636
0.017217249875102425
0.07779818960261764
1.5182762226468185
0.6804257305338979
1.0276513077114942
0.15876584891884704
0.9796765452992986
6.68291307715117
1.1576899731735466
1.084861951381754
0.11287616790286847
0.6411263967202103
0.6810261198370426
13.372673714788107
3.529931637021946
83.08821584396355
0.08985610644958797
3.182842534926749
4.543830715756485
10.798630307919666
3.2738035285728984
5.031345064944617
0.1252748831284407
9.54456405176461
0.6460277572878113
2.9477796556930116
22.494808731957164
0.5755521488645172
2.599570223937917
2.987195184246957
0.6971310375229223
9.933418778313353
14.399720013923798
1.170367721177172
0.3579034837857762
0.7139530261192704
11.043087448499136
0.3341201544862997
12.296223768455093
0.0661918006844644
0.4187216761347372
6.8856230047676945
0.2187760281158262
2.2403031356370775
2.862705684849061
3.1067489182023564
2.207401471408957
2.8530689858780534
0.2649727102179895
23.78427110296252
0.23049198848457308
0.040700694185943576
2.635140322636289
0.19442802705816575
16.599730159312458
1.144657537159219
15.995681258216791
20.936962642965227
0.7644399102646275
0.09477039086050354
11.924300339316687
0.01962189280675375
0.3146941408813291
39.11819036851375
0.08744932585614151
0.3867727420074516
0.4598515021716594
0.30670403705880744
1.037864789213927
0.7986837693351845
2.6138105247773638
0.24629073703181348
2.4712566573070944
15.68917144077568
0.1718945538486878
1.259615726343327
1.567200951911218
2.2571781354999985
0.521296927901858
0.12370959443069296
0.2091309688948968
0.889772133614315
2.265447195415618
1.6131113304800238
0.09726347994364914
1.3892982858233154
0.2217340218303434
0.04221712356957141
0.25123956012976123
27.894544833121472
0.518883996821387
17.979061156860553
2.2807538044071407
0.1621516544073529
0.37697350806411123
0.014476536714937538
0.05029408853806672
0.11824173622153467
0.9378540013531165
0.5352539260966296
0.5240910391839861
1.4756282479138463
0.15378376839362318
0.16664568186024553
2.3481854534293234
0.4763953874062281
0.24862332159318612
0.1553396236813569
0.5410739896833547
0.6194125115325733
3.06008806814134
3.284512102873123
41.61265386976811
0.6081905235987506
6.141335252796125
9.294090124803915
0.2545223043198348
0.01758422543935012
0.13831355103320675
0.11537877966839005
0.4241684181833989
0.27536471968051046
0.18671937267208705
0.9635434616357088
0.2360565995259094
0.30926679769254406
9.755115933970956
18.794024421578797
0.1300128684597439
1.1881590842094738
0.7741788144994644
0.24169736513795215
1.1013344897146453
2.337743811909604
2.686730089797493
37.22168073235662
0.5750443204451585
4.533804911006882
1.2401028576023236
0.3408107430295786
75.41993393683879
0.5537757714591862
19.795052900157316
1.3707223663041077
2.5874943181624985
12.330200312368106
0.1987005121045513
1.701649035083392
0.3826046608846809
15.40669135889766
2.0229666076738795
3.5278824230117607
7.593893416211358
0.5901169922908593
1.0244148115707503
0.13644186805322533
0.3495416487203329
2.119598339912045
2.66907577359234
0.2622401164881012
0.20821356403030222
1.1419721583624778
0.817853923272196
0.19322045556327794
0.04746858633006923
0.1359106056552264
4.247420306557615
0.9514655297352874
0.0718512856583402
2.38195453341541
1.2866819099544955
5.070112542100105
0.015473200757696759
0.4164989247074118
0.040781236879411153
2.061963122756424
0.20058840658384725
14.43338974764265
1.067304484124179
12.689351021293987
0.3843410494446289
94.43872538249343
0.4386998575209873
1.602078901927598
0.6049826479902549
0.10598662637130474
0.44051283253065776
0.9573353514133487
0.29113110660546226
0.8428542008914519
5.295112507232261
20.47483972644477
0.5442479858502338
2.8958842014362745
0.19039169886309537
0.42592593174776994
1.5758109596863505
0.3030947911320254
0.9556332144566113
2.274606711402157
4.544325038568786
4.2735008303461655
0.5087424644661951
2.7407664845923136
0.6722203594690654
0.19867171523947036
0.26218280897228396
0.05939405305252876
0.02419034287231625
0.15321831505207228
0.33417036998434924
0.1111576943367254
18.425489809826104
0.25048782479643705
17.011037881795346
2.107969103515643
0.6953606129645777
1.359196448174771
0.031018126417620806
1.3406925315393892
29.275549332822266
0.5301568370596215
17.424398588223994
0.16607023906544782
1.0838590427265444
0.3690425675958977
9.495868110032461
2.4373076900010346
0.08480533181500505
1.727284323729691
0.3554758627869887
0.15959516069415258
3.9729107539715187
0.9804953908496827
3.1326809746860818
33.54799422394717
0.6083707132311247
0.010774776776088402
0.7251986134251638
0.15717510082322406
0.166712352540344
0.052956556050048675
2.9998674057715107
50.60259242578468
7.342294344169204
0.9339398633273959
11.690272870910121
0.8348961225783569
6.344746832492092
2.851929459226085
0.01226684528592159
3.630880577587959
1.4028630204375077
0.10923845955039724
4.085581354600436
0.7943531882374373
1.8943945466344303
20.84856489559388
4.624157258534979
9.506071005365811
0.6800879306247225
7.652786457751063
0.3576907654351089
0.47219818095254595
5.414333294764219
2.745966178696108
1.543942293526925
1.4454523110907758
1.1652595614978054
0.35953535979570006
2.9983148936116777
2.7850125886980095
0.055773888245312264
11.72323190658426
0.0845250835227489
20.37408096020954
0.8075821612765139
0.36917196675858577
19.62374268249914
1.001583723074873
0.048860935279662954
1.2019661047888803
0.6071065852520405
1.8874350879414123
0.1309984987747157
0.13564608302112902
0.611586911669292
3.413741592590668
17.449616640860768
0.11515678747673519
3.789427768693713
3.14361829959671
0.4956711386803363
0.13233870011390536
0.21923806890117703
0.9784566814487334
0.5765220299981593
0.3472250790982798
0.03567403087436105
0.11744226448354311
0.30983852336430573
0.2811079989223799
3.7705805208279344
1.2660395436105318
0.3884956164256437
0.5409667163185077
0.41450411854020786
0.24182097573429928
25.399983304781927
1.1066971765721973
0.013716824760194868
0.6055721958291542
0.4339968437307107
0.05125975991177256
7.146978994140227
0.3556212054209027
45.989767986506195
0.45958333363887505
0.008647730570373824
16.716168720780843
5.803736800407933
3.1935902518853254
0.05823601226802566
3.3709598060486314
2.0884937911396264
2.0356387111969525
4.41884301432583
17.447660172034375
9.390931206817186
0.1649221011030022
0.026349242969445186
0.8312449203622236
2.3834836367386742
0.4387851808241976
0.7147779129627452
5.586391676013591
24.157841799311427
52.751758435188094
16.738382129722595
0.24514530069427565
1.2504535840671451
1.0199150412627205
0.33703531966966693
0.6946767974986869
5.039915958048368
0.10736855884897523
0.31681597531496664
87.12442964341244
0.9969174920661317
0.7812599040771602
0.3343295006707194
0.7744585757609457
0.7569953262063791
0.9871725489283563
1.062794306759315
2.9284263794288563
0.4846764545800397
0.3137603453142219
3.1306378749322903
9.373602917581593
11.323830273857311
0.0962318996535032
1.4037154951292905
0.940131176081195
3.247569469094742
0.4918869579414604
0.8118079283594852
0.4046045859613514
17.15905868876507
50.23933800006489
37.78271758270057
2.5592454225225083
1.6580582365204464
0.8011010627669748
0.23126840446639108
6.825157753730309
43.653440046513424
0.5417596134648193
0.48292773601133376
1.7603418339058408
23.240189750122227
5.625825845498184
2.6105785407598887
7.732510392030235
1.0766073784943728
8.964513828021154
0.44007733339458355
0.36213798499375116
0.1932068161549978
9.352181612059212
33.400107355708315
0.3269279251435364
0.0963970731718291
0.4877325310953893
6.478077580759418
4.217228468674875
1.1087333492432663
0.2531856239438639
0.30996395239708363
2.154832084750524
2.800170598224213
1.4065192590096558
0.5809707726584747
0.06166207769638277
14.560265395328315
0.8499936534426524
29.19351560848372
4.860157860497566
0.2831071682048787
0.45313185465420247
0.6447022781685519
28.572174997822003
0.9174372145789675
0.4354485377698438
0.10667091895084013
0.23440197448871913
0.028748908385750838
0.5879033971723402
5.9080976390359865
0.09084935082864831
0.8278302834114584
0.02817989908362506
3.786872513996059
0.32824705088569317
15.208514646757976
2.234616153225943
12.169588096050575
48.965174521395966
1.3733927662287897
7.540493298383808
5.213299670613196
2.1487899066560203
0.05099548432554002
0.5486630270133901
5.875860783660755
0.4494667557992216
6.972531667539442
0.35582935838829144
0.20500315568278893
11.179669500947057
1.1194263933066395
0.05564489746757317
60.849059744283295
2.8776094111672137
0.05393998027648195
1.3790532742314099
0.11369605834624963
0.4707661115571682
1.9102539416999207
2.801294738874276
0.3510753337141068
0.4797585470805643
0.4102152038976783
0.1880225452259765
1.2203476949071046
5.89350703189848
0.8535359362758754
0.31548966237460263
2.3025497377420834
3.1357636878747144
61.72543822354419
0.21981861543099512
3.2561608540127054
1.1923186667700065
0.6808858952572336
0.5786587679722288
5.725904993145377
0.01825451491822605
0.02798099134452059
23.273559629273223
0.6456280308957503
0.23422928260697518
18.2338100521265
0.6789797136370908
1.2499917602071946
0.1692807295039529
0.42165132883383194
51.9142728245497
1.157871941828489
0.12058752384109539
2.891696580903954
0.2724763007317961
20.69398829328202
30.234877092883835
10.03592557704178
0.13086009547987487
9.092768700247689
0.1576375326658308
3.387194889033708
11.4148000494788
0.7337589012349781
0.6931014912734099
1.2039954249157745
0.020079703910596436
32.486297880863276
6.324193488606397
0.16251353373081656
11.313721588780027
13.892779358775442
1.2189747395495942
0.7005408726654423
0.026449171906278934
1.4450543732236838
0.16960981526062824
1.1779193306902016
0.41414685708878096
1.054173842556338
0.8042491793967201
4.443060784378758
2.691746109052474
1.691269201299292
3.056967518168676
1.7502641938335728
5.4275471166365605
7.4242277203265985
1.0553666896485083
7.7918900904551265
14.276582356615108
3.2737549891935487
0.19245170226713526
1.6226848991573206
0.5817030630387308
1.8607646857453801
0.35738995070641977
0.22845804940516246
0.02794090041425079
0.27185348314378643
0.06355941580841318
0.0036230594778317027
17.28086838586023
0.13252037078564172
0.8279059483102174
6.375229277611652
0.022969968671532115
4.344625128542248
9.917946278605086
19.209909982899262
7.65480864183337
1.0398409325862303
8.871824547219148
58.55957588325691
0.05594681554066483
2.887588947349286
5.168981562204863
1.441079331558285
2.442856204645068
0.5368785114224011
1.2288688231492415
0.2559927808033535
0.05556952027109219
2.7795421707669448
0.4862283365910116
15.438426086959225
0.28156093351208256
1.2595831166254357
0.6372622272829176
0.7871921959631436
0.10007357906579273
69.97749855825168
4.5893035725312075
0.18425935589039
3.210369400028867
0.3186150696819823
0.30415381149214227
8.599501206383138
32.68274049615502
0.9712422058364609
24.689512829500018
1.1833692897780566
0.29006456553543103
0.30420139046691475
13.761487954554468
13.110400444322295
0.4323316953450558
0.4921330312390637
1.1042108710425964
0.015095908685907489
0.08705567879587761
2.6817811910768796
0.3111645170611155
3.0290883793932153
28.101675930160127
3.5982073581253644
1.2071739011043974
8.81226994584722
2.9868583032875904
0.4844874919144786
0.13297762829097337
114.58803754392284
5.1209432876930805
2.6904853346713935
1.2712295143355732
0.10565082542962045
0.20355046364784357
0.6405289372632978
1.5548355039099988
0.09637157506949734
3.493017272594443
0.2946020909912477
2.22170097678827
0.6110751745509333
0.17164744849287672
0.6167997275369999
8.056585819853353
1.2391979772219202
2.4202516310324427
66.49655364795035
5.361204437707784
5.09883710912618
0.3891234804323176
9.568943267204304
0.051574699817138026
2.7376242766731593
4.135817030313774
0.2772977925342275
13.834801362852886
1.1657964345577057
44.32583287169473
0.9124802563710546
0.2517076423682738
1.9057779247050348
11.966950280733727
0.8306623751850566
0.6641582213051151
0.42900062910848646
0.4628251001777244
1.2836289992374077
33.948287298422656
8.534207513981528
0.11455814286455279
0.25649537064600736
0.25401029181375634
0.9649139708853909
0.6919119222147856
3.962019044243789
4.00392936782373
2.4042007997850305
0.8216786677730852
0.5628885761034326
0.08245927472307812
6.096514285727608
0.21129546439624391
4.5459797799776425
0.9048021351991338
19.719743719851976
2.161083101611439
2.963992781318666
0.1761507227747643
2.0741899400527473
4.643947901331558
7.523503967800934
1.870139338181616
0.5275260669295676
28.725637996984005
0.07349516309477622
4.852907119544398
0.04444605799290002
6.178720086245448
10.859002981407684
6.340145263638988
1.8202518289581349
109.7044331371726
0.4497427607966529
0.17372766618063906
5.381202680480783
49.32670911083187
20.61609275482624
0.21089853344165022
2.9183217621066433
1.0125849449286761
2.652326806608471
0.47563993423682405
5.457046520230506
0.6566717690475343
5.439642857250874
2.3227558692487946
0.04240064691839507
0.16286114477770752
3.754214183318254
0.43733290386444423
0.07689530774223385
8.068534583704604
0.47031323229748523
2.284368522323348
1.9977262798056472
8.353795272745629
0.002904075648984872
0.20211840281262994
0.7404132539195416
0.13319160901301075
0.3009848677102127
0.039227529989148024
0.05958177878710558
0.7000688225889462
0.9678712520872068
0.354846634909336
0.812341175358597
1.8958284525724594
0.327180766264064
0.23834889707359252
7.98275224297322
0.0049631295769358985
0.40105610299724503
0.6758664213957672
17.68126936221961
3.129198178565275
0.15135220457159448
1.1161840402019152
0.7361676145192178
0.1389670508178824
0.18486387215307332
0.19654258350419695
0.9993121976003749
0.6879933338641422
15.239276292362774
0.3220818755435175
3.0324665952357464
0.9577326268554316
0.7899373288855713
10.62328592868289
80.09009269196395
0.49058710308599984
0.4613384672520624
0.4330705651300377
0.04045677131944103
0.6205493464040046
2.4620247768907575
2.1518298939117813
4.216772654894157
0.29697543218935607
1.6786642575680162
0.05873276297279517
0.716469364673685
0.03355203329920187
2.585198159220454
1.3914114696272009
1.1656340023764642
4.374153973851207
12.871545197598607
1.6062392403728154
24.15490290650996
6.302642639238911
5.072728741961328
0.5554930477810558
5.142609628313949
0.349023373946693
48.29283521723846
1.2830316722938733
4.733745525198174
1.293204292345763
0.4183818326673645
0.49200834203656996
13.951124836730742
4.106231780282542
0.969730144697678
41.2048885068798
1.180315716050245
16.81284088969187
22.970037059385504
2.8145421396984602
0.23933479292463744
0.3203476416783815
4.3733536893669225
0.9941846957299276
0.5772876053561049
3.198562428038713
0.04836511699977564
27.00997495842239
5.767500819503766
0.1961445758024638
8.152131488302985
133.90772735187056
2.099313567203353
0.6093089568457799
1.9114281254842354
0.23380336048649042
7.040997487791174
0.12161726194244693
0.09806430272510624
0.8125452816275356
3.6237536893640936
2.248826047976763
0.3758475664544676
10.686231099109136
1.3910507471882738
0.13142250640157727
0.3428927924542222
0.3311020268520224
5.9322678815733525
54.37383537104688
8.438819303988566
51.958159592013544
43.03162123267248
0.20528420939444914
1.686525482829893
0.7693948445485148
0.08399390132035478
2.1407967233171803
0.6307285020047857
11.227149457601627
1.4430156696871563
0.14459315223211888
0.3908820697106421
0.2093079449259676
0.22747630639423733
2.9079058348324907
0.9254692778813478
0.6542143556616793
0.33635503604091355
2.7278904976992635
7.9812967332982225
4.365223562515894
5.802469371297775
6.214669036289706
2.6236089451122098
1.8889721705127158
0.25824383133658557
2.2583460341920727
0.6950971940350428
0.6371045371706714
0.4129899191248114
0.047899568096909206
4.361797632474918
8.055316855774436
0.7051537666993681
1.513654472080816
0.004461919885216048
7.877086546643113
0.32054734379198635
3.692756796532194
13.064310113622923
1.579445456598478
0.7566693918852252
0.17658875980851008
0.19778686439531157
11.568247700546635
1.9613894690410234
0.20764986723588663
7.84082894626772
0.2925921013702464
29.154114328393916
1.8167508380247455
0.8470077662568656
1.0332581608236069
0.6277072441589553
52.21138379580589
1.0589752393279923
26.471229163940734
0.8386323047998303
12.38638491644815
6.8412328376216465
0.15127139278774848
61.27269467704173
0.5812639245632454
0.4110928129084641
0.9557026398179005
0.17301261285319924
2.0946419636129576
0.42622009384649573
2.292849756151554
0.7512792915185855
0.7511121556490252
9.616051566641545
1.2245598444351344
0.5158399188367184
16.537835607923626
3.7642592020602024
4.87467394039777
0.4327029530359141
0.3516067723867309
1.0921083722278127
1.6512734375828586
0.5092782556239399
0.513241974007542
0.31040551932528615
2.22994521664441
20.170895142509835
2.5346538559278997
0.5721389369064127
1.2529874396350351
0.3037137600731512
6.789248014410987
0.18820175903238123
2.071386247775081
1.361313706063811
0.039971333633729955
0.1111410394514678
0.17617764018723392
8.37448629699793
14.724221588196087
0.20177420420804992
0.10119769432276371
0.08148172392247943
4.270482483512751
0.8156210784181894
1.859965596890106
42.996651971432584
3.1840530576228048
0.03010116336372448
2.7671508190724126
0.8094260360267072
7.721640637384553
4.003198385998985
0.28420330659355386
5.3533349963254295
0.5969237344470457
12.345861791232892
1.2007188294846856
4.41176297839047
5.711842186363356
0.09243045010589412
0.9843798478686949
7.214801916605211
0.150649008101027
41.841351879720605
2.6308840992751357
0.3063055033744604
0.25499092744939844
0.10232082142829313
2.146973699251248
10.379381100905448
0.6307886810172931
1.198913259580877
0.5847419257224828
0.0760896462124947
4.935556254269613
27.093606074609852
0.12300522808800451
22.93922823761386
0.19990495958700194
1.8052500332632917
2.8702894116431708
30.019125032053125
0.056249910023325356
0.31284689917083597
4.391352840644686
0.1698246371197456
0.05863320576099795
0.2019296750331705
0.7238949418861012
2.450365770713688
0.09121737151144771
3.5930321331106825
11.777494972873683
9.335172297785903
15.429683689599187
9.779108543585608
0.244027425225795
4.785992947585328
1.069833749501413
3.48768940206719
148.90946682340655
6.304976474501018
17.554299341965816
1.7398499523842474
5.121072795223881
0.055564946684171446
102.20416802589898
11.714982605550176
0.53959415702775
0.3127013240045926
0.5138793472469843
0.5621751364560623
1.0946899848313478
7.105561913667771
0.08640858231956372
0.27558384486474097
0.660271768047096
0.14413961108584772
2.209387441023864
0.3753816223288595
14.683771425105078
0.09067777799646137
0.46566542609070893
36.72913969417277
6.218604972651519
14.683229931288224
22.226605281270167
0.04720925892615924
4.782928945667663
46.87172879418722
7.235938528006955
9.744819357470988
0.190774271486589
0.1922265787361539
3.8523783938107954
0.04222358293554862
0.06418461435168865
0.2645192192721879
1.1340088519609708
1.159953133246745
4.837797440530267
0.4208095110152499
11.977765947489388
0.257955006461998
0.28188187859996106
0.22498922437807778
0.07930061802471755
0.0768077842258208
3.819288158305426
0.8479812006444263
76.56977751559316
18.184298827331077
10.340504126077576
0.8992382307551452
11.533415760277421
7.098149093682878
28.367356988248503
18.279255396413646
0.02401437460866873
4.610665667136345
0.17678555627571768
26.740706802418572
3.931670305417356
0.6575502103441977
17.072005015936156
3.2442699288258154
0.4080248126119841
0.1179677009677107
11.11468265293297
0.33442970059695654
4.891184686213819
0.8285560101212468
0.6457051213910745
1.0453536978784541
0.7001771275754436
131.61972805908226
20.409774185656715
76.88722033282829
0.7816439401103707
0.15484505693530082
